 2.24644234e+05
 4.40257937e+05
 6.22148783e+05
 8.58360337e+05
 1.10733123e+06
 1.31761794e+06
 1.53835724e+06
 1.82196344e+06
 2.06535855e+06
 2.34150778e+06
 2.81505288e+06
 3.09842100e+06
 3.12926410e+06
 3.23703003e+06
 3.39714160e+06
 3.82501556e+06
 4.22028875e+06
 4.59554445e+06
 4.78609906e+06
 5.62361289e+06
 6.92877566e+06
 6.96958697e+06
 6.45290343e+06
 6.03639924e+06
 6.08195256e+06
 6.30390712e+06
 6.76754653e+06
 7.04943419e+06
 7.12395309e+06
 7.38702008e+06
 7.73629707e+06
 7.74895821e+06
 8.32392015e+06
 8.86364264e+06
 8.69199900e+06
 8.59946349e+06
 8.69534728e+06
 9.08833329e+06
 9.05482272e+06
 9.05501660e+06
 9.47602935e+06
 1.01532349e+07
 1.07284174e+07
 1.11823054e+07
 1.08393238e+07
 1.06012723e+07
 1.08810385e+07
 1.07526054e+07
 1.04608885e+07
 1.07930075e+07
 1.10698738e+07
 1.16272181e+07
 1.23437854e+07
 1.18977883e+07
 1.11515478e+07
 1.17560251e+07
 1.24150169e+07
 1.24767212e+07
 1.26073693e+07
 1.27093614e+07
 1.25719400e+07
 1.26085217e+07
 1.32988172e+07
 1.26751310e+07
 1.29445162e+07
 1.42533325e+07
 1.46099009e+07
 1.41540718e+07
 1.39098216e+07
 1.42452647e+07
 1.45121186e+07
 1.46725291e+07
 1.49690877e+07
 1.46421282e+07
 1.46464960e+07
 1.50309378e+07
 1.57167664e+07
 1.59649326e+07
 1.55345818e+07
 1.55798214e+07
 1.63138887e+07
 1.76151488e+07
 2.10596219e+07
 2.56360879e+07
 3.28013262e+07
 7.03511042e+07
 1.27670844e+08
 1.13646258e+08
 1.14937696e+08
 1.36966696e+08
 1.00835597e+08
 6.42037355e+07
 3.72439237e+07
 2.22331155e+07
 1.89974839e+07
 1.82365929e+07
 1.87087261e+07
 1.95613376e+07
 2.00783010e+07
 1.94620939e+07
 1.88802960e+07
 1.93769528e+07
 1.91964304e+07
 1.94318683e+07
 2.05953198e+07
 2.11486742e+07
 2.21798781e+07
 2.25994175e+07
 2.20850381e+07
 2.19059717e+07
 2.22787616e+07
 2.27344440e+07
 2.22301828e+07
 2.22007561e+07
 2.35916921e+07
 2.37529537e+07
 2.34015103e+07
 2.30801416e+07
 2.43221448e+07
 3.06079781e+07
 3.69945087e+07
 4.07389904e+07
 4.40508293e+07
 3.51859473e+07
 2.71741625e+07
 2.70841574e+07
 2.91707195e+07
 3.11423989e+07
 2.94327256e+07
 2.84238457e+07
 2.93703755e+07
 2.93569469e+07
 3.08807154e+07
 3.28351723e+07
 3.37261730e+07
 3.44009969e+07
 3.30484819e+07
 3.24869465e+07
 3.17499809e+07
 3.07012164e+07
 3.04540858e+07
 3.06558744e+07
 3.09143656e+07
 3.31272765e+07
 3.25529394e+07
 3.06037068e+07
 3.26841734e+07
 3.37972126e+07
 3.35973063e+07
 3.30942973e+07
 3.24591350e+07
 3.28928637e+07
 3.35774467e+07
 3.57334634e+07
 3.89031060e+07
 4.19541934e+07
 4.30773188e+07
 4.14480729e+07
 4.31859680e+07
 4.33275174e+07
 3.87496710e+07
 3.83491276e+07
 4.10796222e+07
 4.01495845e+07
 3.85850932e+07
 3.68249450e+07
 3.63788470e+07
 3.76478508e+07
 3.73952197e+07
 3.47837811e+07
 3.34520302e+07
 3.34621118e+07
 3.30650770e+07
 3.33327579e+07
 3.28290728e+07
 3.27440076e+07
 3.38291459e+07
 3.33992256e+07
 3.32558504e+07
 3.37820648e+07
 3.42681708e+07
 3.46244134e+07
 3.54944799e+07
 3.44053727e+07
 3.18917897e+07
 3.29472258e+07
 3.57640144e+07
 3.47585199e+07
 3.66913764e+07
 4.54521673e+07
 4.79880565e+07
 4.87528316e+07
 4.93463175e+07
 5.04542803e+07
 5.55174800e+07
 5.27047884e+07
 4.40209185e+07
 3.91432559e+07
 3.72351224e+07
 3.59772592e+07
 3.47930509e+07
 3.36624884e+07
 3.67865706e+07
 3.99320730e+07
 3.61446478e+07
 3.36942513e+07
 3.26555810e+07
 3.38882301e+07
 3.64947461e+07
 3.62661845e+07
 3.70991162e+07
 3.63760476e+07
 3.62374655e+07
 3.65250276e+07
 3.50278780e+07
 3.30314557e+07
 3.17711044e+07
 3.11908846e+07
 3.30608453e+07
 3.73242564e+07
 3.78233005e+07
 3.46113702e+07
 3.18397296e+07
 3.21522388e+07
 3.36003987e+07
 3.52914147e+07
 3.36887751e+07
 3.36118912e+07
 3.72728270e+07
 3.91186137e+07
 3.71763176e+07
 3.37707857e+07
 3.48905562e+07
 3.74426552e+07
 3.94927573e+07
 3.70903069e+07
 3.64834250e+07
 3.68657491e+07
 3.53787805e+07
 3.89273705e+07
 3.69879056e+07
 3.53473574e+07
 3.74323203e+07
 3.95575337e+07
 3.83093137e+07
 3.92258460e+07
 3.96125764e+07
 3.95445610e+07
 4.23773082e+07
 3.87411926e+07
 4.15724536e+07
 4.38562457e+07
 4.41099105e+07
 4.63711669e+07
 4.36569253e+07
 4.45401427e+07
 4.74835783e+07
 4.90262547e+07
 4.50928280e+07
 4.26068831e+07
 4.01555565e+07
 3.97104821e+07
 4.32173727e+07
 4.14959093e+07
 4.21449940e+07
 4.91677715e+07
 6.05771631e+07
 6.52726503e+07
 6.07082247e+07
 6.15258778e+07
 7.68001667e+07
 8.18202109e+07
 7.79566508e+07
 7.07847862e+07
 6.91704988e+07
 7.40962363e+07
 6.46346950e+07
 6.05939969e+07
 5.59999826e+07
 5.15395481e+07
 5.40490164e+07
 5.45669255e+07
 5.20434080e+07
 5.08506547e+07
 5.20861192e+07
 5.36960211e+07
 5.29001506e+07
 5.43959358e+07
 5.51278127e+07
 5.24287960e+07
 5.27550263e+07
 5.67482781e+07
 6.05252287e+07
 6.03274745e+07
 6.16579139e+07
 6.16250850e+07
 6.33317194e+07
 6.49501437e+07
 6.23783759e+07
 6.21703290e+07
 6.27230895e+07
 6.42153400e+07
 6.67533835e+07
 6.50283994e+07
 5.93373500e+07
 5.94495505e+07
 6.38211119e+07
 6.99802618e+07
 7.06451226e+07
 6.53558200e+07
 6.65705025e+07
 6.69075189e+07
 6.84642027e+07
 6.95581087e+07
 6.75347926e+07
 6.75154261e+07
 6.62329512e+07
 6.81774707e+07
 7.36891220e+07
 7.78326131e+07
 7.88706850e+07
 7.95363028e+07
 7.73768436e+07
 7.84968914e+07
 7.54032008e+07
 7.25308879e+07
 7.47226270e+07
 7.59061927e+07
 7.65946191e+07
 7.87254770e+07
 7.94380115e+07
 7.30360814e+07
 7.42407987e+07
 7.78294373e+07
 7.36277051e+07
 7.11434248e+07
 7.48211598e+07
 7.33179444e+07
 7.13333031e+07
 7.46226400e+07
 7.46698258e+07
 7.46648045e+07
 7.54367595e+07
 7.84958009e+07
 7.90143843e+07
 8.49693426e+07
 8.26755822e+07
 7.45119536e+07
 7.57828718e+07
 7.88701403e+07
 8.32243905e+07
 8.17118643e+07
 8.09125915e+07
 8.23841431e+07
 8.43272002e+07
 8.27157666e+07
 7.99292044e+07
 7.91989247e+07
 8.09896816e+07
 8.51406064e+07
 8.66643404e+07
 8.27829333e+07
 8.27061629e+07
 8.96048771e+07
 8.65809102e+07
 8.16224067e+07
 8.32325889e+07
 8.09979816e+07
 8.01773657e+07
 8.20023295e+07
 8.16953663e+07
 8.27304743e+07
 8.34892319e+07
 8.87753320e+07
 8.62881266e+07
 7.96171618e+07
 8.90346962e+07
 9.87890513e+07
 9.51382851e+07
 8.91248474e+07
 8.93386286e+07
 9.10074136e+07
 9.22383012e+07
 8.81744701e+07
 8.36703307e+07
 8.49174966e+07
 8.55302958e+07
 8.84585600e+07
 8.93834021e+07
 9.21660608e+07
 9.58478389e+07
 9.53653886e+07
 9.51374773e+07
 1.02530794e+08
 1.08481135e+08
 1.09006234e+08
 1.10343231e+08
 1.05132574e+08
 1.08674129e+08
 1.06859296e+08
 1.06315294e+08
 1.28403387e+08
 1.67322575e+08
 1.60964433e+08
 1.22857778e+08
 1.34020965e+08
 1.68128057e+08
 1.55957059e+08
 1.48548157e+08
 1.76614727e+08
 1.69974580e+08
 1.35530948e+08
 1.15210064e+08
 1.04818954e+08
 1.04180560e+08
 1.05713645e+08
 1.05335047e+08
 1.08921158e+08
 1.04075648e+08
 1.01902193e+08
 1.01091694e+08
 9.78914983e+07
 9.78299967e+07
 9.36907431e+07
 9.36092816e+07
 9.73058038e+07
 1.02531234e+08
 1.01875851e+08
 1.02419805e+08
 1.02847629e+08
 1.02329836e+08
 1.02378306e+08
 9.79740986e+07
 9.95662842e+07
 1.03922844e+08
 1.09095655e+08
 1.06304403e+08
 1.00309720e+08
 1.01328713e+08
 1.07701012e+08
 1.10129788e+08
 1.05946739e+08
 9.72899914e+07
 9.32709767e+07
 9.74367274e+07
 9.71173135e+07
 1.00223244e+08
 9.92060318e+07
 9.59633819e+07
 9.98552392e+07
 1.01096014e+08
 9.84679896e+07
 9.96446515e+07
 1.06932765e+08
 1.07712351e+08
 1.04188098e+08
 1.09943267e+08
 1.11408181e+08
 1.03744115e+08
 9.97029000e+07
 1.08605062e+08
 1.09544430e+08
 1.03521012e+08
 1.11574433e+08
 1.16117814e+08
 1.32596182e+08
 1.75130256e+08
 1.81756254e+08
 1.67230527e+08
 1.64869298e+08
 1.70475531e+08
 1.71862991e+08
 1.43780744e+08
 1.25492322e+08
 1.18640140e+08
 1.13931609e+08
 1.18646489e+08
 1.20687877e+08
 1.22031094e+08
 1.26612177e+08
 1.27344022e+08
 1.22625213e+08
 1.14098286e+08
 1.10656419e+08
 1.09212475e+08
 1.07426317e+08
 1.07449043e+08
 1.13786985e+08
 1.22399828e+08
 1.15018372e+08
 1.21157922e+08
 1.29221453e+08
 1.22748340e+08
 1.26181260e+08
 1.25161946e+08
 1.21268495e+08
 1.16606272e+08
 1.09848486e+08
 1.07241898e+08
 1.10263854e+08
 1.16466255e+08
 1.15681877e+08
 1.12467961e+08
 1.15901912e+08
 1.16319005e+08
 1.19704107e+08
 1.16564347e+08
 1.17090248e+08
 1.17374578e+08
 1.17374578e+08
 1.07764485e+08
 1.06812965e+08
 1.06015810e+08
 1.05078931e+08
 1.08183000e+08
 1.16198563e+08
 1.19410047e+08
 1.20720035e+08
 1.22128276e+08
 1.23694813e+08
 1.30342231e+08
 1.25636899e+08
 1.17990673e+08
 1.25163173e+08
 1.24337998e+08
 1.21626891e+08
 1.25502903e+08
 1.34671711e+08
 1.36583245e+08
 1.31709448e+08
 1.32780679e+08
 1.31659229e+08
 1.25390950e+08
 1.20110108e+08
 1.25138630e+08
 1.28145018e+08
 1.25011781e+08
 1.24697626e+08
 1.22423255e+08
 1.19665284e+08
 1.21442566e+08
 1.23643765e+08
 1.23132309e+08
 1.22679038e+08
 1.23955908e+08
 1.30696105e+08
 1.28634244e+08
 1.20046391e+08
 1.16987692e+08
 1.06986702e+08
 1.17982608e+08
 1.61140520e+08
 1.97464987e+08
 2.12654229e+08
 2.10647612e+08
 1.78417579e+08
 1.42304079e+08
 1.16063497e+08
 1.10451741e+08
 1.18344503e+08
 1.09024031e+08
 1.10559229e+08
 1.20134127e+08
 1.07630764e+08
 9.58749357e+07
 9.23788155e+07
 9.80930735e+07
 9.22152916e+07
 9.12570037e+07
 1.03831260e+08
 1.01879947e+08
 9.75097328e+07
 9.80631635e+07
 9.65078206e+07
 9.50206080e+07
 1.00547618e+08
 1.01677408e+08
 1.01152318e+08
 1.13090446e+08
 1.20496574e+08
 1.23943054e+08
 1.39594532e+08
 1.52059422e+08
 1.94158761e+08
 2.83726156e+08
 5.40680233e+08
 9.31923676e+08
 9.25030048e+08
 9.68262513e+08
 9.61898284e+08
 1.04607767e+09
 1.33044669e+09
 1.27711435e+09
 1.11316838e+09
 1.08715309e+09
 1.05759485e+09
 1.07212822e+09
 1.00571033e+09
 7.11046302e+08
 6.85049018e+08
 7.92947084e+08
 7.45187511e+08
 6.51907128e+08
 7.62789493e+08
 7.52700984e+08
 6.48244863e+08
 6.40847214e+08
 6.72153933e+08
 5.90992285e+08
 4.90448841e+08
 4.74246841e+08
 3.81956600e+08
 3.47874373e+08
 4.21919597e+08
 4.79000329e+08
 6.53793768e+08
 9.37658300e+08
 9.29923635e+08
 9.06043059e+08
 6.45727459e+08
 6.82572123e+08
 9.02498965e+08
 9.40467430e+08
 1.24548840e+09
 1.43957569e+09
 1.33391516e+09
 1.29873580e+09
 1.32712645e+09
 1.05828516e+09
 1.06805104e+09
 1.05288325e+09
 9.35766159e+08
 1.17666645e+09
 1.32781730e+09
 9.85421878e+08
 7.66487361e+08
 7.82684489e+08
 6.66603186e+08
 4.48071146e+08
 2.63830810e+08
 1.96880627e+08
 1.78969656e+08
 1.55807554e+08
 1.47320362e+08
 1.31291314e+08
 1.16173795e+08
 1.23588857e+08
 1.28454529e+08
 1.15882669e+08
 1.10607999e+08
 1.00659218e+08
 1.01279033e+08
 1.08638690e+08
 9.75323026e+07
 9.65631490e+07
 9.82592296e+07
 1.07853509e+08
 1.20474242e+08
 1.18974290e+08
 1.12592911e+08
 1.05043207e+08
 9.65659258e+07
 9.19134045e+07
 1.05010521e+08
 1.13785203e+08
 1.07037951e+08
 1.01950369e+08
 9.76874672e+07
 9.98361720e+07
 1.06080614e+08
 1.18054668e+08
 1.20928687e+08
 1.21667492e+08
 1.26858278e+08
 1.32514108e+08
 1.27058718e+08
 1.13486937e+08
 1.15794073e+08
 1.26714364e+08
 1.36982289e+08
 1.54526176e+08
 1.68553882e+08
 1.83516252e+08
 2.00821113e+08
 1.91224391e+08
 1.83094911e+08
 1.98384777e+08
 2.02460122e+08
 1.92074508e+08
 1.67301197e+08
 1.47376236e+08
 1.35037678e+08
 1.31820077e+08
 1.44612973e+08
 1.51343323e+08
 1.46786839e+08
 1.39030497e+08
 1.43196413e+08
 1.49229030e+08
 1.51625973e+08
 1.54132068e+08
 1.50179802e+08
 1.43096551e+08
 1.40070259e+08
 1.36163849e+08
 1.48756804e+08
 1.57395020e+08
 1.50004493e+08
 1.49629313e+08
 1.43922348e+08
 1.47414067e+08
 1.44194523e+08
 1.46001644e+08
 1.70909370e+08
 1.76592864e+08
 1.78188463e+08
 1.93190232e+08
 1.72420900e+08
 1.50450559e+08
 1.53637371e+08
 1.47332681e+08
 1.49107842e+08
 1.50418427e+08
 1.55668512e+08
 1.64474917e+08
 1.58123986e+08
 1.61211125e+08
 1.60210673e+08
 1.53174709e+08
 1.57972635e+08
 1.64352325e+08
 1.56375614e+08
 1.50543288e+08
 1.51270053e+08
 1.45761798e+08
 1.59453357e+08
 1.65814621e+08
 1.60033601e+08
 1.75076596e+08
 1.82563864e+08
 1.83781061e+08
 1.86074088e+08
 1.67290107e+08
 1.59020762e+08
 1.68941606e+08
 1.60073200e+08
 1.55453268e+08
 1.64770822e+08
 1.63779668e+08
 1.60523600e+08
 1.70418613e+08
 1.64738229e+08
 1.62095513e+08
 1.57596593e+08
 1.62862801e+08
 1.74379814e+08
 1.61610571e+08
 1.60192640e+08
 1.67345717e+08
 1.61244865e+08
 1.63025834e+08
 1.81437153e+08
 1.66953399e+08
 1.54975686e+08
 1.64714231e+08
 1.73739249e+08
 1.81411166e+08
 1.76453126e+08
 1.70841730e+08
 1.75532620e+08
 1.68663448e+08
 1.71113151e+08
 1.76094208e+08
 1.66995986e+08
 1.72451218e+08
 1.73830421e+08
 1.75180021e+08
 1.79408350e+08
 1.70647531e+08
 1.66861697e+08
 1.68971161e+08
 1.69187320e+08
 1.68314807e+08
 1.69971509e+08
 1.70698313e+08
 1.68027987e+08
 1.70503509e+08
 1.66192664e+08
 1.60680106e+08
 1.59188494e+08
 1.56985864e+08
 1.57473952e+08
 1.57092776e+08
 1.54064653e+08
 1.56945592e+08
 1.60433311e+08
 1.64452049e+08
 1.62998402e+08
 1.50046796e+08
 1.49750894e+08
 1.56607099e+08
 1.53515697e+08
 1.57214813e+08
 1.69485856e+08
 1.66139459e+08
 1.55744045e+08
 1.56765121e+08
 1.60911384e+08
 1.67657673e+08
 1.72170774e+08
 1.66953210e+08
 1.72357209e+08
 1.80369657e+08
 1.73339223e+08
 1.81522122e+08
 1.91717439e+08
 1.88709180e+08
 1.91039771e+08
 1.77972909e+08
 1.70248529e+08
 1.77260589e+08
 1.76579534e+08
 1.72134492e+08
 1.78358906e+08
 1.70655802e+08
 1.57996214e+08
 1.73648751e+08
 1.92573276e+08
 1.95442827e+08
 1.81110165e+08
 1.75414417e+08
 1.75746675e+08
 1.71715035e+08
 1.83539230e+08
 1.86787952e+08
 1.74891297e+08
 1.73665212e+08
 1.73792447e+08
 1.70902472e+08
 1.68602954e+08
 1.61950166e+08
 1.61100543e+08
 1.60402819e+08
 1.65663328e+08
 1.65744893e+08
 1.54972032e+08
 1.88523671e+08
 2.23397262e+08
 2.31413773e+08
 2.41546059e+08
 2.12427194e+08
 2.29942721e+08
 2.62741471e+08
 2.14307312e+08
 1.90039885e+08
 1.83802720e+08
 1.71418827e+08
 1.71500153e+08
 1.60128973e+08
 1.48584920e+08
 1.53808015e+08
 1.58629009e+08
 1.57320630e+08
 1.36423176e+08
 1.36141352e+08
 1.43117051e+08
 1.32492752e+08
 1.27553473e+08
 1.26879623e+08
 1.31217239e+08
 1.37495771e+08
 1.49068957e+08
 1.55555194e+08
 1.52961189e+08
 1.56234670e+08
 1.74692000e+08
 1.98183754e+08
 3.49995551e+08
 9.27163727e+08
 1.41922019e+09
 1.32844191e+09
 1.36155378e+09
 1.10847645e+09
 6.21501429e+08
 4.37252866e+08
 5.28107878e+08
 5.61968631e+08
 5.03385791e+08
 5.13912617e+08
 4.02417687e+08
 2.66541165e+08
 2.11714683e+08
 1.76618877e+08
 1.49769272e+08
 1.46052089e+08
 1.37623402e+08
 1.34764735e+08
 1.45498896e+08
 1.42574743e+08
 1.32319838e+08
 1.37374709e+08
 1.36769128e+08
 1.39305684e+08
 1.59495733e+08
 1.62677978e+08
 1.46321428e+08
 1.24849433e+08
 1.25998300e+08
 1.28689252e+08
 1.36181884e+08
 1.54951533e+08
 1.55192917e+08
 1.50019389e+08
 1.53257723e+08
 1.66378355e+08
 1.71779275e+08
 1.71452645e+08
 1.68119115e+08
 1.66145847e+08
 1.65447941e+08
 1.60041545e+08
 1.68540234e+08
 1.72454265e+08
 1.57922415e+08
 1.50111204e+08
 1.59324267e+08
 1.73121198e+08
 1.57477337e+08
 1.47158507e+08
 1.66169831e+08
 1.68546014e+08
 1.48519778e+08
 1.56765177e+08
 1.71598864e+08
 1.63560609e+08
 1.55575977e+08
 1.60105355e+08
 1.63406259e+08
 1.46228162e+08
 1.36142232e+08
 1.59607839e+08
 1.76772654e+08
 1.69112401e+08
 1.78293431e+08
 1.86206460e+08
 1.66515114e+08
 1.61746540e+08
 1.72303033e+08
 1.72564065e+08
 1.72467522e+08
 1.71105434e+08
 1.61034824e+08
 1.60389275e+08
 1.64827765e+08
 1.67990583e+08
 1.76578991e+08
 1.73457327e+08
 1.69451647e+08
 1.82641080e+08
 2.03915703e+08
 2.05353638e+08
 1.96044049e+08
 1.83486643e+08
 1.92244880e+08
 2.07828279e+08
 2.14760316e+08
 2.17271602e+08
 2.07754974e+08
 1.83865156e+08
 1.86744137e+08
 1.99523502e+08
 1.92770546e+08
 2.02482196e+08
 2.05936129e+08
 1.79919317e+08
 1.68237414e+08
 1.85980291e+08
 1.95079127e+08
 1.93220959e+08
 1.87067012e+08
 1.82028645e+08
 1.95155956e+08
 2.05127287e+08
 1.99188661e+08
 1.88237152e+08
 2.10884968e+08
 2.26509000e+08
 1.97753807e+08
 2.01170271e+08
 2.00217624e+08
 1.92681654e+08
 1.89137649e+08
 1.72470636e+08
 1.81322587e+08
 1.87149300e+08
 1.68517828e+08
 1.65112996e+08
 1.70065503e+08
 1.62723681e+08
 1.56165415e+08
 1.57332529e+08
 1.53833797e+08
 1.49205406e+08
 1.48907623e+08
 1.51025009e+08
 1.40566031e+08
 1.43751195e+08
 1.52982629e+08
 1.52465769e+08
 1.47333719e+08
 1.47140264e+08
 1.52356324e+08
 1.53563858e+08
 1.59300495e+08
 1.59567636e+08
 1.57026184e+08
 1.51460338e+08
 1.57988454e+08
 1.58362139e+08
 1.59249087e+08
 1.67765295e+08
 1.55964904e+08
 1.50991057e+08
 1.49442855e+08
 1.41905318e+08
 1.45687327e+08
 1.52350705e+08
 1.56988105e+08
 1.66145513e+08
 1.65809755e+08
 1.57699796e+08
 1.50886983e+08
 1.52641285e+08
 1.61358499e+08
 1.66077681e+08
 1.65749120e+08
 1.63256255e+08
 1.49653894e+08
 1.48015029e+08
 1.57334225e+08
 1.43893175e+08
 1.35630319e+08
 1.40175778e+08
 1.59436872e+08
 1.72863842e+08
 1.68623911e+08
 1.51891601e+08
 1.46875028e+08
 1.49369448e+08
 1.52256272e+08
 1.55771577e+08
 1.43747681e+08
 1.47609084e+08
 1.55104692e+08
 1.49498348e+08
 1.43630762e+08
 1.32299482e+08
 1.41178459e+08
 1.43244627e+08
 1.32552481e+08
 1.38196483e+08
 1.46928397e+08
 1.49904304e+08
 1.48498506e+08
 1.66161223e+08
 2.10638084e+08
 2.79411147e+08
 3.67747883e+08
 5.14228631e+08
 5.90421206e+08
 4.46855658e+08
 4.36487889e+08
 4.52039886e+08
 4.68361233e+08
 8.42140875e+08
 1.16785300e+09
 1.24506274e+09
 1.15849435e+09
 5.14986959e+08
 2.43219375e+08
 1.88538365e+08
 1.66648317e+08
 1.63238197e+08
 1.52623787e+08
 1.49562355e+08
 1.48840800e+08
 1.51817323e+08
 1.46662909e+08
 1.42534139e+08
 1.55101904e+08
 1.66692093e+08
 1.78983297e+08
 1.77954775e+08
 1.72864743e+08
 1.85824444e+08
 1.82893764e+08
 1.67955640e+08
 1.81129808e+08
 1.91022666e+08
 1.95289780e+08
 2.06525544e+08
 2.29386405e+08
 2.65620273e+08
 2.65432688e+08
 2.52840847e+08
 2.46172600e+08
 2.37701452e+08
 1.99997056e+08
 1.84550411e+08
 1.83065320e+08
 1.73818817e+08
 1.90014678e+08
 1.89093743e+08
 1.81579501e+08
 1.87739703e+08
 1.84775799e+08
 1.90078809e+08
 2.02265572e+08
 2.09560722e+08
 2.22227325e+08
 2.39102813e+08
 2.30076132e+08
 2.09005688e+08
 1.98172916e+08
 1.92588411e+08
 2.09563508e+08
 2.10184567e+08
 2.10661732e+08
 2.19467459e+08
 2.13036629e+08
 2.19552347e+08
 2.14694813e+08
 2.00403212e+08
 2.08011559e+08
 2.23238925e+08
 2.29378147e+08
 2.32880872e+08
 2.31854358e+08
 2.31577507e+08
 2.31513942e+08
 2.23129809e+08
 2.09815565e+08
 2.06784262e+08
 2.08783862e+08
 2.11191309e+08
 2.11765313e+08
 2.12732223e+08
 2.18077772e+08
 2.23927834e+08
 2.23144162e+08
 2.27071512e+08
 2.38089064e+08
 2.26107994e+08
 2.22890757e+08
 2.23907106e+08
 2.17241788e+08
 2.22545357e+08
 2.31149725e+08
 2.34243691e+08
 2.37269601e+08
 2.23880350e+08
 2.17715591e+08
 2.37608934e+08
 2.36720396e+08
 2.21364651e+08
 2.17060373e+08
 2.20319278e+08
 2.23936113e+08
 2.23457767e+08
 2.25302731e+08
 2.29106358e+08
 2.28827128e+08
 2.23860548e+08
 2.29851479e+08
 2.41722304e+08
 2.48476794e+08
 2.57664526e+08
 2.66945814e+08
 2.50894584e+08
 2.37115064e+08
 2.41727852e+08
 2.29294655e+08
 2.31292130e+08
 2.53470531e+08
 2.37188583e+08
 2.17099979e+08
 2.24401353e+08
 2.38941098e+08
 2.62697495e+08
 2.71531802e+08
 2.49106560e+08
 2.37711024e+08
 2.41497797e+08
 2.32047409e+08
 2.48908637e+08
 3.28021950e+08
 3.34553474e+08
 3.05089933e+08
 2.99495231e+08
 2.77428863e+08
 2.57888001e+08
 2.28766407e+08
 2.35533706e+08
 2.47407910e+08
 2.33278007e+08
 2.31490788e+08
 2.33503468e+08
 2.24053976e+08
 2.25949654e+08
 2.35163767e+08
 2.25646625e+08
 2.20336770e+08
 2.33208739e+08
 2.47857672e+08
 2.39364434e+08
 2.30736648e+08
 2.32259371e+08
 2.27158828e+08
 2.32052206e+08
 2.32456390e+08
 2.28085138e+08
 2.24932492e+08
 2.25168230e+08
 2.44096606e+08
 2.49353851e+08
 2.24786449e+08
 2.17782956e+08
 2.26870152e+08
 2.39348410e+08
 2.37948760e+08
 2.66401126e+08
 3.02543888e+08
 2.88828751e+08
 2.89129349e+08
 2.66589873e+08
 2.34636102e+08
 2.47255373e+08
 2.59236624e+08
 2.61364557e+08
 3.10882838e+08
 5.15046594e+08
 1.01881660e+09
 1.44664734e+09
 1.32224395e+09
 1.23043938e+09
 1.42039318e+09
 1.54794902e+09
 1.32100497e+09
 1.32054124e+09
 1.58197353e+09
 1.48233436e+09
 1.06584208e+09
 6.14524599e+08
 4.07741961e+08
 3.59940955e+08
 3.45522910e+08
 3.65529268e+08
 3.68610065e+08
 3.55477364e+08
 3.18681195e+08
 2.89334787e+08
 3.06368840e+08
 3.04150309e+08
 2.93921705e+08
 2.80850231e+08
 2.57109213e+08
 2.52266874e+08
 2.60796968e+08
 2.52897528e+08
 2.50833974e+08
 2.72538504e+08
 2.80975922e+08
 2.78362083e+08
 2.76408109e+08
 2.72829431e+08
 2.92638448e+08
 2.95509393e+08
 2.99165099e+08
 3.49905122e+08
 3.66513019e+08
 3.19027594e+08
 3.34169514e+08
 4.21895742e+08
 5.54553171e+08
 8.08874194e+08
 1.27737528e+09
 1.59277991e+09
 1.45677598e+09
 1.74312894e+09
 2.09057616e+09
 2.05259002e+09
 2.05796589e+09
 2.04020530e+09
 1.47098862e+09
 1.57595747e+09
 2.19775571e+09
 1.69127442e+09
 9.42211690e+08
 4.74678256e+08
 3.06360817e+08
 2.65929699e+08
 2.46717644e+08
 2.20005390e+08
 2.14716875e+08
 2.11981899e+08
 2.29948789e+08
 2.22978618e+08
 2.16518525e+08
 2.25385848e+08
 2.20525075e+08
 2.22223026e+08
 2.25641972e+08
 2.33050727e+08
 2.34898794e+08
 2.31265505e+08
 2.20668672e+08
 2.25304702e+08
 2.27195423e+08
 2.17234427e+08
 2.24676410e+08
 2.39986080e+08
 2.38459362e+08
 2.26695269e+08
 2.20785368e+08
 2.28558761e+08
 2.43795233e+08
 2.37712654e+08
 2.32155589e+08
 2.42943757e+08
 2.46168283e+08
 2.41634090e+08
 2.41203757e+08
 2.49579947e+08
 2.69485289e+08
 2.94618622e+08
 3.47684302e+08
 4.17839726e+08
 4.58388940e+08
 4.08092198e+08
 3.64655032e+08
 3.78099314e+08
 3.40509572e+08
 2.88648081e+08
 2.63324712e+08
 2.74355911e+08
 2.95077969e+08
 2.94007906e+08
 2.87396183e+08
 2.87278248e+08
 2.66148641e+08
 2.55120597e+08
 2.60835415e+08
 2.57150489e+08
 2.45475365e+08
 2.38906649e+08
 2.42408768e+08
 2.36847157e+08
 2.38005938e+08
 2.40163594e+08
 2.53353157e+08
 2.59086767e+08
 2.72310201e+08
 2.72572699e+08
 2.63997957e+08
 2.64069683e+08
 2.58069268e+08
 2.72303863e+08
 2.82144172e+08
 2.89126656e+08
 2.93497869e+08
 2.91287293e+08
 2.81862887e+08
 2.57782851e+08
 2.55370024e+08
 2.79373743e+08
 2.85233823e+08
 2.58295138e+08
 2.51727818e+08
 2.62630986e+08
 2.54074153e+08
 2.45004908e+08
 2.46768006e+08
 2.62483915e+08
 2.52473796e+08
 2.55170050e+08
 2.61422439e+08
 2.51278771e+08
 2.47553181e+08
 2.40813594e+08
 2.46941033e+08
 2.51538982e+08
 2.59189326e+08
 2.64684618e+08
 2.73237353e+08
 2.64942246e+08
 2.53024243e+08
 2.59043580e+08
 2.52222200e+08
 2.60191776e+08
 2.74033462e+08
 2.48549795e+08
 2.43690430e+08
 2.64148309e+08
 2.79484015e+08
 2.84554785e+08
 2.82861991e+08
 2.74652194e+08
 2.77134973e+08
 2.73463506e+08
 2.64488750e+08
 2.69472722e+08
 2.78049552e+08
 2.87958147e+08
 2.94398996e+08
 3.10058086e+08
 2.85331411e+08
 2.76857242e+08
 3.03432418e+08
 2.91586794e+08
 2.77634550e+08
 2.81435548e+08
 2.90257989e+08
 2.86740604e+08
 2.73712100e+08
 2.62844311e+08
 2.44569872e+08
 2.39997719e+08
 2.58708717e+08
 2.70156111e+08
 2.61528076e+08
 2.65596060e+08
 2.63587448e+08
 2.41116879e+08
 2.41562930e+08
 2.52134778e+08
 2.53416570e+08
 2.67693024e+08
 2.70295545e+08
 2.69488671e+08
 2.77614361e+08
 2.78896545e+08
 2.68499902e+08
 2.78448525e+08
 3.02514017e+08
 3.06299210e+08
 3.00293575e+08
 2.94066803e+08
 2.89831611e+08
 2.76659314e+08
 2.73870108e+08
 3.00637925e+08
 3.07781627e+08
 3.11775089e+08
 3.34610778e+08
 3.66385465e+08
 3.56001019e+08
 3.55344119e+08
 3.75704864e+08
 3.84188447e+08
 4.19702522e+08
 3.78040784e+08
 3.31158210e+08
 3.06078057e+08
 2.96025186e+08
 2.82829644e+08
 2.64192808e+08
 2.64251129e+08
 2.59903729e+08
 2.64063253e+08
 2.61097809e+08
 2.46092447e+08
 2.52344092e+08
 2.75034895e+08
 2.78664891e+08
 2.76233605e+08
 2.63130124e+08
 2.59815125e+08
 2.71617714e+08
 2.62271773e+08
 2.56652097e+08
 2.67508682e+08
 2.81339526e+08
 2.72222126e+08
 2.67187352e+08
 2.68230508e+08
 2.85299003e+08
 2.93219019e+08
 2.93821672e+08
 2.73322458e+08
 2.41194063e+08
 2.30599157e+08
 2.35477069e+08
 2.58725559e+08
 2.55581757e+08
 2.39728780e+08
 2.50790051e+08
 2.64058554e+08
 2.55499457e+08
 2.55552146e+08
 2.55722468e+08
 3.80415366e+08
 3.61865368e+08
 2.36611474e+08
 2.39455263e+08
 2.40775772e+08
 2.42159207e+08
 2.38775080e+08
 2.59165281e+08
 2.63915230e+08
 2.54604609e+08
 2.69186640e+08
 2.92375214e+08
 3.21830660e+08
 3.48830209e+08
 4.01236628e+08
 4.71614192e+08
 6.79161365e+08
 9.16344736e+08
 1.19301147e+09
 1.45790814e+09
 1.62972945e+09
 1.91205632e+09
 1.77576569e+09
 1.48823136e+09
 1.57345765e+09
 1.80609038e+09
 1.85363283e+09
 1.89107067e+09
 1.85178952e+09
 1.91679337e+09
 1.77729201e+09
 1.54149491e+09
 1.53082384e+09
 1.68193092e+09
 1.68807177e+09
 1.74571554e+09
 1.73083577e+09
 1.80110099e+09
 1.81267557e+09
 1.65158876e+09
 1.69857047e+09
 1.68525274e+09
 1.65670937e+09
 1.20844652e+09
 1.11508599e+09
 1.35859215e+09
 9.69995372e+08
 7.94236865e+08
 5.41414947e+08
 3.67460159e+08
 3.82639762e+08
 3.31108062e+08
 2.76661822e+08
 2.57827080e+08
 2.44234859e+08
 2.28605455e+08
 2.18054648e+08
 2.20822809e+08
 2.29528305e+08
 2.19641532e+08
 2.18621315e+08
 2.18861999e+08
 2.08616206e+08
 2.06788102e+08
 2.17622039e+08
 2.20942887e+08
 2.14021301e+08
 2.16338491e+08
 2.23980607e+08
 2.16464589e+08
 2.14270869e+08
 2.06509114e+08
 2.06260061e+08
 2.19629606e+08
 2.22058014e+08
 2.15348496e+08
 2.11844436e+08
 2.18369564e+08
 2.16604251e+08
 2.15100625e+08
 2.20199432e+08
 2.18318502e+08
 2.16702898e+08
 2.18292454e+08
 2.19691145e+08
 2.16364602e+08
 2.15258195e+08
 2.19044831e+08
 2.17473402e+08
 2.28759490e+08
 2.28534576e+08
 2.12776933e+08
 2.12616517e+08
 2.14421971e+08
 2.23841908e+08
 2.31693229e+08
 2.34792984e+08
 2.40025134e+08
 2.65538901e+08
 2.66378653e+08
 2.54021522e+08
 2.75702967e+08
 2.98271801e+08
 2.90457628e+08
 2.61428665e+08
 2.34975973e+08
 2.25940217e+08
 2.42528877e+08
 2.49134117e+08
 2.52067155e+08
 2.51238195e+08
 2.52205703e+08
 2.47698841e+08
 2.42266229e+08
 2.43198906e+08
 2.31808944e+08
 2.21512682e+08
 2.30232609e+08
 2.67876682e+08
 2.99021778e+08
 2.98380588e+08
 2.88827236e+08
 2.80159632e+08
 2.77570181e+08
 2.63778804e+08
 2.40052822e+08
 2.34084993e+08
 2.37050113e+08
 2.38784755e+08
 2.37013380e+08
 2.25340352e+08
 2.28562463e+08
 2.39425656e+08
 2.35633102e+08
 2.31260657e+08
 2.44155800e+08
 2.50398760e+08
 2.48140208e+08
 2.50704394e+08
 2.40894337e+08
 2.36968748e+08
 2.36894728e+08
 2.38791881e+08
 2.47276906e+08
 2.54008002e+08
 2.47520446e+08
 2.32795510e+08
 2.35905442e+08
 2.49805019e+08
 2.40250446e+08
 2.29417786e+08
 2.27190312e+08
 2.26126974e+08
 2.68172832e+08
 3.09725544e+08
 3.05730745e+08
 3.17468796e+08
 3.19273459e+08
 3.17705280e+08
 3.42914533e+08
 3.56161680e+08
 3.65770213e+08
 3.54624977e+08
 3.43660921e+08
 3.52282301e+08
 3.37171874e+08
 3.11681985e+08
 3.07740682e+08
 3.23552644e+08
 3.28401277e+08
 3.24089207e+08
 3.29097166e+08
 3.26876397e+08
 3.40755463e+08
 3.31208854e+08
 3.13011932e+08
 3.37535685e+08
 3.35257376e+08
 3.42244782e+08
 3.41110568e+08
 3.15393952e+08
 3.16090463e+08
 3.24690269e+08
 3.14287420e+08
 3.33568147e+08
 3.47249790e+08
 2.98812844e+08
 2.79290637e+08
 3.13482528e+08
 3.55934555e+08
 4.16415429e+08
 4.32596818e+08
 4.37763631e+08
 4.63015877e+08
 4.54728252e+08
 4.52176348e+08
 4.10831367e+08
 3.96295552e+08
 3.42353404e+08
 2.91292936e+08
 2.84305397e+08
 2.80827806e+08
 2.63326738e+08
 2.77939111e+08
 2.77654180e+08
 2.49378278e+08
 2.51080438e+08
 2.60355637e+08
 2.58952998e+08
 2.51231883e+08
 2.45148034e+08
 2.32692256e+08
 2.41287762e+08
 2.29291795e+08
 2.12736291e+08
 2.38174086e+08
 2.58968704e+08
 2.58642514e+08
 2.58086337e+08
 2.74800389e+08
 3.50808029e+08
 4.02088415e+08
 5.54336466e+08
 1.18884488e+09
 1.74211487e+09
 1.74714214e+09
 1.97642139e+09
 2.03765524e+09
 2.13934941e+09
 2.07077347e+09
 1.52715570e+09
 9.22855913e+08
 8.66731013e+08
 9.53750169e+08
 8.69730653e+08
 9.64350212e+08
 9.05700570e+08
 9.03720964e+08
 9.60912694e+08
 8.36822521e+08
 5.18301716e+08
 3.44533765e+08
 2.94496943e+08
 2.50916747e+08
 2.88388783e+08
 3.08835302e+08
 2.73763389e+08
 2.62677973e+08
 2.58625775e+08
 2.95066435e+08
 3.11793942e+08
 2.78109225e+08
 2.74892554e+08
 2.83929434e+08
 2.83960358e+08
 3.28779609e+08
 3.36939473e+08
 3.12543960e+08
 3.14671811e+08
 3.00195674e+08
 2.92314851e+08
 2.98124172e+08
 3.07640396e+08
 3.08950849e+08
 2.77929909e+08
 2.55258985e+08
 2.59016035e+08
 2.91522532e+08
 3.06561394e+08
 3.05747322e+08
 2.90942871e+08
 2.73119458e+08
 2.87208590e+08
 2.85655158e+08
 2.86145274e+08
 2.97804289e+08
 3.13599369e+08
 2.92024492e+08
 2.79552406e+08
 2.94650414e+08
 2.86253457e+08
 2.86876047e+08
 3.11987863e+08
 3.21944473e+08
 2.83220127e+08
 2.73380237e+08
 3.05288175e+08
 2.91912514e+08
 2.93221161e+08
 3.08132686e+08
 3.08517707e+08
 3.23908454e+08
 3.29127627e+08
 3.54247063e+08
 3.36006782e+08
 3.29146843e+08
 3.56312625e+08
 3.33098435e+08
 3.08186663e+08
 3.34545316e+08
 3.73246664e+08
 3.71652262e+08
 3.81133826e+08
 3.79942673e+08
 3.46145365e+08
 3.17832888e+08
 3.41852700e+08
 3.45365588e+08
 3.39962465e+08
 3.73827069e+08
 3.59757942e+08
 3.12715855e+08
 3.23511171e+08
 3.63771381e+08
 3.85538403e+08
 3.32052404e+08
 3.34076157e+08
 3.82634569e+08
 3.72325511e+08
 4.10167508e+08
 4.04016947e+08
 3.67822067e+08
 3.50328805e+08
 3.49956275e+08
 3.42492915e+08
 3.13898520e+08
 3.16611594e+08
 3.36251501e+08
 3.33965434e+08
 3.49171410e+08
 4.17518481e+08
 4.49689351e+08
 4.39996652e+08
 4.43696510e+08
 4.26896431e+08
 3.80591345e+08
 3.48092897e+08
 3.36613313e+08
 3.79548505e+08
 3.71110425e+08
 3.27294642e+08
 3.42274472e+08
 4.28262448e+08
 4.51799091e+08
 3.88222394e+08
 3.98855593e+08
 3.73981968e+08
 3.64657803e+08
 3.96479041e+08
 3.77185361e+08
 3.47207660e+08
 3.64941825e+08
 3.73299885e+08
 3.91013674e+08
 3.96575526e+08
 3.25057167e+08
 3.18414955e+08
 3.50370105e+08
 3.38891366e+08
 3.44186505e+08
 3.76727261e+08
 3.77450610e+08
 3.79396301e+08
 3.57715340e+08
 3.42271130e+08
 3.67453888e+08
 3.55250994e+08
 3.53075539e+08
 3.63747349e+08
 3.68410431e+08
 3.67336325e+08
 3.99480616e+08
 4.22403414e+08
 3.74075278e+08
 3.52038750e+08
 3.82139394e+08
 3.54530030e+08
 3.44416636e+08
 3.93382550e+08
 3.87387801e+08
 3.73144174e+08
 3.60584678e+08
 3.39263977e+08
 3.19130349e+08
 3.30901201e+08
 3.33371491e+08
 3.33548083e+08
 3.55294366e+08
 3.58854229e+08
 3.61283142e+08
 3.56925193e+08
 3.63836771e+08
 3.56809042e+08
 3.35015573e+08
 3.43790615e+08
 3.48516159e+08
 3.54610588e+08
 3.63228870e+08
 3.46185520e+08
 3.60443600e+08
 3.63718690e+08
 3.70419463e+08
 3.73440880e+08
 3.50792095e+08
 3.68873638e+08
 3.84862255e+08
 3.98320724e+08
 4.22435458e+08
 4.73682902e+08
 4.64638222e+08
 3.89262026e+08
 3.64224391e+08
 3.61406446e+08
 3.83285725e+08
 3.77441176e+08
 3.60973890e+08
 3.94096144e+08
 4.01447228e+08
 3.64547919e+08
 3.48330869e+08
 3.59929864e+08
 3.87296599e+08
 3.73911969e+08
 3.66433300e+08
 3.99135525e+08
 3.82424507e+08
 3.82622876e+08
 3.77047469e+08
 3.56222226e+08
 3.57557488e+08
 3.75033987e+08
 3.95726615e+08
 3.57536000e+08
 3.36158563e+08
 3.72965331e+08
 3.83524077e+08
 4.03939837e+08
 4.06668585e+08
 3.94697565e+08
 4.30713174e+08
 4.11918927e+08
 3.92224958e+08
 4.28507657e+08
 4.24113244e+08
 3.93735857e+08
 4.03021287e+08
 4.07428016e+08
 4.29411508e+08
 4.55718179e+08
 4.24833656e+08
 4.11473018e+08
 3.91078279e+08
 3.66594474e+08
 3.83802696e+08
 4.13076047e+08
 3.94867956e+08
 3.71170675e+08
 3.81412839e+08
 3.82311048e+08
 3.90245833e+08
 3.62209293e+08
 3.46810187e+08
 3.52543676e+08
 3.35145890e+08
 3.73813306e+08
 4.52142677e+08
 4.82498686e+08
 4.81190069e+08
 4.66376937e+08
 4.39903444e+08
 3.88845922e+08
 3.64835947e+08
 3.69247519e+08
 3.52482400e+08
 3.40923688e+08
 3.77378198e+08
 3.87076071e+08
 3.67126498e+08
 3.61855375e+08
 3.69278662e+08
 3.44328752e+08
 3.48652074e+08
 3.78365132e+08
 3.77946085e+08
 4.22813150e+08
 3.87495809e+08
 3.61730746e+08
 3.45862700e+08
 3.33443244e+08
 3.57799729e+08
 3.37021791e+08
 3.49362148e+08
 3.95087788e+08
 3.87981711e+08
 3.65703227e+08
 3.79967300e+08
 3.89729736e+08
 4.14267398e+08
 4.03829331e+08
 3.46269991e+08
 3.22947363e+08
 3.69018825e+08
 4.06972619e+08
 3.96352639e+08
 4.04015669e+08
 3.98212195e+08
 3.80391492e+08
 3.94227509e+08
 4.20787616e+08
 4.16177758e+08
 4.27951621e+08
 4.04026990e+08
 4.18047829e+08
 4.22708967e+08
 4.02121081e+08
 4.38513409e+08
 4.43504509e+08
 4.38543921e+08
 4.23377764e+08
 4.40801321e+08
 4.75507777e+08
 4.69215397e+08
 4.42880726e+08
 4.26482483e+08
 4.23853244e+08
 4.19111636e+08
 3.78655109e+08
 3.73127979e+08
 4.10177381e+08
 4.12748490e+08
 4.19951535e+08
 4.08895893e+08
 4.23375984e+08
 4.33550392e+08
 4.04159549e+08
 4.22246443e+08
 4.10373258e+08
 3.80795667e+08
 4.13147226e+08
 4.37137012e+08
 4.19691539e+08
 3.94132950e+08
 3.83844366e+08
 3.97894093e+08
 3.71175849e+08
 3.52364238e+08
 3.76013845e+08
 4.01897907e+08
 4.18916579e+08
 3.98234838e+08
 3.51439723e+08
 3.50721462e+08
 3.86877733e+08
 3.72293132e+08
 3.46494392e+08
 3.72397961e+08
 3.53035416e+08
 3.36301772e+08
 3.37473699e+08
 3.08070849e+08
 3.60629440e+08
 4.17226273e+08
 3.92538281e+08
 3.49938949e+08
 3.30531574e+08
 3.48676767e+08
 3.79518513e+08
 3.65883497e+08
 3.50552101e+08
 3.51044544e+08
 3.41013661e+08
 3.40315107e+08
 3.53582349e+08
 3.53915697e+08
 3.44991959e+08
 3.76199331e+08
 4.00338138e+08
 3.79520999e+08
 3.82511552e+08
 3.61537375e+08
 3.60546883e+08
 3.77633219e+08
 3.55122783e+08
 3.75739436e+08
 3.68548735e+08
 3.63415101e+08
 3.75327958e+08
 3.83723822e+08
 3.81528082e+08
 3.69857267e+08
 3.64369238e+08
 3.40289973e+08
 3.41001668e+08
 3.48388454e+08
 3.10506651e+08
 2.89652952e+08
 3.31424733e+08
 3.66093291e+08
 3.74367836e+08
 3.61747208e+08
 3.06981178e+08
 3.02495007e+08
 3.57869409e+08
 3.37078337e+08
 3.36230426e+08
 3.93045730e+08
 4.60732719e+08
 6.17809996e+08
 1.07537691e+09
 1.49960428e+09
 1.90801704e+09
 2.45294455e+09
 2.10908029e+09
 1.77214152e+09
 1.48629012e+09
 2.27409542e+09
 3.33897894e+09
 3.58937290e+09
 3.78027489e+09
 2.76903273e+09
 3.01392678e+09
 2.04850587e+09
 8.24596769e+08
 5.62012468e+08
 4.62434444e+08
 3.95598197e+08
 3.56252841e+08
 3.64386496e+08
 3.88298860e+08
 3.74774352e+08
 3.87590846e+08
 4.22840976e+08
 3.39610044e+08
 3.13389102e+08
 3.66173709e+08
 3.55869143e+08
 3.61237986e+08
 3.89310750e+08
 3.72734236e+08
 3.49705191e+08
 3.93735687e+08
 4.04024205e+08
 4.02262822e+08
 4.23264955e+08
 4.49380925e+08
 4.92058640e+08
 5.24709583e+08
 5.56443451e+08
 5.99684718e+08
 6.82534853e+08
 7.32026143e+08
 6.24206455e+08
 6.53927840e+08
 7.37278049e+08
 5.55690137e+08
 4.72317436e+08
 4.61248722e+08
 4.45283169e+08
 4.74173513e+08
 4.72104575e+08
 5.07865923e+08
 5.51124605e+08
 5.50237818e+08
 5.76170446e+08
 5.40320479e+08
 5.05302894e+08
 4.85682046e+08
 4.97911575e+08
 5.10096452e+08
 4.88261287e+08
 4.88261170e+08
 4.97223896e+08
 5.00900775e+08
 4.87473852e+08
 4.89385225e+08
 4.93117359e+08
 4.85455735e+08
 5.08450748e+08
 5.43060298e+08
 5.48715370e+08
 5.62530540e+08
 5.50991621e+08
 5.28255214e+08
 5.49974433e+08
 5.64730334e+08
 5.68119429e+08
 5.58133482e+08
 5.80813124e+08
 6.22493290e+08
 5.79339097e+08
 5.43539250e+08
 5.53259517e+08
 5.69674507e+08
 5.94325805e+08
 5.83340729e+08
 5.61849400e+08
 5.27858421e+08
 5.15246317e+08
 5.44016722e+08
 5.26634750e+08
 5.25057282e+08
 5.38398412e+08
 5.25654958e+08
 5.28685830e+08
 5.25175340e+08
 5.22999227e+08
 5.66888545e+08
 5.84782308e+08
 5.41116381e+08
 5.32705337e+08
 5.31353231e+08
 5.15679082e+08
 5.55489195e+08
 5.59978855e+08
 5.16140041e+08
 5.13881978e+08
 5.26210046e+08
 5.33525023e+08
 5.12212726e+08
 5.38946737e+08
 5.37453929e+08
 4.78119602e+08
 4.54707135e+08
 4.61346149e+08
 4.87553124e+08
 4.87547462e+08
 4.85525192e+08
 5.01772147e+08
 4.96708102e+08
 4.98190970e+08
 5.28555226e+08
 5.69488297e+08
 5.89901023e+08
 5.46982470e+08
 5.44963706e+08
 5.68148240e+08
 5.59056451e+08
 5.68394119e+08
 6.08195777e+08
 6.03166398e+08
 6.07338471e+08
 6.41836422e+08
 6.54361648e+08
 6.33302542e+08
 5.97179016e+08
 6.16024182e+08
 6.29782946e+08
 5.68308231e+08
 5.03821747e+08
 5.26962160e+08
 5.44844057e+08
 5.36000163e+08
 5.29245944e+08
 5.06465738e+08
 5.13502447e+08
 5.24004333e+08
 5.08308246e+08
 5.13356832e+08
 5.34455379e+08
 5.53609423e+08
 5.87753752e+08
 5.75025708e+08
 5.35894166e+08
 5.28774753e+08
 5.37975266e+08
 5.40696828e+08
 5.33267665e+08
 5.88893275e+08
 6.20051633e+08
 6.74868303e+08
 7.31324501e+08
 7.46450702e+08
 8.05734677e+08
 8.11676355e+08
 7.17750744e+08
 5.58295752e+08
 5.48851572e+08
 5.51119042e+08
 5.24609123e+08
 5.29451492e+08
 5.06776458e+08
 5.26388755e+08
 5.31736767e+08
 5.38501226e+08
 5.63607311e+08
 5.60488178e+08
 5.41696728e+08
 5.03206087e+08
 4.87792902e+08
 4.95592795e+08
 5.02127964e+08
 4.94087369e+08
 4.87969874e+08
 5.15682257e+08
 5.07658057e+08
 5.02759512e+08
 5.25713617e+08
 5.39433701e+08
 5.26049777e+08
 5.01782517e+08
 4.99693992e+08
 4.78511796e+08
 5.31717662e+08
 5.73547570e+08
 5.57528574e+08
 5.43194445e+08
 5.07625497e+08
 5.27753904e+08
 5.07831224e+08
 4.80183535e+08
 4.61418546e+08
 4.49141049e+08
 4.69970252e+08
 4.73541350e+08
 4.68322870e+08
 4.77345402e+08
 4.83860357e+08
 4.72723570e+08
 4.73908385e+08
 4.79933922e+08
 4.96099080e+08
 4.88152272e+08
 4.62212971e+08
 5.00298109e+08
 5.32372379e+08
 5.24809982e+08
 5.49020524e+08
 5.65945997e+08
 5.47093210e+08
 5.56605608e+08
 6.22062112e+08
 6.48664071e+08
 6.11513229e+08
 6.66026931e+08
 7.08235423e+08
 7.43469948e+08
 8.06211733e+08
 7.21995897e+08
 7.08468045e+08
 7.60861700e+08
 7.30282849e+08
 6.52343592e+08
 6.21672448e+08
 5.95452004e+08
 6.02603741e+08
 5.91176017e+08
 5.70035248e+08
 5.64789400e+08
 5.16144476e+08
 5.26085041e+08
 5.22084191e+08
 5.15021139e+08
 5.02932253e+08
 4.54981610e+08
 4.44813664e+08
 4.56417533e+08
 4.57673370e+08
 4.64878737e+08
 4.65504242e+08
 4.55520080e+08
 4.38118236e+08
 4.14261963e+08
 4.09315987e+08
 4.17486349e+08
 4.32439915e+08
 4.30932443e+08
 4.40851710e+08
 4.49961953e+08
 4.37380057e+08
 4.60513202e+08
 4.50531452e+08
 4.22092920e+08
 4.17821655e+08
 4.21185822e+08
 4.50252846e+08
 4.39277654e+08
 4.30250794e+08
 4.56146316e+08
 4.58444311e+08
 4.40624789e+08
 4.19615178e+08
 3.97954458e+08
 3.98488217e+08
 4.24714919e+08
 4.17906835e+08
 4.12155742e+08
 4.30470266e+08
 4.38454859e+08
 4.51342822e+08
 4.73901536e+08
 4.53596419e+08
 4.30081777e+08
 4.55546160e+08
 5.17384797e+08
 6.36348261e+08
 8.20873023e+08
 7.21534381e+08
 5.58261915e+08
 5.61460097e+08
 5.23600095e+08
 4.79049578e+08
 4.88271226e+08
 4.96754405e+08
 5.13715000e+08
 5.22519727e+08
 4.91227941e+08
 4.94041414e+08
 5.20287721e+08
 5.10661042e+08
 4.78313671e+08
 5.19987359e+08
 6.17835281e+08
 6.59557324e+08
 6.53179155e+08
 6.35055981e+08
 5.51431576e+08
 4.62989537e+08
 4.70923810e+08
 5.07142545e+08
 5.00736639e+08
 4.90895011e+08
 4.93932718e+08
 4.72766718e+08
 4.45888143e+08
 4.74902961e+08
 4.97603880e+08
 5.17800618e+08
 5.14447781e+08
 5.00287852e+08
 4.96933806e+08
 4.98858132e+08
 4.98374135e+08
 4.67879332e+08
 4.87317664e+08
 5.07212997e+08
 5.16022359e+08
 4.94819258e+08
 4.77996365e+08
 5.25657084e+08
 5.45230794e+08
 5.09868472e+08
 5.14204493e+08
 5.49052033e+08
 5.63236858e+08
 5.50641017e+08
 5.30696199e+08
 5.16325203e+08
 4.70436053e+08
 4.45838737e+08
 4.42236851e+08
 4.47025179e+08
 4.59524817e+08
 4.63014645e+08
 4.74757205e+08
 4.53365356e+08
 4.68840395e+08
 4.90570744e+08
 4.70520115e+08
 4.69412524e+08
 4.82093281e+08
 5.06649260e+08
 4.99325420e+08
 4.66508829e+08
 4.38062409e+08
 4.58260090e+08
 4.71615439e+08
 4.58525950e+08
 4.83770915e+08
 5.11817956e+08
 5.75560804e+08
 6.99144317e+08
 7.02331881e+08
 6.71456469e+08
 7.67526310e+08
 7.52607616e+08
 6.58633591e+08
 5.61589621e+08
 4.78954435e+08
 4.57582339e+08
 4.30669621e+08
 4.43934761e+08
 4.32308721e+08
 4.00008085e+08
 4.58504364e+08
 4.70888523e+08
 4.31809973e+08
 4.13492047e+08
 4.14420837e+08
 4.13728974e+08
 4.04939571e+08
 3.85535551e+08
 3.38172722e+08
 3.54170714e+08
 3.81668791e+08
 3.87222499e+08
 4.05074073e+08
 3.78798492e+08
 3.98549222e+08
 4.05560474e+08
 3.75776145e+08
 3.74802711e+08
 3.54556002e+08
 3.36634185e+08
 3.32300903e+08
 3.56947840e+08
 3.63059600e+08
 3.51116326e+08
 3.47555409e+08
 3.55465137e+08
 3.84388073e+08
 3.92231733e+08
 3.90135508e+08
 3.95537956e+08
 3.97064245e+08
 4.02377168e+08
 3.70429708e+08
 3.45444450e+08
 3.54691321e+08
 3.31911910e+08
 3.26960314e+08
 3.27165258e+08
 3.57469711e+08
 3.70093323e+08
 3.44257320e+08
 3.64128815e+08
 3.81264918e+08
 3.80713761e+08
 3.65317298e+08
 3.61611164e+08
 3.80902090e+08
 3.64825186e+08
 3.69280354e+08
 3.73445754e+08
 3.84856461e+08
 4.20794417e+08
 4.14420366e+08
 4.03563744e+08
 3.76862676e+08
 3.56823990e+08
 3.50852760e+08
 3.72473758e+08
 3.85803708e+08
 3.67482825e+08
 3.61749242e+08
 3.68619363e+08
 3.26925346e+08
 3.51656764e+08
 4.14084800e+08
 3.76321939e+08
 3.80215414e+08
 4.27169104e+08
 4.52553452e+08
 4.37360809e+08
 3.83892634e+08
 3.76772874e+08
 3.57642737e+08
 3.36914053e+08
 4.09155859e+08
 4.32870868e+08
 3.90416241e+08
 3.95918502e+08
 4.30105681e+08
 4.80888615e+08
 4.66351893e+08
 4.19742484e+08
 3.94141392e+08
 4.31043498e+08
 5.12259574e+08
 4.64043832e+08
 4.39569812e+08
 4.22081822e+08
 4.07066508e+08
 4.87005684e+08
 4.90910841e+08
 4.37795356e+08
 4.62529686e+08
 4.56780975e+08
 3.92894853e+08
 4.04524290e+08
 4.58260902e+08
 4.67176449e+08
 4.86910357e+08
 4.19582163e+08
 3.79738787e+08
 4.70059500e+08
 4.72085482e+08
 4.35299723e+08
 4.66719635e+08
 4.52505319e+08
 4.04195283e+08
 3.82524035e+08
 3.53367131e+08
 4.20236247e+08
 4.45103289e+08
 3.86926105e+08
 4.18307063e+08
 4.66404033e+08
 4.38156576e+08
 4.26575890e+08
 4.21563706e+08
 4.07689999e+08
 3.99665663e+08
 4.16930391e+08
 5.03535628e+08
 5.03274725e+08
 5.55100530e+08
 6.47050383e+08
 6.96152667e+08
 1.13362867e+09
 2.15743185e+09
 2.82620258e+09
 3.98813111e+09
 4.35246715e+09
 3.11961869e+09
 3.19865545e+09
 3.39104339e+09
 3.14267281e+09
 3.69798313e+09
 2.37974609e+09
 1.26676557e+09
 1.15787538e+09
 1.31016902e+09
 1.43976884e+09
 1.53729830e+09
 1.87985116e+09
 1.95473873e+09
 1.78177930e+09
 1.57405186e+09
 1.32124727e+09
 9.39613189e+08
 7.34368507e+08
 6.84666251e+08
 5.79753976e+08
 5.09810162e+08
 5.25742610e+08
 5.29100052e+08
 4.91136678e+08
 4.79255241e+08
 4.38360396e+08
 4.01601836e+08
 3.95148197e+08
 4.17661322e+08
 4.54871209e+08
 4.51390671e+08
 4.82410383e+08
 5.49769512e+08
 5.95174883e+08
 5.71489792e+08
 5.04977812e+08
 5.43806308e+08
 5.93482523e+08
 5.13891656e+08
 4.63164362e+08
 5.05473793e+08
 5.37355985e+08
 4.88343573e+08
 4.71724899e+08
 5.01362749e+08
 5.14772412e+08
 4.69546280e+08
 5.04941984e+08
 5.21200111e+08
 4.85587452e+08
 5.27388130e+08
 5.42991692e+08
 5.33649316e+08
 5.32866808e+08
 5.36637874e+08
 5.73117818e+08
 5.31136857e+08
 4.66840912e+08
 5.06560493e+08
 4.94417305e+08
 5.48726519e+08
 5.54010729e+08
 4.79049444e+08
 5.49721148e+08
 5.56678552e+08
 5.19477178e+08
 5.51605256e+08
 5.73575060e+08
 5.18981721e+08
 5.09933806e+08
 5.58438673e+08
 5.49081876e+08
 5.30516224e+08
 5.37848761e+08
 5.71112431e+08
 5.57548942e+08
 5.01584742e+08
 5.05714702e+08
 5.53435204e+08
 5.92417560e+08
 5.05695403e+08
 5.18143469e+08
 6.11238909e+08
 5.59077346e+08
 5.30689848e+08
 5.52333724e+08
 5.41579582e+08
 5.27379137e+08
 5.32210635e+08
 5.24739904e+08
 5.45512336e+08
 5.62943749e+08
 5.50966720e+08
 5.72118081e+08
 5.79489967e+08
 5.68206384e+08
 5.74336263e+08
 5.33367204e+08
 5.23945748e+08
 5.91352275e+08
 6.26045886e+08
 5.89611574e+08
 5.59275476e+08
 6.04345778e+08
 6.46316363e+08
 6.40626280e+08
 7.25879100e+08
 7.69881305e+08
 7.60121818e+08
 8.00465398e+08
 6.91356213e+08
 6.04729449e+08
 5.82264495e+08
 5.74221488e+08
 6.24940274e+08
 6.30372893e+08
 5.63451431e+08
 5.19057398e+08
 5.71839598e+08
 5.94474197e+08
 5.73048966e+08
 5.39200641e+08
 5.22527328e+08
 5.52036202e+08
 5.56449879e+08
 5.37259975e+08
 5.70089267e+08
 6.00483647e+08
 5.81914858e+08
 5.69793710e+08
 5.82204821e+08
 5.96806970e+08
 5.82628759e+08
 5.92038422e+08
 5.67946999e+08
 5.71433462e+08
 5.75206083e+08
 5.50910709e+08
 5.80816442e+08
 6.22725330e+08
 5.73131271e+08
 5.36190969e+08
 5.50144722e+08
 5.47437255e+08
 5.90325700e+08
 6.04991086e+08
 5.24694128e+08
 5.00222675e+08
 5.23384056e+08
 5.61148163e+08
 6.08463521e+08
 5.88561011e+08
 5.53156954e+08
 5.74520072e+08
 5.88792109e+08
 5.75862366e+08
 5.64514834e+08
 5.62771327e+08
 6.43411042e+08
 6.41423698e+08
 5.73589822e+08
 5.49234506e+08
 5.43142938e+08
 5.80323828e+08
 5.89286664e+08
 5.90177660e+08
 5.98878696e+08
 6.55231707e+08
 6.95906496e+08
 6.47749103e+08
 6.64144672e+08
 6.42419198e+08
 5.59209154e+08
 5.37687547e+08
 6.07555040e+08
 6.26096423e+08
 5.62207663e+08
 5.01247528e+08
 5.00849991e+08
 5.49114665e+08
 4.92740611e+08
 4.77170535e+08
 5.60956033e+08
 6.56876875e+08
 6.32760072e+08
 5.38644037e+08
 4.99754642e+08
 5.19531354e+08
 5.25855756e+08
 5.13595781e+08
 5.38116374e+08
 5.58509947e+08
 5.75288326e+08
 5.60841518e+08
 5.50293895e+08
 5.53795191e+08
 5.87629526e+08
 6.13561336e+08
 5.87911971e+08
 5.78184664e+08
 6.06067197e+08
 6.43687290e+08
 6.26944411e+08
 6.06712693e+08
 6.17215854e+08
 6.64799998e+08
 6.39064792e+08
 5.66498442e+08
 5.29971473e+08
 5.28939758e+08
 5.35500495e+08
 5.75722877e+08
 5.85419309e+08
 5.44779233e+08
 6.05444017e+08
 6.89489068e+08
 6.48456315e+08
 6.44071391e+08
 6.49362552e+08
 6.12407381e+08
 5.76890702e+08
 5.77094065e+08
 6.00205020e+08
 5.41442801e+08
 5.81039278e+08
 6.78357052e+08
 6.58735614e+08
 6.10328837e+08
 6.37553423e+08
 6.62932362e+08
 6.63776396e+08
 6.14574217e+08
 5.55298901e+08
 5.84358329e+08
 6.08739676e+08
 5.94954736e+08
 5.84165883e+08
 6.12616092e+08
 6.47054046e+08
 6.34308111e+08
 6.06809418e+08
 6.63902506e+08
 6.03887790e+08
 5.99112165e+08
 6.84321166e+08
 6.59495377e+08
 6.40860470e+08
 6.16332630e+08
 6.91459557e+08
 7.12883158e+08
 6.38660228e+08
 6.61944132e+08
 6.81510808e+08
 6.50465261e+08
 6.19263401e+08
 6.12106043e+08
 6.68771670e+08
 6.91717903e+08
 6.80424765e+08
 6.70549981e+08
 7.13152068e+08
 6.70244230e+08
 6.12045867e+08
 6.34796908e+08
 5.82217941e+08
 5.20878357e+08
 5.32337412e+08
 5.94343631e+08
 6.41635206e+08
 6.27247162e+08
 5.49147705e+08
 8.28589809e+08
 9.22337681e+08
 6.74590564e+08
 6.55677864e+08
 7.12755749e+08
 8.67742532e+08
 8.86014824e+08
 7.83233113e+08
 6.80833692e+08
 6.27756167e+08
 6.19214167e+08
 6.20427056e+08
 5.60583772e+08
 6.07141979e+08
 6.97814440e+08
 7.40439519e+08
 6.50038646e+08
 6.11348304e+08
 6.67172590e+08
 6.16861445e+08
 6.33485980e+08
 7.22747066e+08
 7.15213355e+08
 6.88945459e+08
 6.69474466e+08
 5.93995482e+08
 5.74159050e+08
 6.33269667e+08
 6.70096971e+08
 6.12754588e+08
 5.32642036e+08
 5.61415311e+08
 5.84161616e+08
 5.64133292e+08
 5.84292609e+08
 6.00729561e+08
 6.40217535e+08
 6.19406950e+08
 5.72169276e+08
 5.91797248e+08
 6.15773931e+08
 6.14567523e+08
 6.20894571e+08
 6.16546828e+08
 6.04385759e+08
 6.23824357e+08
 6.02019254e+08
 5.60348721e+08
 6.04931693e+08
 6.10455824e+08
 5.66372416e+08
 5.50997839e+08
 5.65324292e+08
 6.37889347e+08
 6.91819821e+08
 6.75990515e+08
 6.69249650e+08
 6.74583407e+08
 6.17707828e+08
 6.59068425e+08
 7.18088310e+08
 7.04733891e+08
 7.26227028e+08
 7.33870803e+08
 6.98178966e+08
 6.68519165e+08
 6.62461911e+08
 6.18739604e+08
 6.17525459e+08
 6.94067597e+08
 7.66211422e+08
 6.95177047e+08
 6.55453940e+08
 6.76221355e+08
 6.69939425e+08
 7.53671583e+08
 8.28010840e+08
 7.74430637e+08
 7.75405683e+08
 8.93666306e+08
 1.04935332e+09
 1.00269314e+09
 8.97045149e+08
 8.36104401e+08
 7.63671649e+08
 7.41741839e+08
 7.54047730e+08
 7.67264045e+08
 7.29610053e+08
 7.00707429e+08
 7.67330720e+08
 8.19272543e+08
 8.30757300e+08
 8.50197616e+08
 8.65696279e+08
 8.51159929e+08
 7.74919769e+08
 7.62434012e+08
 7.76690038e+08
 7.41469274e+08
 7.33733815e+08
 7.38726810e+08
 6.32308673e+08
 5.30486539e+08
 4.71758299e+08
 4.77270599e+08
 5.29309594e+08
 5.07872622e+08
 4.86518981e+08
 4.99280642e+08
 5.36030643e+08
 5.37816919e+08
 4.68251582e+08
 4.83753365e+08
 5.41712300e+08
 5.36801037e+08
 5.40453018e+08
 5.07343966e+08
 4.79122983e+08
 5.28678271e+08
 5.22920743e+08
 4.58754387e+08
 4.40891531e+08
 4.90993813e+08
 5.08417199e+08
 4.91433095e+08
 5.17855412e+08
 4.92779452e+08
 4.86963727e+08
 5.37824508e+08
 4.89874142e+08
 4.71116588e+08
 5.23687525e+08
 5.32986259e+08
 5.25242367e+08
 4.96367616e+08
 5.25711021e+08
 5.63885174e+08
 5.30071218e+08
 5.12598962e+08
 4.86879148e+08
 4.82130471e+08
 5.05833907e+08
 5.17310445e+08
 5.06051260e+08
 5.00769335e+08
 5.00703809e+08
 4.86098204e+08
 5.00803195e+08
 5.21807260e+08
 5.35738797e+08
 5.20110990e+08
 4.86674864e+08
 4.82593819e+08
 4.45989411e+08
 4.68886028e+08
 4.81293493e+08
 4.68654338e+08
 5.13328345e+08
 4.88244999e+08
 4.53712050e+08
 4.68514221e+08
 4.68775812e+08
 4.94888733e+08
 5.04603072e+08
 5.17716692e+08
 6.48088623e+08
 6.87664464e+08
 7.70581751e+08
 1.10754355e+09
 1.98427955e+09
 2.40239743e+09
 2.06773035e+09
 2.41899965e+09
 2.65630330e+09
 3.31222227e+09
 3.52177200e+09
 3.86102803e+09
 4.24174568e+09
 4.81932541e+09
 4.63903694e+09
 1.72135072e+09
 8.82695375e+08
 7.61293799e+08
 6.11918646e+08
 5.43920010e+08
 5.06963087e+08
 4.79090541e+08
 4.37480608e+08
 4.22765922e+08
 4.90050787e+08
 5.14377738e+08
 4.86657244e+08
 4.48605066e+08
 4.26879314e+08
 4.54617344e+08
 4.80160959e+08
 5.16330338e+08
 5.23924126e+08
 5.07936129e+08
 5.30578647e+08
 5.70282945e+08
 5.92421696e+08
 6.60345892e+08
 8.27964967e+08
 1.06500684e+09
 1.22234214e+09
 1.09757228e+09
 9.35563840e+08
 8.98284035e+08
 8.27092132e+08
 6.40905579e+08
 5.39925911e+08
 5.60240166e+08
 5.40772091e+08
 5.19342963e+08
 5.46882704e+08
 5.65111415e+08
 5.87995398e+08
 5.83329217e+08
 5.77501991e+08
 5.95388144e+08
 5.95716798e+08
 5.82075697e+08
 5.85354608e+08
 5.86217220e+08
 5.82234662e+08
 5.76816265e+08
 5.53958070e+08
 5.57463253e+08
 5.92046136e+08
 6.16020000e+08
 6.33481636e+08
 6.31354386e+08
 6.18603438e+08
 5.93405290e+08
 5.99225728e+08
 6.75661925e+08
 7.01565777e+08
 6.65284341e+08
 6.34667358e+08
 6.34285786e+08
 6.60273323e+08
 6.43817058e+08
 6.37090549e+08
 6.64415571e+08
 6.68310672e+08
 6.17329382e+08
 5.76043730e+08
 5.91962119e+08
 5.95021057e+08
 5.98233472e+08
 6.36222523e+08
 6.16520221e+08
 5.78742755e+08
 5.74412346e+08
 5.76981542e+08
 6.11364236e+08
 6.09029173e+08
 6.06563284e+08
 6.18321144e+08
 6.20371777e+08
 6.26455063e+08
 6.21767146e+08
 6.13430794e+08
 6.13625407e+08
 6.19927711e+08
 6.36324613e+08
 6.06759173e+08
 5.69578957e+08
 6.02825309e+08
 6.07335931e+08
 5.72092732e+08
 6.03259043e+08
 6.04005939e+08
 5.63878321e+08
 5.73221771e+08
 5.87570403e+08
 5.79825223e+08
 5.62774294e+08
 5.71309383e+08
 5.84666781e+08
 6.05125477e+08
 5.94815687e+08
 5.81995123e+08
 5.67618099e+08
 5.45121211e+08
 5.55047159e+08
 5.70383092e+08
 5.75974638e+08
 5.68774391e+08
 5.84624034e+08
 5.85346805e+08
 5.74182296e+08
 5.63230675e+08
 5.54654778e+08
 5.78974151e+08
 5.77292012e+08
 5.80807049e+08
 6.13293224e+08
 6.03398757e+08
 6.10015139e+08
 6.26580353e+08
 6.40195902e+08
 6.14113952e+08
 5.61157790e+08
 5.71111604e+08
 6.36879003e+08
 6.81699279e+08
 6.11123094e+08
 5.89881146e+08
 6.25317080e+08
 5.84165663e+08
 5.45847992e+08
 5.69386763e+08
 6.00126733e+08
 5.72899625e+08
 5.44269578e+08
 5.63183004e+08
 5.73709113e+08
 5.56579417e+08
 5.60741234e+08
 6.00340720e+08
 7.06859450e+08
 8.17275149e+08
 8.40433734e+08
 7.98984983e+08
 8.06257402e+08
 8.34850616e+08
 8.55152926e+08
 8.08870057e+08
 7.32678908e+08
 7.48597855e+08
 7.56978291e+08
 6.79075763e+08
 5.73393800e+08
 5.23465079e+08
 5.62370323e+08
 5.50499630e+08
 5.19387661e+08
 5.59533614e+08
 5.43326259e+08
 5.08856312e+08
 4.93548226e+08
 4.86366869e+08
 4.58034646e+08
 4.64015656e+08
 4.68885603e+08
 4.35312481e+08
 4.39678571e+08
 4.66196961e+08
 4.68925161e+08
 4.67991097e+08
 4.98048466e+08
 5.13931905e+08
 5.33260618e+08
 5.92479601e+08
 7.04218211e+08
 1.06301908e+09
 2.01314394e+09
 3.80284437e+09
 4.48169438e+09
 4.01121445e+09
 4.25901808e+09
 4.00721869e+09
 2.18060279e+09
 1.16120807e+09
 1.44491893e+09
 1.68413491e+09
 1.88890552e+09
 2.40460392e+09
 1.87705425e+09
 1.73504226e+09
 1.30451750e+09
 7.09713488e+08
 6.31416851e+08
 6.06386098e+08
 4.86051473e+08
 4.75899502e+08
 5.13509161e+08
 5.14731921e+08
 5.37667723e+08
 5.31063912e+08
 5.09658854e+08
 4.95008112e+08
 4.88028313e+08
 4.99893719e+08
 5.08874046e+08
 5.18134943e+08
 5.33427525e+08
 5.24575402e+08
 5.13263500e+08
 5.50139464e+08
 5.30402031e+08
 5.34118373e+08
 5.64377660e+08
 5.38644305e+08
 5.39801752e+08
 5.39593199e+08
 5.02919649e+08
 4.90942580e+08
 5.21990690e+08
 5.04190634e+08
 5.23391602e+08
 6.16962384e+08
 5.80083594e+08
 5.29568859e+08
 5.92044369e+08
 5.91542607e+08
 5.84544754e+08
 5.69441957e+08
 5.62705447e+08
 5.91306612e+08
 5.69435203e+08
 5.91392549e+08
 5.80373195e+08
 6.04837629e+08
 6.41017993e+08
 5.74920990e+08
 5.69035683e+08
 6.18259498e+08
 5.86545968e+08
 5.36454966e+08
 5.01030827e+08
 4.86514272e+08
 5.18354273e+08
 4.79134828e+08
 4.61199427e+08
 5.11469497e+08
 5.35242608e+08
 5.85978361e+08
 5.47535698e+08
 5.40310318e+08
 5.74478848e+08
 5.23606207e+08
 4.81543460e+08
 5.25613067e+08
 5.58208927e+08
 5.58376797e+08
 5.28759167e+08
 5.15452223e+08
 5.18583726e+08
 4.76594815e+08
 5.04986423e+08
 5.20487199e+08
 5.62264111e+08
 5.34528217e+08
 4.79513533e+08
 5.31901314e+08
 5.21388223e+08
 4.79503006e+08
 5.13595737e+08
 5.64483756e+08
 5.83823332e+08
 5.10400872e+08
 5.09613975e+08
 5.98371929e+08
 6.04367435e+08
 5.72836734e+08
 5.86363750e+08
 6.04918461e+08
 6.30995882e+08
 6.27705845e+08
 5.43858327e+08
 5.39281290e+08
 5.57371662e+08
 5.34532822e+08
 5.29912096e+08
 5.63810615e+08
 5.62034049e+08
 5.37640486e+08
 5.70323499e+08
 5.79896553e+08
 5.57801595e+08
 5.66511769e+08
 6.05254578e+08
 5.99193635e+08
 5.91011949e+08
 5.73621331e+08
 5.45826084e+08
 5.64785113e+08
 5.55919820e+08
 5.46815776e+08
 5.56634188e+08
 5.61433960e+08
 5.83079056e+08
 5.58671051e+08
 5.30010966e+08
 5.40895670e+08
 5.40060129e+08
 5.24772042e+08
 5.23358430e+08
 5.40166593e+08
 5.37967674e+08
 5.21656474e+08
 5.38905957e+08
 5.46186963e+08
 5.16975113e+08
 5.30515292e+08
 4.95137863e+08
 4.99981957e+08
 5.31107565e+08
 5.16191211e+08
 5.10315413e+08
 5.21274798e+08
 5.57178991e+08
 5.47170532e+08
 5.58278148e+08
 5.22731319e+08
 5.28088092e+08
 5.79074168e+08
 5.80446197e+08
 5.61293110e+08
 5.37556106e+08
 5.31314249e+08
 5.89629345e+08
 6.25614317e+08
 5.67458664e+08
 5.44454692e+08
 5.62197904e+08
 5.68743781e+08
 4.89602992e+08
 4.82249102e+08
 5.27957247e+08
 5.23873036e+08
 5.25113639e+08
 5.43351054e+08
 5.44637690e+08
 5.45048103e+08
 5.93693012e+08
 5.21781892e+08
 4.88108120e+08
 5.54936160e+08
 5.21398743e+08
 5.26498209e+08
 5.91866527e+08
 5.77631173e+08
 6.14437099e+08
 6.08000868e+08
 5.82010651e+08
 6.23673984e+08
 6.46970216e+08
 6.20313038e+08
 5.57233855e+08
 5.38225218e+08
 5.09202531e+08
 5.18939858e+08
 5.45812485e+08
 5.08241199e+08
 5.54110310e+08
 6.43165231e+08
 5.82034662e+08
 4.75526915e+08
 4.58987988e+08
 5.35460576e+08
 5.64876678e+08
 5.97695178e+08
 5.67944401e+08
 5.95294482e+08
 7.33428622e+08
 6.13739133e+08
 5.34453271e+08
 5.61352457e+08
 6.01258846e+08
 5.85446608e+08
 5.01433185e+08
 5.13852904e+08
 5.70905886e+08
 5.86538430e+08
 5.34714675e+08
 5.22213024e+08
 5.45849927e+08
 5.61692700e+08
 5.66401331e+08
 6.32629901e+08
 6.51141129e+08
 5.65328012e+08
 5.46167491e+08
 5.36353540e+08
 5.19249899e+08
 5.71875713e+08
 6.22338760e+08
 5.82306999e+08
 5.41348746e+08
 5.70955450e+08
 6.29980745e+08
 6.30162118e+08
 5.84221147e+08
 5.32723944e+08
 5.42159567e+08
 6.12141746e+08
 6.23127381e+08
 6.04229098e+08
 6.43911825e+08
 6.03185829e+08
 5.71973389e+08
 6.18301757e+08
 6.23196640e+08
 6.08905208e+08
 6.30774662e+08
 6.02141768e+08
 5.78526467e+08
 5.73915132e+08
 6.09638075e+08
 6.64655274e+08
 6.57689323e+08
 6.72581771e+08
 6.71845415e+08
 7.23092051e+08
 6.90427023e+08
 6.15803198e+08
 6.23398945e+08
 6.30943036e+08
 6.11665806e+08
 6.26092095e+08
 6.20243471e+08
 5.61417761e+08
 6.01187660e+08
 6.59832851e+08
 6.45154847e+08
 6.33268327e+08
 6.39751827e+08
 6.44815202e+08
 6.26987618e+08
 5.90313380e+08
 6.01459312e+08
 6.25503645e+08
 6.54415235e+08
 6.26869186e+08
 5.73324378e+08
 6.10975590e+08
 7.41220250e+08
 7.38534276e+08
 6.46984688e+08
 6.73778754e+08
 6.63652277e+08
 6.18391953e+08
 6.36923152e+08
 6.25763469e+08
 5.99146936e+08
 6.19521586e+08
 6.39851967e+08
 6.21731027e+08
 6.52868233e+08
 6.95262009e+08
 6.00995785e+08
 5.74770299e+08
 6.54059376e+08
 6.61058658e+08
 6.59724763e+08
 6.58696778e+08
 6.20737893e+08
 5.89292537e+08
 5.87561851e+08
 6.12739961e+08
 6.44464182e+08
 6.44052589e+08
 6.23510600e+08
 6.40274664e+08
 5.93319686e+08
 6.02852638e+08
 6.10989207e+08
 5.72869732e+08
 5.88678508e+08
 5.56801568e+08
 5.56317452e+08
 6.64576355e+08
 6.68610448e+08
 6.15878848e+08
 6.73934027e+08
 6.49590173e+08
 6.20813958e+08
 6.30207353e+08
 6.18024119e+08
 6.63479256e+08
 6.88096326e+08
 6.28740006e+08
 5.84107680e+08
 5.53623739e+08
 5.59546853e+08
 5.70109368e+08
 4.97370316e+08
 5.03734288e+08
 5.34715939e+08
 5.29108470e+08
 5.75262762e+08
 6.27029217e+08
 5.77975272e+08
 5.23878657e+08
 5.78298570e+08
 5.81264095e+08
 6.15594658e+08
 7.28477519e+08
 8.19666964e+08
 9.17611134e+08
 1.54518287e+09
 2.60916209e+09
 2.86498401e+09
 2.42350160e+09
 2.24266490e+09
 2.83260114e+09
 2.28510644e+09
 1.72992552e+09
 2.13770782e+09
 3.44167021e+09
 5.08850406e+09
 6.81570781e+09
 6.95715644e+09
 7.01701719e+09
 5.18171209e+09
 2.17367186e+09
 1.10717088e+09
 7.94027038e+08
 6.92717079e+08
 6.41470170e+08
 6.16590746e+08
 5.28831731e+08
 5.04589229e+08
 5.19108825e+08
 5.17112261e+08
 5.75181889e+08
 5.30915663e+08
 4.65849721e+08
 4.79144059e+08
 4.61834468e+08
 4.60157541e+08
 5.21586945e+08
 6.30880127e+08
 6.40423043e+08
 5.68181407e+08
 6.23027267e+08
 6.96669914e+08
 6.49601509e+08
 6.01266436e+08
 6.25009854e+08
 7.20288920e+08
 8.41059210e+08
 9.53117348e+08
 1.14542365e+09
 1.27522225e+09
 1.10434708e+09
 1.06175731e+09
 9.73520045e+08
 8.46768129e+08
 7.84303362e+08
 6.73757506e+08
 6.37416239e+08
 6.64266878e+08
 7.25708214e+08
 7.31444616e+08
 7.04045655e+08
 7.12557911e+08
 6.68866547e+08
 6.88111400e+08
 7.82488561e+08
 7.46100291e+08
 7.29989122e+08
 7.61439733e+08
 7.34775469e+08
 8.20679773e+08
 8.84897112e+08
 8.49008022e+08
 8.23817052e+08
 7.76693602e+08
 7.33277983e+08
 6.97569576e+08
 7.04054670e+08
 7.18331985e+08
 7.27183460e+08
 6.95124743e+08
 6.60513153e+08
 6.51787601e+08
 6.53920197e+08
 6.81150964e+08
 7.05605515e+08
 6.91799950e+08
 7.05828277e+08
 7.41681673e+08
 7.45480023e+08
 8.05108552e+08
 8.22948840e+08
 7.76946658e+08
 7.67025030e+08
 7.50287717e+08
 7.51183614e+08
 7.52773534e+08
 7.30604843e+08
 7.16804492e+08
 7.12063720e+08
 7.29519603e+08
 7.23360921e+08
 7.30757171e+08
 7.90662421e+08
 8.00035166e+08
 7.64059227e+08
 7.42753899e+08
 7.95358311e+08
 8.10551614e+08
 7.70723311e+08
 7.82197245e+08
 7.85116379e+08
 8.00666691e+08
 8.25219446e+08
 8.15055370e+08
 7.79838624e+08
 7.82568454e+08
 8.28399640e+08
 8.29769437e+08
 7.80144291e+08
 7.65054553e+08
 7.86520127e+08
 7.76653398e+08
 7.85316315e+08
 7.68355072e+08
 7.22236233e+08
 7.76777346e+08
 7.91796902e+08
 7.60205511e+08
 8.32239256e+08
 8.22366384e+08
 7.93564935e+08
 8.29849924e+08
 8.21138880e+08
 8.02663736e+08
 7.75444350e+08
 7.76020951e+08
 8.26019644e+08
 8.13780491e+08
 7.79873460e+08
 8.11224347e+08
 8.35521789e+08
 7.94647558e+08
 7.38229327e+08
 7.18634402e+08
 7.23976854e+08
 7.14399808e+08
 7.13112329e+08
 7.22062065e+08
 7.14481655e+08
 7.11881331e+08
 7.00364452e+08
 6.78016954e+08
 6.62608469e+08
 7.06111654e+08
 7.14808561e+08
 6.73606206e+08
 7.22640642e+08
 7.85124727e+08
 8.27284518e+08
 7.91354555e+08
 7.46942698e+08
 7.86327444e+08
 8.16243152e+08
 8.60073638e+08
 8.49477130e+08
 7.88438303e+08
 7.68216636e+08
 8.06119950e+08
 8.56082463e+08
 7.87284136e+08
 7.42416080e+08
 7.85711677e+08
 8.15227864e+08
 8.42742296e+08
 7.77160173e+08
 7.67407874e+08
 7.74714946e+08
 7.33090494e+08
 7.22725220e+08
 6.97411014e+08
 7.29474541e+08
 7.70416664e+08
 7.21341910e+08
 6.71671055e+08
 7.29410598e+08
 7.71946984e+08
 7.78041656e+08
 8.32565085e+08
 8.23822232e+08
 7.43444908e+08
 7.03176006e+08
 7.72643696e+08
 7.95599418e+08
 7.37411010e+08
 7.67228537e+08
 8.31457103e+08
 8.24052567e+08
 8.55204458e+08
 1.08164554e+09
 1.28676708e+09
 1.30772037e+09
 1.28360029e+09
 1.15862980e+09
 1.05065359e+09
 9.27842743e+08
 8.16186055e+08
 7.32662454e+08
 6.95534490e+08
 7.21993646e+08
 7.29538221e+08
 7.75108847e+08
 8.29043478e+08
 7.23588892e+08
 6.34463210e+08
 6.34922865e+08
 5.96397014e+08
 6.19797647e+08
 6.25265340e+08
 5.50527171e+08
 5.44995768e+08
 5.81979213e+08
 6.13942219e+08
 6.23364090e+08
 6.16248720e+08
 7.00761528e+08
 8.45053960e+08
 8.91248068e+08
 1.04234799e+09
 1.26103411e+09
 2.49540420e+09
 5.50370241e+09
 6.26280592e+09
 5.60122391e+09
 6.93261184e+09
 9.99334327e+09
 9.42594055e+09
 9.17991283e+09
 5.96694986e+09
 2.47437882e+09
 2.43545417e+09
 3.17098146e+09
 3.27723372e+09
 3.36993169e+09
 3.38871270e+09
 3.52734852e+09
 3.72788036e+09
 4.84145087e+09
 5.22022308e+09
 3.58676205e+09
 2.73599967e+09
 1.89770842e+09
 1.64226373e+09
 1.82917933e+09
 1.42157456e+09
 1.35857296e+09
 1.47094443e+09
 1.31737535e+09
 1.04045373e+09
 9.82733990e+08
 9.99652730e+08
 1.04054845e+09
 9.50988850e+08
 8.55634948e+08
 7.51452572e+08
 7.13533893e+08
 8.58277265e+08
 7.69733843e+08
 6.12990190e+08
 6.68446169e+08
 7.81050874e+08
 8.15252572e+08
 7.32832976e+08
 6.69757831e+08
 7.04914111e+08
 8.08256007e+08
 7.42953526e+08
 6.96424957e+08
 7.15957058e+08
 7.44045671e+08
 8.35434074e+08
 7.61771544e+08
 9.30973411e+08
 9.80504927e+08
 9.22703683e+08
 1.07590691e+09
 9.92172336e+08
 9.16219436e+08
 1.24799216e+09
 1.54072165e+09
 1.16074410e+09
 1.20961943e+09
 1.68756689e+09
 2.07574121e+09
 2.34037468e+09
 2.31791521e+09
 2.37908342e+09
 2.78947046e+09
 3.70197801e+09
 3.22066736e+09
 2.36896084e+09
 2.79042184e+09
 2.94836885e+09
 3.63072819e+09
 4.23941207e+09
 2.22596072e+09
 2.18036566e+09
 2.56295594e+09
 1.93220375e+09
 2.27124858e+09
 3.50409919e+09
 4.85722346e+09
 6.87701146e+09
 7.18639994e+09
 7.76109483e+09
 9.25410808e+09
 7.07043472e+09
 7.17559035e+09
 7.79774680e+09
 5.12366342e+09
 2.54857605e+09
 1.60364784e+09
 1.24772932e+09
 1.05397844e+09
 8.81745081e+08
 7.99566032e+08
 8.31314963e+08
 8.27707388e+08
 7.66810474e+08
 7.08923239e+08
 6.76410532e+08
 6.76583622e+08
 6.32168092e+08
 6.10581491e+08
 6.40110084e+08
 6.17256505e+08
 7.12814709e+08
 7.21086894e+08
 6.51476153e+08
 6.99696040e+08
 6.81899356e+08
 6.92358640e+08
 7.40358256e+08
 7.50157929e+08
 8.16137728e+08
 9.61112395e+08
 8.22592741e+08
 7.91034708e+08
 8.99510377e+08
 8.77034723e+08
 9.21355791e+08
 9.46537717e+08
 9.85481441e+08
 9.71759840e+08
 1.11114162e+09
 1.33100552e+09
 1.38800257e+09
 1.47062064e+09
 1.58238084e+09
 1.44152223e+09
 1.31078555e+09
 1.28393169e+09
 1.09232573e+09
 9.40940973e+08
 9.15319195e+08
 9.26164730e+08
 8.62776625e+08
 8.41217840e+08
 8.40850043e+08
 8.00623989e+08
 8.12902800e+08
 8.64865577e+08
 8.61506536e+08
 8.55398557e+08
 8.71522136e+08
 8.49548747e+08
 8.41585331e+08
 9.55670065e+08
 1.00326990e+09
 9.55933212e+08
 9.56615235e+08
 9.07082958e+08
 8.79137276e+08
 8.49114689e+08
 8.20117322e+08
 8.36923166e+08
 8.26028754e+08
 8.74389058e+08
 9.00355942e+08
 8.53539705e+08
 8.79494634e+08
 8.90722930e+08
 9.15486707e+08
 9.49863996e+08
 9.60662375e+08
 9.67342145e+08
 1.00297339e+09
 1.04375527e+09
 1.01978338e+09
 9.86772747e+08
 9.91576754e+08
 9.70365842e+08
 9.34855819e+08
 9.33369799e+08
 9.62859290e+08
 9.77624054e+08
 8.99043912e+08
 9.21912924e+08
 9.55870095e+08
 8.93527285e+08
 9.02021180e+08
 8.96655516e+08
 8.93376423e+08
 9.00830997e+08
 8.92795781e+08
 9.10040896e+08
 9.24645157e+08
 8.87327260e+08
 8.63957783e+08
 9.03860049e+08
 9.14765620e+08
 9.35230043e+08
 9.05788992e+08
 8.42627444e+08
 8.58507580e+08
 9.25449321e+08
 1.00660972e+09
 9.83262722e+08
 9.06312563e+08
 9.53644259e+08
 1.02705753e+09
 9.94267206e+08
 9.62745358e+08
 9.28153323e+08
 9.45209304e+08
 9.70590920e+08
 9.42636895e+08
 9.39404458e+08
 9.42021409e+08
 9.45080716e+08
 9.58687366e+08
 9.68244590e+08
 9.46658038e+08
 9.34547002e+08
 9.34133921e+08
 9.10158671e+08
 9.11643524e+08
 9.17979463e+08
 9.42195124e+08
 9.45907596e+08
 9.14021784e+08
 9.61533354e+08
 1.00062681e+09
 9.36008704e+08
 9.33657550e+08
 1.01226755e+09
 9.74098751e+08
 9.82450399e+08
 1.02027737e+09
 9.92489330e+08
 1.00980796e+09
 9.87293617e+08
 9.85039942e+08
 1.04390584e+09
 1.04200256e+09
 1.01549132e+09
 1.02561325e+09
 1.06534679e+09
 1.08792349e+09
 1.05197563e+09
 1.05904150e+09
 1.11563018e+09
 1.11667681e+09
 1.13876659e+09
 1.12678722e+09
 1.05499179e+09
 9.80519466e+08
 9.46157277e+08
 9.57128883e+08
 9.72696791e+08
 1.01504318e+09
 1.03036602e+09
 1.02140625e+09
 9.93814812e+08
 1.01277365e+09
 1.06149829e+09
 9.88840340e+08
 9.43697980e+08
 9.40025966e+08
 9.11688860e+08
 9.04176927e+08
 8.73494481e+08
 8.90772673e+08
 9.64658462e+08
 9.90102701e+08
 9.44032369e+08
 9.80152158e+08
 1.06536908e+09
 1.04545815e+09
 9.63858290e+08
 9.95221379e+08
 1.03353736e+09
 9.64345457e+08
 1.06595549e+09
 1.08678961e+09
 9.40701542e+08
 8.79950432e+08
 8.58350247e+08
 1.10248030e+09
 1.51627199e+09
 1.54377272e+09
 1.46382644e+09
 1.54239562e+09
 1.36364698e+09
 1.20118002e+09
 1.10972206e+09
 9.05786029e+08
 9.21577122e+08
 9.74176671e+08
 8.57913970e+08
 8.68059968e+08
 8.28811354e+08
 7.19219790e+08
 7.77083236e+08
 7.55567772e+08
 6.99647498e+08
 6.41778434e+08
 6.60831790e+08
 7.23596919e+08
 6.44469644e+08
 5.86419221e+08
 6.37696306e+08
 7.03751901e+08
 7.59495551e+08
 8.65826477e+08
 8.60273341e+08
 1.00240227e+09
 1.25616761e+09
 2.09147712e+09
 4.81347385e+09
 7.42102836e+09
 9.23356773e+09
 9.22730684e+09
 6.41032959e+09
 5.48385207e+09
 3.46570088e+09
 3.17319235e+09
 4.43610373e+09
 4.12673862e+09
 4.26493293e+09
 3.62674837e+09
 2.66454229e+09
 1.81187313e+09
 1.25844120e+09
 9.85911753e+08
 9.48294289e+08
 9.16744263e+08
 7.68516579e+08
 8.24248671e+08
 1.08883794e+09
 9.40087352e+08
 7.10024196e+08
 8.12051002e+08
 8.72746657e+08
 8.31367523e+08
 7.92862526e+08
 8.61792484e+08
 9.73212074e+08
 9.15402825e+08
 8.23032497e+08
 7.51141389e+08
 7.73974011e+08
 7.55494031e+08
 7.93114101e+08
 9.38729099e+08
 7.88396821e+08
 7.62341255e+08
 9.27158440e+08
 9.00862407e+08
 8.01425114e+08
 7.71200683e+08
 8.72713790e+08
 9.15537729e+08
 8.63735220e+08
 9.01955241e+08
 9.36460188e+08
 9.42743673e+08
 9.02397553e+08
 9.25341768e+08
 9.08042965e+08
 8.85952842e+08
 9.38241822e+08
 8.89854386e+08
 8.81298595e+08
 9.50226603e+08
 1.07036344e+09
 1.09027317e+09
 1.09455946e+09
 1.19328276e+09
 1.04603773e+09
 8.89920695e+08
 9.00648311e+08
 8.46952681e+08
 8.85040267e+08
 1.02015671e+09
 1.11242495e+09
 1.10757854e+09
 9.81924995e+08
 9.28286586e+08
 9.84432196e+08
 1.11607840e+09
 1.07250268e+09
 9.66277899e+08
 9.63841630e+08
 9.09095043e+08
 9.51289875e+08
 8.87189584e+08
 7.60536339e+08
 8.31234348e+08
 9.53074755e+08
 9.23273621e+08
 9.48055723e+08
 9.92515451e+08
 1.02480365e+09
 1.18643521e+09
 1.18044937e+09
 1.15465085e+09
 1.07659899e+09
 9.16552259e+08
 8.31305152e+08
 8.64696473e+08
 9.06498059e+08
 8.68900496e+08
 8.94691244e+08
 8.86495028e+08
 9.04855848e+08
 9.47507084e+08
 8.98225768e+08
 8.57015209e+08
 8.14313294e+08
 8.85716010e+08
 9.60721349e+08
 9.58959715e+08
 8.99297241e+08
 8.70775365e+08
 9.30912760e+08
 8.97866581e+08
 8.53718332e+08
 8.06152831e+08
 8.78253996e+08
 9.44980533e+08
 9.05160439e+08
 9.16280077e+08
 8.83956508e+08
 8.47888332e+08
 8.42056559e+08
 8.38965001e+08
 9.09591513e+08
 1.05888533e+09
 1.19440452e+09
 1.20574071e+09
 1.10396774e+09
 1.02933992e+09
 1.00522025e+09
 1.00661550e+09
 9.63753522e+08
 1.00061801e+09
 1.04128744e+09
 1.05675162e+09
 1.09213214e+09
 9.92835804e+08
 8.84259325e+08
 9.01948712e+08
 9.95597994e+08
 1.05314012e+09
 1.07742806e+09
 1.05024441e+09
 8.95143069e+08
 8.65753992e+08
 9.41882069e+08
 1.01858794e+09
 1.04544336e+09
 1.07895284e+09
 1.03682245e+09
 9.08251869e+08
 1.03874317e+09
 1.22070308e+09
 1.21035251e+09
 1.03732223e+09
 9.89499261e+08
 1.04596520e+09
 1.03996561e+09
 9.49337621e+08
 9.31799308e+08
 9.86788436e+08
 9.28166086e+08
 9.81809694e+08
 1.01748710e+09
 9.96622035e+08
 9.22002363e+08
 9.03927417e+08
 1.03213157e+09
 9.07896911e+08
 8.44963585e+08
 9.89098226e+08
 1.07508012e+09
 1.07335211e+09
 1.03978506e+09
 9.57734005e+08
 8.79318519e+08
 9.37448694e+08
 9.78022335e+08
 9.69058543e+08
 1.01848888e+09
 1.02060451e+09
 9.74223619e+08
 9.90512134e+08
 9.71093220e+08
 9.23553420e+08
 9.48556263e+08
 9.98766915e+08
 1.06014477e+09
 1.13492243e+09
 1.14621783e+09
 1.05164248e+09
 9.88710288e+08
 1.02133911e+09
 1.08111241e+09
 1.01314526e+09
 9.67548080e+08
 1.00756570e+09
 9.56916771e+08
 9.11118650e+08
 9.58684450e+08
 9.56921708e+08
 8.99657297e+08
 8.83034727e+08
 8.83646246e+08
 8.17671888e+08
 8.09990031e+08
 9.33856739e+08
 9.08407723e+08
