 3.26200483e+00
 3.26202088e+00
 3.26204968e+00
 3.26208757e+00
 3.26213528e+00
 3.26219658e+00
 3.26226829e+00
 3.26234421e+00
 3.26243456e+00
 3.26253119e+00
 3.26261194e+00
 3.26272532e+00
 3.26288645e+00
 3.26305253e+00
 3.26322328e+00
 3.26335063e+00
 3.26349328e+00
 3.26364853e+00
 3.26385155e+00
 3.26392852e+00
 3.26394288e+00
 3.26418261e+00
 3.26455603e+00
 3.26496148e+00
 3.26527538e+00
 3.26555027e+00
 3.26575813e+00
 3.26603237e+00
 3.26638702e+00
 3.26668943e+00
 3.26697033e+00
 3.26738819e+00
 3.26760032e+00
 3.26783588e+00
 3.26835758e+00
 3.26887684e+00
 3.26933274e+00
 3.26965918e+00
 3.27020553e+00
 3.27075757e+00
 3.27109470e+00
 3.27130521e+00
 3.27158199e+00
 3.27192987e+00
 3.27270821e+00
 3.27347466e+00
 3.27398253e+00
 3.27473426e+00
 3.27563846e+00
 3.27611329e+00
 3.27663877e+00
 3.27696559e+00
 3.27719287e+00
 3.27827720e+00
 3.27970242e+00
 3.27999531e+00
 3.28025988e+00
 3.28104186e+00
 3.28178088e+00
 3.28256099e+00
 3.28358736e+00
 3.28447303e+00
 3.28472008e+00
 3.28631435e+00
 3.28700437e+00
 3.28662280e+00
 3.28723844e+00
 3.28869640e+00
 3.28999501e+00
 3.29066168e+00
 3.29141681e+00
 3.29230655e+00
 3.29304825e+00
 3.29456279e+00
 3.29570379e+00
 3.29636481e+00
 3.29665255e+00
 3.29750739e+00
 3.29926845e+00
 3.30043422e+00
 3.30066000e+00
 3.30019860e+00
 3.29760430e+00
 3.29483602e+00
 3.29142777e+00
 3.28166432e+00
 3.27644763e+00
 3.27789329e+00
 3.27825739e+00
 3.27714765e+00
 3.28054044e+00
 3.28663815e+00
 3.29652212e+00
 3.30960182e+00
 3.31551076e+00
 3.31827701e+00
 3.31896939e+00
 3.31903259e+00
 3.31976105e+00
 3.32234672e+00
 3.32500336e+00
 3.32567942e+00
 3.32765861e+00
 3.32885493e+00
 3.32829271e+00
 3.32891867e+00
 3.32872576e+00
 3.32962490e+00
 3.33217667e+00
 3.33419274e+00
 3.33519648e+00
 3.33605568e+00
 3.33876151e+00
 3.34059576e+00
 3.33964837e+00
 3.34110323e+00
 3.34357850e+00
 3.34606429e+00
 3.34538469e+00
 3.33670712e+00
 3.33049156e+00
 3.32821628e+00
 3.32667723e+00
 3.33710234e+00
 3.35091545e+00
 3.35294879e+00
 3.35096853e+00
 3.34945856e+00
 3.35418214e+00
 3.35795314e+00
 3.35806171e+00
 3.36000684e+00
 3.35908852e+00
 3.35757244e+00
 3.35795284e+00
 3.35870675e+00
 3.36286444e+00
 3.36580952e+00
 3.36918467e+00
 3.37333597e+00
 3.37595018e+00
 3.37762980e+00
 3.37919841e+00
 3.37669198e+00
 3.37996322e+00
 3.38644792e+00
 3.38397463e+00
 3.38378060e+00
 3.38636553e+00
 3.38977457e+00
 3.39347384e+00
 3.39474140e+00
 3.39544092e+00
 3.39294519e+00
 3.38880813e+00
 3.38546354e+00
 3.38564360e+00
 3.39053641e+00
 3.38961375e+00
 3.39147668e+00
 3.40236575e+00
 3.40551853e+00
 3.40216627e+00
 3.40632583e+00
 3.41205214e+00
 3.41862430e+00
 3.42223940e+00
 3.42156838e+00
 3.42470722e+00
 3.43433478e+00
 3.44102679e+00
 3.44376391e+00
 3.44784527e+00
 3.44980614e+00
 3.45436127e+00
 3.45756900e+00
 3.45678053e+00
 3.46117572e+00
 3.46465074e+00
 3.46578053e+00
 3.46706889e+00
 3.46882433e+00
 3.46882463e+00
 3.47567640e+00
 3.48859014e+00
 3.48751402e+00
 3.48002905e+00
 3.48684618e+00
 3.48292591e+00
 3.45971843e+00
 3.45623591e+00
 3.45712484e+00
 3.45842801e+00
 3.45856580e+00
 3.45046049e+00
 3.45888868e+00
 3.48365750e+00
 3.50263698e+00
 3.51330102e+00
 3.52186579e+00
 3.53057391e+00
 3.53949557e+00
 3.52886010e+00
 3.51964257e+00
 3.53877896e+00
 3.55424990e+00
 3.56358679e+00
 3.56088452e+00
 3.55178099e+00
 3.55659245e+00
 3.55638435e+00
 3.56361841e+00
 3.56813261e+00
 3.57055137e+00
 3.58227190e+00
 3.59777730e+00
 3.60992989e+00
 3.61815335e+00
 3.61029170e+00
 3.59007390e+00
 3.59148853e+00
 3.61357526e+00
 3.63601783e+00
 3.63836786e+00
 3.63303901e+00
 3.62667096e+00
 3.64142670e+00
 3.64649079e+00
 3.62777712e+00
 3.62159322e+00
 3.63705089e+00
 3.66390805e+00
 3.66075488e+00
 3.64872049e+00
 3.64094118e+00
 3.65998661e+00
 3.66857778e+00
 3.67068907e+00
 3.68571754e+00
 3.66665841e+00
 3.68400181e+00
 3.70059298e+00
 3.69051219e+00
 3.68118229e+00
 3.69412231e+00
 3.69277188e+00
 3.69499437e+00
 3.70024061e+00
 3.68700742e+00
 3.71552638e+00
 3.70140893e+00
 3.69212559e+00
 3.69551693e+00
 3.68721786e+00
 3.70768292e+00
 3.70706132e+00
 3.69481149e+00
 3.69107950e+00
 3.71803660e+00
 3.73893658e+00
 3.76160864e+00
 3.77031635e+00
 3.74994854e+00
 3.76737082e+00
 3.76785858e+00
 3.72754489e+00
 3.67678626e+00
 3.66267052e+00
 3.68473541e+00
 3.68560311e+00
 3.63665376e+00
 3.62637031e+00
 3.64077662e+00
 3.66728804e+00
 3.67701936e+00
 3.66418786e+00
 3.70290145e+00
 3.72493939e+00
 3.75236037e+00
 3.78281340e+00
 3.77295736e+00
 3.77499198e+00
 3.79516890e+00
 3.80805566e+00
 3.80536140e+00
 3.80054441e+00
 3.81074026e+00
 3.80668522e+00
 3.80745647e+00
 3.82985815e+00
 3.83312660e+00
 3.81340302e+00
 3.79716573e+00
 3.80330113e+00
 3.80117438e+00
 3.80641262e+00
 3.80242042e+00
 3.79912483e+00
 3.81765940e+00
 3.82396359e+00
 3.82610065e+00
 3.82342865e+00
 3.81531337e+00
 3.82939543e+00
 3.86769883e+00
 3.87253260e+00
 3.85179755e+00
 3.82446248e+00
 3.82625677e+00
 3.85916892e+00
 3.85775793e+00
 3.86123522e+00
 3.85810270e+00
 3.85758074e+00
 3.87388181e+00
 3.87941706e+00
 3.89229114e+00
 3.88660385e+00
 3.86263642e+00
 3.84785941e+00
 3.84816896e+00
 3.85020958e+00
 3.86542014e+00
 3.86527427e+00
 3.88572937e+00
 3.90637007e+00
 3.90006129e+00
 3.89930961e+00
 3.90117705e+00
 3.89578485e+00
 3.89761555e+00
 3.93722968e+00
 3.93607355e+00
 3.92215753e+00
 3.95104371e+00
 3.97185223e+00
 3.95570116e+00
 3.97040513e+00
 3.98866571e+00
 3.97440569e+00
 3.98004616e+00
 3.98603360e+00
 3.98735217e+00
 3.97541780e+00
 3.97833256e+00
 3.95224439e+00
 3.97011375e+00
 4.02383018e+00
 4.02194892e+00
 4.00920266e+00
 3.99036076e+00
 4.00470706e+00
 4.01531558e+00
 4.01284799e+00
 4.00789882e+00
 4.02300763e+00
 4.04577575e+00
 4.05661089e+00
 4.05174816e+00
 4.03339406e+00
 4.03087901e+00
 4.05959714e+00
 4.06635715e+00
 4.03282838e+00
 4.05580925e+00
 4.09235345e+00
 4.08858019e+00
 4.10950634e+00
 4.12165308e+00
 4.11606814e+00
 4.12475164e+00
 4.12451772e+00
 4.12616217e+00
 4.09958183e+00
 4.12134381e+00
 4.17344035e+00
 4.11737416e+00
 4.06903840e+00
 4.09471250e+00
 4.13648163e+00
 4.14176702e+00
 4.13804738e+00
 4.13714433e+00
 4.16939885e+00
 4.20740863e+00
 4.20554716e+00
 4.20827060e+00
 4.19503092e+00
 4.19576415e+00
 4.18445294e+00
 4.16833918e+00
 4.17798394e+00
 4.18649541e+00
 4.14987583e+00
 4.12486028e+00
 4.12847825e+00
 4.12803846e+00
 4.16158187e+00
 4.14917853e+00
 4.16522977e+00
 4.17471879e+00
 4.07746403e+00
 3.95769575e+00
 3.97967674e+00
 4.11856765e+00
 4.07843977e+00
 3.97515622e+00
 4.01464103e+00
 4.04338530e+00
 3.96804487e+00
 3.99010426e+00
 4.10735546e+00
 4.20606796e+00
 4.27229744e+00
 4.28345279e+00
 4.28098645e+00
 4.29053497e+00
 4.27558124e+00
 4.31318116e+00
 4.33515397e+00
 4.34830244e+00
 4.37910089e+00
 4.38738980e+00
 4.42783106e+00
 4.43667466e+00
 4.41519238e+00
 4.38412504e+00
 4.39664803e+00
 4.40052363e+00
 4.40526140e+00
 4.41695901e+00
 4.42455171e+00
 4.46691178e+00
 4.46238754e+00
 4.43703659e+00
 4.40794174e+00
 4.43592842e+00
 4.49002066e+00
 4.49017083e+00
 4.44976915e+00
 4.44038815e+00
 4.47900193e+00
 4.55847863e+00
 4.60457366e+00
 4.57483640e+00
 4.58663713e+00
 4.56788867e+00
 4.58567462e+00
 4.62456288e+00
 4.59773261e+00
 4.59565172e+00
 4.62848074e+00
 4.62673463e+00
 4.57252153e+00
 4.57485053e+00
 4.61326666e+00
 4.57422791e+00
 4.57127927e+00
 4.64428900e+00
 4.69116898e+00
 4.62023414e+00
 4.62129303e+00
 4.68323622e+00
 4.62231843e+00
 4.59510613e+00
 4.49047264e+00
 4.29267367e+00
 4.27452635e+00
 4.33735103e+00
 4.35415448e+00
 4.33733434e+00
 4.33835607e+00
 4.47938451e+00
 4.60299930e+00
 4.66337270e+00
 4.71141658e+00
 4.68131993e+00
 4.67405731e+00
 4.67249586e+00
 4.64669763e+00
 4.65007122e+00
 4.69482809e+00
 4.77610249e+00
 4.81791637e+00
 4.84198366e+00
 4.87067209e+00
 4.88071197e+00
 4.82824374e+00
 4.76165762e+00
 4.83649120e+00
 4.79112689e+00
 4.73477452e+00
 4.79664565e+00
 4.77748331e+00
 4.79536983e+00
 4.83859861e+00
 4.89171622e+00
 4.97097432e+00
 5.01066326e+00
 4.98800518e+00
 4.93421111e+00
 4.95251579e+00
 4.99662599e+00
 4.97138056e+00
 4.97772469e+00
 4.95438244e+00
 4.99653797e+00
 5.00182577e+00
 5.00963313e+00
 5.00963313e+00
 5.14038643e+00
 5.16393897e+00
 5.18593926e+00
 5.21012521e+00
 5.18227016e+00
 5.09929996e+00
 5.07558866e+00
 5.07279464e+00
 5.06911544e+00
 5.06397704e+00
 5.00989699e+00
 5.06614398e+00
 5.15893143e+00
 5.09287851e+00
 5.11251637e+00
 5.15281409e+00
 5.12269355e+00
 5.04365972e+00
 5.03675003e+00
 5.09328341e+00
 5.09378643e+00
 5.11571660e+00
 5.19204044e+00
 5.26383175e+00
 5.21802589e+00
 5.19690440e+00
 5.24351514e+00
 5.25892581e+00
 5.29739249e+00
 5.34322974e+00
 5.33369341e+00
 5.31944032e+00
 5.33785310e+00
 5.35575037e+00
 5.35262272e+00
 5.28684748e+00
 5.32206903e+00
 5.43983683e+00
 5.49416349e+00
 5.65911747e+00
 5.50701712e+00
 5.07023730e+00
 4.84182598e+00
 4.77227813e+00
 4.79048232e+00
 4.98494189e+00
 5.29367859e+00
 5.63037419e+00
 5.73312625e+00
 5.62454954e+00
 5.78701933e+00
 5.77585270e+00
 5.64028765e+00
 5.85736758e+00
 6.11110145e+00
 6.21106256e+00
 6.09603079e+00
 6.25132772e+00
 6.29393379e+00
 6.02573150e+00
 6.08262041e+00
 6.19619239e+00
 6.20114919e+00
 6.25546298e+00
 6.30988935e+00
 6.19772949e+00
 6.19016318e+00
 6.21943544e+00
 5.99473848e+00
 5.88270505e+00
 5.84294227e+00
 5.63897266e+00
 5.50761976e+00
 5.15769706e+00
 4.72856463e+00
 4.22603077e+00
 3.94898105e+00
 3.95561850e+00
 3.93941878e+00
 3.94542954e+00
 3.91386174e+00
 3.82683747e+00
 3.84387635e+00
 3.89818137e+00
 3.91057403e+00
 3.92482940e+00
 3.92232587e+00
 3.95227652e+00
 4.12423790e+00
 4.14911235e+00
 4.07443300e+00
 4.11098291e+00
 4.19082369e+00
 4.10646099e+00
 4.11764071e+00
 4.20759248e+00
 4.21911600e+00
 4.19472262e+00
 4.27999013e+00
 4.41687374e+00
 4.44836595e+00
 4.63853381e+00
 4.73536348e+00
 4.56263734e+00
 4.46359128e+00
 4.24794316e+00
 4.04949430e+00
 4.05724577e+00
 4.07410493e+00
 4.27468389e+00
 4.24367962e+00
 4.08736614e+00
 4.06984640e+00
 3.94270436e+00
 3.88713047e+00
 3.92020200e+00
 3.93417887e+00
 3.92817747e+00
 4.03263525e+00
 4.03164593e+00
 4.04207656e+00
 4.10610421e+00
 3.99609470e+00
 3.94585934e+00
 4.09001176e+00
 4.23821417e+00
 4.22956239e+00
 4.34023882e+00
 4.67073733e+00
 5.30502376e+00
 5.80381133e+00
 6.00667968e+00
 6.33072629e+00
 6.48485912e+00
 6.81165373e+00
 7.20306096e+00
 7.03059194e+00
 6.93535437e+00
 7.27923823e+00
 7.46101689e+00
 7.83356386e+00
 7.83649753e+00
 7.59871430e+00
 8.04199574e+00
 8.11179142e+00
 8.06789439e+00
 7.72709652e+00
 7.35614984e+00
 7.42227961e+00
 7.64310239e+00
 7.93523324e+00
 8.31648537e+00
 8.57155204e+00
 8.01853290e+00
 7.73014478e+00
 7.99567526e+00
 8.22733037e+00
 8.44606307e+00
 8.37825416e+00
 8.14397419e+00
 7.74333711e+00
 7.67816471e+00
 7.68033788e+00
 7.55206745e+00
 7.42200802e+00
 7.59436249e+00
 8.05714097e+00
 8.00190138e+00
 7.67734857e+00
 7.42187825e+00
 7.05068552e+00
 6.81340294e+00
 6.59894459e+00
 6.38776790e+00
 6.52622438e+00
 6.65733825e+00
 6.46628236e+00
 6.43194747e+00
 6.58234196e+00
 6.98825688e+00
 7.41799093e+00
 7.75812787e+00
 7.87636814e+00
 7.55291463e+00
 7.41680844e+00
 7.54686461e+00
 7.77139104e+00
 7.68432216e+00
 7.55687891e+00
 7.52284876e+00
 7.48750662e+00
 7.60336866e+00
 7.80829218e+00
 7.91687775e+00
 8.05706144e+00
 7.73314146e+00
 7.54885135e+00
 7.74954266e+00
 7.78320862e+00
 7.96052833e+00
 7.89024032e+00
 8.00386146e+00
 7.97890264e+00
 7.41466338e+00
 7.32483051e+00
 7.31569662e+00
 7.07562892e+00
 7.47107380e+00
 8.00952279e+00
 7.95004018e+00
 8.14791525e+00
 8.12367136e+00
 8.11300621e+00
 7.99721285e+00
 7.80414140e+00
 7.98390548e+00
 7.93105246e+00
 7.98075256e+00
 8.19278602e+00
 8.08876469e+00
 7.95221235e+00
 8.18307854e+00
 8.37555192e+00
 8.38133399e+00
 8.57927570e+00
 8.20412228e+00
 8.06521825e+00
 8.24079116e+00
 7.89597191e+00
 7.75719343e+00
 7.75493120e+00
 7.73085632e+00
 8.18164538e+00
 8.43067670e+00
 8.19109600e+00
 8.45533419e+00
 8.61927610e+00
 8.37890960e+00
 8.43300306e+00
 8.55278744e+00
 8.30897529e+00
 8.48804526e+00
 8.59089129e+00
 8.75441968e+00
 8.62470269e+00
 8.33869771e+00
 8.71853703e+00
 8.79052258e+00
 8.60816295e+00
 8.81648677e+00
 8.79128143e+00
 8.31979893e+00
 8.73224298e+00
 9.14118444e+00
 8.85668581e+00
 8.62524001e+00
 8.45157149e+00
 8.60712053e+00
 8.79121261e+00
 8.68758187e+00
 8.91348483e+00
 8.87001317e+00
 8.75653799e+00
 9.05411920e+00
 8.91830441e+00
 8.90717997e+00
 8.89721576e+00
 8.80676057e+00
 9.09184537e+00
 9.24281794e+00
 9.20577047e+00
 9.22985898e+00
 9.28936439e+00
 9.26695537e+00
 9.27482217e+00
 9.39397246e+00
 9.34399659e+00
 9.52290132e+00
 9.75568511e+00
 9.84713770e+00
 9.96913573e+00
 9.98520463e+00
 1.00364326e+01
 1.01990455e+01
 1.01148729e+01
 1.00099879e+01
 9.88993151e+00
 9.98060832e+00
 1.05696438e+01
 1.06230848e+01
 1.03516654e+01
 1.05269367e+01
 1.04010969e+01
 9.94577231e+00
 1.01081830e+01
 1.05818478e+01
 1.05748673e+01
 1.04319574e+01
 1.01933296e+01
 1.00568304e+01
 1.02944432e+01
 1.01208906e+01
 9.86809777e+00
 1.01554510e+01
 9.89667940e+00
 9.59993577e+00
 9.72631181e+00
 9.68555316e+00
 1.01618942e+01
 1.04974118e+01
 1.02601708e+01
 1.03223033e+01
 1.05343267e+01
 1.03279021e+01
 1.06720060e+01
 1.12937126e+01
 1.06251964e+01
 9.96934715e+00
 9.91046004e+00
 1.04442954e+01
 1.07069642e+01
 1.07320699e+01
 1.09423685e+01
 1.05006307e+01
 1.04165813e+01
 1.09253765e+01
 1.10205662e+01
 1.10555803e+01
 1.12266140e+01
 1.13764842e+01
 1.17537362e+01
 1.18444112e+01
 1.19282281e+01
 1.16962900e+01
 1.17369253e+01
 1.23831249e+01
 1.08039391e+01
 9.71352559e+00
 9.53682251e+00
 9.32391962e+00
 1.01259887e+01
 9.66654527e+00
 8.95964140e+00
 1.01709218e+01
 1.10577902e+01
 1.13597612e+01
 1.19906690e+01
 1.20325662e+01
 1.27211581e+01
 1.35486136e+01
 1.32344985e+01
 1.29698313e+01
 1.31073447e+01
 1.47961813e+01
 1.48881448e+01
 1.43329279e+01
 1.53803404e+01
 1.59809354e+01
 1.61319742e+01
 1.57250016e+01
 1.51599282e+01
 1.42144004e+01
 1.37821767e+01
 1.40322594e+01
 1.38481472e+01
 1.27249191e+01
 1.16283328e+01
 8.21866562e+00
 5.56456025e+00
 4.96947413e+00
 5.05616150e+00
 5.03183399e+00
 5.31563028e+00
 6.43518721e+00
 7.49083216e+00
 6.90055259e+00
 6.73810638e+00
 7.07516861e+00
 7.02696004e+00
 7.89416116e+00
 9.98646119e+00
 1.17109655e+01
 1.34979886e+01
 1.55771333e+01
 1.60012649e+01
 1.69741539e+01
 1.73934522e+01
 1.62743112e+01
 1.66551829e+01
 1.79540226e+01
 1.74040854e+01
 1.75594943e+01
 1.73370513e+01
 1.53949296e+01
 1.51966493e+01
 1.67884391e+01
 1.96793311e+01
 1.95945600e+01
 1.92761191e+01
 1.83140431e+01
 1.62904634e+01
 1.63399385e+01
 1.69345550e+01
 1.66776901e+01
 1.55533954e+01
 1.51884047e+01
 1.52782140e+01
 1.56108615e+01
 1.58439478e+01
 1.59730273e+01
 1.65349389e+01
 1.58468269e+01
 1.55932760e+01
 1.69660117e+01
 1.78828801e+01
 1.69784921e+01
 1.58080889e+01
 1.73208490e+01
 1.85760682e+01
 1.66220842e+01
 1.64789251e+01
 1.86704519e+01
 1.77964504e+01
 1.64242291e+01
 1.72482195e+01
 1.81768956e+01
 1.77615859e+01
 1.74980647e+01
 1.96058027e+01
 2.12176160e+01
 1.81437543e+01
 1.65488445e+01
 1.73220816e+01
 1.65620737e+01
 1.59892614e+01
 1.78175349e+01
 1.84146377e+01
 1.74053257e+01
 1.74578062e+01
 1.75450240e+01
 1.77575922e+01
 1.89274187e+01
 1.90920542e+01
 1.86676665e+01
 1.84062622e+01
 1.76194008e+01
 1.80039676e+01
 1.85018997e+01
 1.72910936e+01
 1.56977689e+01
 1.56643656e+01
 1.64008416e+01
 1.75200234e+01
 1.68417640e+01
 1.57549759e+01
 1.53670694e+01
 1.52728724e+01
 1.59556377e+01
 1.79540385e+01
 1.77658952e+01
 1.67637887e+01
 1.73873265e+01
 1.66775875e+01
 1.64892046e+01
 1.88379948e+01
 2.02559799e+01
 1.83972711e+01
 1.76444455e+01
 1.78847888e+01
 1.85384544e+01
 1.91331114e+01
 1.79474158e+01
 1.71894457e+01
 1.77515005e+01
 1.88405693e+01
 1.69632253e+01
 1.59547192e+01
 1.81894263e+01
 1.79681340e+01
 1.81294359e+01
 1.89086767e+01
 1.93497183e+01
 2.13874719e+01
 2.03877870e+01
 1.98259094e+01
 2.22505153e+01
 2.28640360e+01
 2.22447933e+01
 2.34669711e+01
 2.47081791e+01
 2.46232288e+01
 2.53989885e+01
 2.64623322e+01
 2.66646706e+01
 2.63598157e+01
 2.89005084e+01
 2.82688638e+01
 2.63706619e+01
 2.66150112e+01
 2.78786031e+01
 2.80726182e+01
 2.70594231e+01
 2.69460109e+01
 2.59353140e+01
 2.60175524e+01
 2.66529845e+01
 2.79809847e+01
 2.67359597e+01
 2.67994653e+01
 2.67600874e+01
 2.53004569e+01
 2.77256965e+01
 2.90004888e+01
 2.95322460e+01
 3.17058282e+01
 3.08272759e+01
 2.93017130e+01
 2.83888715e+01
 2.66508588e+01
 2.68524153e+01
 2.86828297e+01
 3.04693121e+01
 3.01913223e+01
 2.83313189e+01
 2.74993920e+01
 2.77153551e+01
 2.83785857e+01
 3.18252649e+01
 3.24608447e+01
 3.01861791e+01
 3.40667632e+01
 3.71134610e+01
 3.56874880e+01
 3.03285424e+01
 2.75916631e+01
 2.85860320e+01
 3.28065916e+01
 3.44855217e+01
 3.39120199e+01
 3.32511094e+01
 3.24524116e+01
 3.63183622e+01
 3.52375501e+01
 3.31772397e+01
 3.50337403e+01
 3.72059100e+01
 4.20286417e+01
 3.85507429e+01
 3.79991422e+01
 4.26821887e+01
 4.04381385e+01
 3.73285301e+01
 3.65233925e+01
 3.72104142e+01
 3.22019176e+01
 2.42698822e+01
 1.81161768e+01
 1.42034337e+01
 1.10472277e+01
 1.01057944e+01
 1.22955346e+01
 1.25550153e+01
 1.22653432e+01
 1.19831087e+01
 8.31592352e+00
 7.11317513e+00
 6.93076342e+00
 7.16461219e+00
 1.13578100e+01
 2.20617938e+01
 2.98197142e+01
 3.51871381e+01
 3.63978242e+01
 4.01979465e+01
 4.16223623e+01
 4.21614008e+01
 4.12162651e+01
 4.35905692e+01
 4.57468096e+01
 4.06761753e+01
 3.69809951e+01
 3.37835494e+01
 3.42259129e+01
 3.57790755e+01
 3.26763150e+01
 3.35414032e+01
 3.78429934e+01
 3.43396338e+01
 3.21928939e+01
 3.14518860e+01
 2.94549982e+01
 2.60675692e+01
 2.21882076e+01
 2.23020259e+01
 2.36352834e+01
 2.44703682e+01
 2.55958010e+01
 3.17852432e+01
 3.55270099e+01
 3.61126379e+01
 3.90077220e+01
 3.47129373e+01
 3.51264175e+01
 3.73212977e+01
 3.58507600e+01
 3.68355963e+01
 3.56345420e+01
 3.29795934e+01
 3.16598262e+01
 2.95400115e+01
 2.71423139e+01
 2.85756246e+01
 3.24221086e+01
 3.49634035e+01
 3.65371609e+01
 3.28092762e+01
 3.28504378e+01
 3.29212722e+01
 3.13804319e+01
 3.27757597e+01
 3.16809224e+01
 3.27779833e+01
 3.61163460e+01
 3.45284563e+01
 3.16373678e+01
 3.07122270e+01
 3.02775817e+01
 3.05966279e+01
 3.07940065e+01
 3.09567934e+01
 3.26248863e+01
 3.55824235e+01
 3.64839917e+01
 3.61982586e+01
 3.58259270e+01
 3.58811847e+01
 3.58467340e+01
 3.48474910e+01
 3.38217039e+01
 3.41525477e+01
 3.35427165e+01
 3.16933229e+01
 3.40752586e+01
 3.49105960e+01
 3.48764249e+01
 3.65205667e+01
 3.55266828e+01
 3.39410822e+01
 3.35180350e+01
 3.31223577e+01
 3.59737389e+01
 3.75715794e+01
 3.35587986e+01
 3.38945923e+01
 3.72998564e+01
 3.85317546e+01
 3.79394952e+01
 3.72887329e+01
 3.75941814e+01
 3.73635743e+01
 3.67030943e+01
 3.69545994e+01
 3.82919386e+01
 3.71095606e+01
 3.48343787e+01
 3.37478231e+01
 3.23387089e+01
 3.10488833e+01
 3.38165346e+01
 3.66712453e+01
 3.59029537e+01
 3.88133187e+01
 3.85454772e+01
 3.41962921e+01
 3.76068003e+01
 4.28670735e+01
 4.10859089e+01
 3.78036209e+01
 3.34268980e+01
 3.21692305e+01
 3.62489400e+01
 3.88700145e+01
 3.82177746e+01
 4.06404308e+01
 3.70285484e+01
 2.61761989e+01
 2.56884490e+01
 2.88193986e+01
 2.96231839e+01
 3.28174535e+01
 3.63644244e+01
 4.32957736e+01
 4.17220926e+01
 3.91039858e+01
 4.27580716e+01
 4.34720305e+01
 4.31544808e+01
 4.61224234e+01
 4.57932550e+01
 4.33970131e+01
 4.63878100e+01
 4.83550614e+01
 4.46435015e+01
 4.10693764e+01
 4.34241550e+01
 4.60971363e+01
 4.58930619e+01
 4.77133112e+01
 4.64544759e+01
 4.65848457e+01
 4.82051040e+01
 4.95154459e+01
 4.97100617e+01
 4.42529109e+01
 4.31167878e+01
 5.06774052e+01
 5.35548266e+01
 5.05153754e+01
 4.68014826e+01
 4.74736349e+01
 4.04272586e+01
 3.41048321e+01
 3.64782376e+01
 3.66041416e+01
 4.12174642e+01
 5.01156808e+01
 4.65205348e+01
 4.35930335e+01
 4.32984600e+01
 3.41609545e+01
 1.91274130e+01
 1.08834881e+01
 8.78063935e+00
 9.26556281e+00
 9.69733098e+00
 8.92512010e+00
 8.52486310e+00
 9.34852568e+00
 9.37010438e+00
 8.47331702e+00
 8.79932679e+00
 1.08116269e+01
 1.68076789e+01
 2.58979702e+01
 3.02650424e+01
 3.20284126e+01
 2.99463678e+01
 2.97629928e+01
 3.12982799e+01
 3.63245925e+01
 4.17999160e+01
 3.87270475e+01
 3.93155126e+01
 4.14815795e+01
 4.45523574e+01
 5.12131808e+01
 5.30498789e+01
 5.06337916e+01
 5.34215385e+01
 5.44180628e+01
 4.80802325e+01
 4.61559838e+01
 4.70527734e+01
 4.78059368e+01
 4.90226878e+01
 4.43451078e+01
 4.39334316e+01
 4.33657030e+01
 3.49817208e+01
 3.30453227e+01
 4.01176604e+01
 3.77723250e+01
 2.80260777e+01
 2.06660098e+01
 1.45325088e+01
 1.03636571e+01
 9.06671733e+00
 9.57948400e+00
 8.64949159e+00
 7.87669316e+00
 7.96305445e+00
 7.96617411e+00
 8.01499904e+00
 9.64203283e+00
 9.26905608e+00
 7.76194402e+00
 8.93187210e+00
 1.32957294e+01
 2.59801024e+01
 4.67891361e+01
 5.87421787e+01
 6.69650733e+01
 8.24908611e+01
 8.68069450e+01
 8.94651185e+01
 7.75481717e+01
 8.24895392e+01
 8.76254140e+01
 8.18824546e+01
 8.57516738e+01
 8.50683629e+01
 8.32224215e+01
 7.89534401e+01
 7.83068072e+01
 8.10307043e+01
 8.88918246e+01
 8.60492243e+01
 8.52516683e+01
 9.32904467e+01
 8.81110360e+01
 7.85625629e+01
 7.99487217e+01
 8.82725374e+01
 9.33491385e+01
 8.80125227e+01
 7.86716840e+01
 8.28581155e+01
 8.70794154e+01
 8.05971520e+01
 7.91667513e+01
 8.23739612e+01
 8.31407196e+01
 7.86099787e+01
 6.90598416e+01
 5.97513080e+01
 4.62951678e+01
 3.57838148e+01
 3.17990102e+01
 3.72882511e+01
 4.39752764e+01
 4.19129272e+01
 4.92252279e+01
 6.45927385e+01
 7.61785637e+01
 7.12673825e+01
 6.32706890e+01
 6.40061150e+01
 6.68906483e+01
 6.73094379e+01
 7.73838090e+01
 8.40517962e+01
 8.11937350e+01
 8.38255981e+01
 9.19540971e+01
 9.74271281e+01
 9.53351509e+01
 1.00307107e+02
 9.99840218e+01
 9.88669866e+01
 8.98514266e+01
 8.66945632e+01
 7.96068399e+01
 7.99298304e+01
 8.52355382e+01
 8.56975158e+01
 8.99803049e+01
 8.19547708e+01
 7.73065349e+01
 7.44358379e+01
 7.29003318e+01
 7.42940773e+01
 7.92387013e+01
 9.40479631e+01
 9.63329510e+01
 8.19275772e+01
 7.93541488e+01
 9.59870696e+01
 1.01493612e+02
 9.41160589e+01
 1.00912545e+02
 1.09051047e+02
 1.08186195e+02
 9.65154095e+01
 1.04711933e+02
 1.03190401e+02
 9.90538147e+01
 1.07678852e+02
 1.11619780e+02
 1.18755932e+02
 1.13593708e+02
 1.10167502e+02
 1.04478836e+02
 1.00902200e+02
 9.54812472e+01
 1.01942768e+02
 1.12331568e+02
 1.07863063e+02
 1.14473719e+02
 1.08249891e+02
 9.84195128e+01
 1.20179452e+02
 1.25993889e+02
 1.07714537e+02
 9.70814203e+01
 9.43588278e+01
 9.60051717e+01
 1.02232768e+02
 1.01064677e+02
 1.04356706e+02
 1.12171530e+02
 1.08742220e+02
 1.02861877e+02
 9.66987802e+01
 9.32502016e+01
 8.51220366e+01
 1.00187971e+02
 1.06913243e+02
 9.01471705e+01
 9.78030906e+01
 1.08274308e+02
 1.06044163e+02
 1.00435727e+02
 1.03462714e+02
 1.14147702e+02
 1.24736559e+02
 1.46111713e+02
 1.53210178e+02
 1.31382301e+02
 1.20892696e+02
 1.30084643e+02
 1.26776898e+02
 1.29606229e+02
 1.57829512e+02
 1.58240213e+02
 1.45137831e+02
 1.44502846e+02
 1.29523477e+02
 1.27744751e+02
 1.29350505e+02
 1.22410606e+02
 1.22011860e+02
 1.32835592e+02
 1.23939257e+02
 1.05537794e+02
 1.03604020e+02
 1.08362603e+02
 1.13667952e+02
 1.17757170e+02
 1.30385109e+02
 1.34019665e+02
 1.11388916e+02
 1.06947072e+02
 1.04882280e+02
 9.20599119e+01
 7.83129701e+01
 8.29768444e+01
 8.37144033e+01
 7.60982185e+01
 7.35326201e+01
 6.34804804e+01
 7.64685814e+01
 9.82930627e+01
 1.15479759e+02
 1.24364990e+02
 1.37638362e+02
 1.60497166e+02
 1.61469193e+02
 1.68628170e+02
 1.63850966e+02
 1.69126587e+02
 1.94786551e+02
 1.85120238e+02
 1.53762920e+02
 1.50401795e+02
 1.54278479e+02
 1.72923135e+02
 1.79123556e+02
 1.63228258e+02
 1.77692110e+02
 1.87926651e+02
 1.72209532e+02
 1.55024770e+02
 1.67793082e+02
 1.76117705e+02
 1.75729892e+02
 1.54250538e+02
 1.46287133e+02
 1.46558074e+02
 1.72924917e+02
 2.32974815e+02
 2.61909563e+02
 2.50510076e+02
 2.01358526e+02
 2.08620293e+02
 2.44931786e+02
 2.21201601e+02
 1.97271486e+02
 2.14564013e+02
 2.15933025e+02
 2.17074457e+02
 9.37823486e+01
 1.03850955e+02
 2.67823531e+02
 2.61850708e+02
 2.60154076e+02
 2.58322715e+02
 2.69433912e+02
 2.22122241e+02
 2.14191227e+02
 2.35106410e+02
 2.07283872e+02
 1.72586710e+02
 1.40785623e+02
 1.19741218e+02
 9.15087819e+01
 6.87210782e+01
 3.90914702e+01
 2.66336663e+01
 1.99642787e+01
 1.64821229e+01
 1.49659606e+01
 1.31492978e+01
 1.39888193e+01
 1.63437933e+01
 1.55861132e+01
 1.38923233e+01
 1.36328631e+01
 1.34457460e+01
 1.37065799e+01
 1.33615611e+01
 1.42437149e+01
 1.61587904e+01
 1.63026782e+01
 1.50340938e+01
 1.50233345e+01
 1.46326507e+01
 1.47750848e+01
 1.43201260e+01
 1.42771184e+01
 1.55015191e+01
 1.51626821e+01
 1.53044375e+01
 1.55743823e+01
 2.12010381e+01
 2.32023069e+01
 1.89085327e+01
 2.74384316e+01
 3.55412731e+01
 6.36574441e+01
 1.32650479e+02
 1.22675201e+02
 1.68179614e+02
 2.58180874e+02
 3.10658721e+02
 3.60624696e+02
 4.34799786e+02
 5.00355130e+02
 4.86563573e+02
 4.40160172e+02
 5.02058508e+02
 5.12808653e+02
 5.15254769e+02
 5.97034681e+02
 6.17795268e+02
 5.36353471e+02
 5.17576134e+02
 5.72066576e+02
 5.58845829e+02
 5.09636431e+02
 5.66905057e+02
 5.88785541e+02
 6.62413427e+02
 6.70331006e+02
 5.61076968e+02
 5.47775836e+02
 6.04041796e+02
 6.39369876e+02
 5.89161114e+02
 6.08309670e+02
 6.26053545e+02
 5.88884527e+02
 6.08843064e+02
 6.27456180e+02
 6.18961025e+02
 6.12267025e+02
 6.45916327e+02
 6.61283189e+02
 6.32777271e+02
 6.51799580e+02
 5.65755998e+02
 5.71886510e+02
 7.13563071e+02
 7.21131478e+02
 7.08591098e+02
 6.27667306e+02
 5.71525129e+02
 5.54153887e+02
 5.24032177e+02
 3.98117016e+02
 3.97612644e+02
 4.56598322e+02
 3.67692207e+02
 3.01394938e+02
 3.25020334e+02
 4.34297465e+02
 5.93412160e+02
 6.72280224e+02
 5.49545943e+02
 5.12548840e+02
 4.99698323e+02
 5.08269372e+02
 5.06567541e+02
 5.37582158e+02
 5.77856308e+02
 5.75865159e+02
 6.69270147e+02
 7.75122197e+02
 6.94282899e+02
 4.50415298e+02
 3.36923050e+02
 3.41197727e+02
 3.74639985e+02
 4.09802612e+02
 4.23440717e+02
 4.91885035e+02
 6.52534091e+02
 7.09741081e+02
 6.88624673e+02
 6.79004049e+02
 7.00057094e+02
 8.24688333e+02
 7.95465723e+02
 6.95339589e+02
 7.35909598e+02
 7.86015078e+02
 6.71211983e+02
 6.27249652e+02
 6.49509387e+02
 6.34810584e+02
 7.21762767e+02
 7.65239952e+02
 7.72194245e+02
 7.59511289e+02
 6.88128287e+02
 6.39745093e+02
 6.97015888e+02
 8.49286922e+02
 8.21340716e+02
 6.94118136e+02
 7.88619665e+02
 9.19375985e+02
 9.56480702e+02
 9.79192896e+02
 5.83900675e+02
 3.91811458e+02
 4.08769296e+02
 3.71747042e+02
 3.68693746e+02
 3.76189394e+02
 3.09831423e+02
 2.83140150e+02
 2.66573465e+02
 2.90020718e+02
 3.16415741e+02
 2.98855095e+02
 3.37021429e+02
 4.19097302e+02
 4.37317234e+02
 3.84018983e+02
 3.71521796e+02
 3.87639012e+02
 3.74533742e+02
 3.84056864e+02
 3.46082752e+02
 3.75826673e+02
 4.41603459e+02
 3.62196619e+02
 3.71333565e+02
 3.53870438e+02
 3.59429422e+02
 4.48005766e+02
 4.48430851e+02
 4.19281044e+02
 4.62178222e+02
 3.94955930e+02
 3.56978819e+02
 5.45387848e+02
 6.70875816e+02
 4.82453444e+02
 3.43491209e+02
 2.32678427e+02
 2.13704379e+02
 2.09043625e+02
 1.84637131e+02
 1.93575959e+02
 1.97263789e+02
 2.49484001e+02
 2.74512565e+02
 4.05197499e+02
 6.47580857e+02
 7.02085858e+02
 7.34567719e+02
 9.05135373e+02
 7.70131072e+02
 7.78598946e+02
 1.10625611e+03
 1.09071646e+03
 9.77112926e+02
 1.00240325e+03
 1.11580444e+03
 1.22070243e+03
 1.47025033e+03
 1.30966657e+03
 1.57452310e+03
 2.07644192e+03
 1.40436203e+03
 1.06954556e+03
 1.08277581e+03
 1.09986684e+03
 9.04919418e+02
 4.40936454e+02
 3.08225773e+02
 1.45565782e+02
 3.85762513e+01
 2.39317114e+01
 2.39207312e+01
 2.09702084e+01
 2.03650225e+01
 1.94245852e+01
 2.01311276e+01
 2.84293177e+01
 5.82780704e+01
 6.49460352e+01
 5.56964121e+01
 6.51075279e+01
 5.51516315e+01
 6.13341559e+01
 6.18093270e+01
 5.61281051e+01
 7.10515607e+01
 1.86435427e+02
 5.37296640e+02
 8.69669361e+02
 1.48959966e+03
 9.44254300e+02
 7.67009890e+02
 1.13672728e+03
 1.31642518e+03
 1.39973093e+03
 9.12524986e+02
 7.73334991e+02
 1.12339543e+03
 1.17706520e+03
 1.06631882e+03
 1.07445757e+03
 6.82432242e+02
 6.38618204e+02
 8.09520601e+02
 7.98592736e+02
 9.33657424e+02
 1.02531030e+03
 9.69591363e+02
 8.83772624e+02
 8.78649242e+02
 1.25100964e+03
 1.69191035e+03
 1.62070285e+03
 1.09323182e+03
 9.35865487e+02
 9.51186199e+02
 1.12693938e+03
 1.40573096e+03
 1.19530241e+03
 1.22701609e+03
 1.22983537e+03
 1.08570183e+03
 9.25466867e+02
 1.17692639e+03
 1.37476565e+03
 1.16071455e+03
 1.28914965e+03
 1.29008833e+03
 9.85276014e+02
 8.97762840e+02
 1.38083255e+03
 1.57335323e+03
 1.09087355e+03
 1.27660348e+03
 1.26760589e+03
 1.08322056e+03
 1.08723344e+03
 9.35599011e+02
 8.95851704e+02
 7.17773006e+02
 8.51792290e+02
 9.16172879e+02
 7.20597992e+02
 8.95402696e+02
 1.16158263e+03
 8.96510525e+02
 6.44402132e+02
 6.57347488e+02
 6.14071913e+02
 6.24149875e+02
 8.35554211e+02
 1.10779214e+03
 8.82061790e+02
 8.60378656e+02
 9.11576536e+02
 6.83798325e+02
 7.74473578e+02
 1.22576056e+03
 1.10354303e+03
 7.64796215e+02
 6.45551578e+02
 1.03678676e+03
 1.02423828e+03
 6.74428355e+02
 7.38064665e+02
 5.56631991e+02
 5.85730270e+02
 7.82988182e+02
 9.19399764e+02
 9.29410243e+02
 1.00368194e+03
 1.35151549e+03
 1.32291780e+03
 1.09029559e+03
 1.12364735e+03
 9.78965664e+02
 5.69415641e+02
 4.63503652e+02
 4.96140931e+02
 4.87679955e+02
 5.48339427e+02
 7.78942712e+02
 1.04214812e+03
 1.17280578e+03
 8.02674408e+02
 8.67565059e+02
 1.31919731e+03
 1.14406907e+03
 5.73214018e+02
 4.94567121e+02
 7.81033810e+02
 7.23805855e+02
 8.90879698e+02
 9.72912201e+02
 7.52909012e+02
 8.86209353e+02
 1.16837996e+03
 9.99601267e+02
 9.36171443e+02
 8.14380730e+02
 7.84913272e+02
 1.51988897e+03
 1.64680654e+03
 1.19560286e+03
 1.34812555e+03
 1.28891620e+03
 9.63894207e+02
 9.64994317e+02
 9.56127251e+02
 1.16805206e+03
 1.36581744e+03
 1.08495133e+03
 1.22279494e+03
 1.25783495e+03
 1.14731260e+03
 1.10824582e+03
 1.12736410e+03
 8.65971956e+02
 7.33143039e+02
 1.08576540e+03
 1.34030995e+03
 1.02766121e+03
 1.32874930e+03
 1.47878602e+03
 9.56329034e+02
 1.01227806e+03
 1.15320642e+03
 1.30331707e+03
 1.62081615e+03
 2.03341383e+03
 1.79894573e+03
 1.76591101e+03
 1.77669469e+03
 1.43522828e+03
 1.39759451e+03
 1.37617350e+03
 1.44577029e+03
 1.36410268e+03
 1.46986514e+03
 1.84956685e+03
 1.70023634e+03
 1.63307039e+03
 1.54891498e+03
 1.43627831e+03
 1.71205497e+03
 1.49782011e+03
 1.46285490e+03
 1.38437419e+03
 1.35671316e+03
 1.69921509e+03
 1.43681811e+03
 1.25293239e+03
 1.12546942e+03
 9.36279301e+02
 6.60881670e+02
 7.05233326e+02
 1.25158176e+03
 1.58431473e+03
 1.64073008e+03
 1.34878861e+03
 1.43243851e+03
 1.68650364e+03
 1.25525612e+03
 1.18857640e+03
 1.66720211e+03
 1.97807599e+03
 1.77232732e+03
 1.38271981e+03
 1.57345237e+03
 1.70240649e+03
 1.27637506e+03
 1.48852847e+03
 1.49715420e+03
 1.58774433e+03
 1.95878364e+03
 1.94776456e+03
 1.65551391e+03
 1.38423210e+03
 1.99488601e+03
 2.52564286e+03
 1.74107237e+03
 1.58996353e+03
 1.33931191e+03
 1.31870475e+03
 1.47176508e+03
 1.10409011e+03
 1.29075590e+03
 1.53854575e+03
 1.14737886e+03
 1.19601191e+03
 1.55280840e+03
 1.44303030e+03
 1.40043867e+03
 1.18105599e+03
 9.78714256e+02
 1.24200346e+03
 1.39444753e+03
 1.67672581e+03
 2.13242883e+03
 1.82009978e+03
 1.41721829e+03
 1.67057964e+03
 2.10289320e+03
 1.91977213e+03
 1.91833931e+03
 1.79576867e+03
 2.37566212e+03
 2.82316555e+03
 2.67388273e+03
 3.27638391e+03
 2.18269593e+03
 1.13180065e+03
 9.22665998e+02
 9.37086663e+02
 1.04392916e+03
 1.27643555e+03
 1.98039569e+03
 2.52587783e+03
 2.43383858e+03
 2.92656965e+03
 3.35895299e+03
 2.29808110e+03
 2.10936911e+03
 2.58843671e+03
 2.75654634e+03
 2.57279548e+03
 3.39593282e+03
 3.26080431e+03
 2.40505309e+03
 2.43420397e+03
 1.63280098e+03
 2.25354198e+03
 2.94502991e+03
 3.53730369e+03
 4.12870822e+03
 3.14829325e+03
 4.02247887e+03
 3.51443006e+03
 2.21513367e+03
 2.38798020e+03
 3.01303029e+03
 2.62392788e+03
 2.40411581e+03
 1.93593114e+03
 2.14070491e+03
 3.89255220e+03
 5.22179160e+03
 3.07958860e+03
 2.14557295e+03
 2.38450026e+03
 2.23815519e+03
 2.38002149e+03
 2.85216602e+03
 2.51026579e+03
 1.98831262e+03
 2.08544257e+03
 1.89898164e+03
 2.36238656e+03
 2.09889413e+03
 2.03101068e+03
 2.46117566e+03
 1.80670128e+03
 1.74815153e+03
 1.83325651e+03
 2.09801997e+03
 1.82676273e+03
 1.41068524e+03
 1.48757689e+03
 1.83660166e+03
 2.12147901e+03
 2.18674103e+03
 2.29702064e+03
 3.41195253e+03
 3.64567698e+03
 2.54796257e+03
 2.50810406e+03
 2.36901639e+03
 2.63911199e+03
 2.33392858e+03
 2.15412449e+03
 2.82431083e+03
 2.41204715e+03
 2.70667584e+03
 3.64873491e+03
 2.67968344e+03
 2.18656641e+03
 2.56439184e+03
 3.29023815e+03
 3.68162895e+03
 3.22142582e+03
 4.28298546e+03
 5.35262507e+03
 4.13180357e+03
 3.19825840e+03
 2.74735998e+03
 3.36810689e+03
 5.64881571e+03
 5.74698792e+03
 3.87004138e+03
 4.55920713e+03
 6.20970560e+03
 4.63041088e+03
 5.83464150e+03
 7.25164913e+03
 7.20588423e+03
 1.09320701e+04
 5.51888735e+03
 3.08817823e+03
 3.96017080e+03
 6.43523201e+03
 8.33180628e+03
 6.65341958e+03
 4.69573191e+03
 5.51356995e+03
 6.67304501e+03
 6.69061678e+03
 7.65712567e+03
 7.79506062e+03
 6.65695100e+03
 6.68764327e+03
 7.53847754e+03
 5.24933117e+03
 4.09983354e+03
 5.14568841e+03
 5.02210455e+03
 6.42597921e+03
 6.55833537e+03
 5.43295840e+03
 7.12504605e+03
 5.64318938e+03
 6.17751715e+03
 6.61691255e+03
 5.81465860e+03
 5.34211706e+03
 5.51824963e+03
 6.34955536e+03
 6.82991065e+03
 9.31668284e+03
 9.31243206e+03
 8.53614003e+03
 1.46330025e+04
 2.07054641e+04
 1.09903378e+04
 7.10729869e+03
 6.50816927e+03
 7.61857950e+03
 1.63609109e+04
 1.77390520e+04
 8.20104233e+03
 1.08369733e+04
 1.10629403e+04
 5.61099289e+03
 2.97987405e+03
 1.05743100e+03
 2.24149981e+02
 1.08968835e+02
 6.99320455e+01
 4.67307591e+01
 5.94468388e+01
 8.05614101e+01
 1.13122699e+02
 5.31579463e+01
 3.08986131e+01
 2.83035404e+01
 2.66528306e+01
 4.00511705e+01
 3.57094400e+01
 6.42599508e+01
 4.80670698e+02
 1.62173469e+03
 3.37151843e+03
 6.45308451e+03
 1.03485507e+04
 9.42463970e+03
 7.17333199e+03
 8.45639490e+03
 7.35448760e+03
 5.11627646e+03
 1.36393595e+04
 2.02941634e+04
 9.80374532e+03
 1.12691935e+04
 1.06145001e+04
 7.65580547e+03
 9.37077653e+03
 1.26693084e+04
 7.47374665e+03
 6.73736621e+03
 6.92359473e+03
 5.61633424e+03
 4.41678154e+03
 3.10229087e+03
 2.44636110e+03
 1.98436206e+03
 1.53151877e+03
 9.98236005e+02
 8.04124162e+02
 1.36076133e+03
 1.17087029e+03
 8.00679912e+02
 2.09445629e+03
 3.93413361e+03
 4.36372233e+03
 5.08449348e+03
 3.96319920e+03
 4.06480344e+03
 3.07015290e+03
 2.26911384e+03
 2.29893902e+03
 1.95564615e+03
 2.49581656e+03
 3.24979337e+03
 3.82915482e+03
 3.49534506e+03
 3.20299302e+03
 3.83565670e+03
 3.86500903e+03
 3.62211637e+03
 3.54455679e+03
 3.98023536e+03
 3.94817897e+03
 3.85901343e+03
 4.14143661e+03
 3.46893354e+03
 2.70799078e+03
 2.62242779e+03
 2.40544307e+03
 2.61894246e+03
 3.10018711e+03
 2.67543931e+03
 2.43864039e+03
 2.40159886e+03
 2.58524992e+03
 2.24356608e+03
 1.75695534e+03
 2.29662795e+03
 2.94353639e+03
 2.77014355e+03
 2.49760766e+03
 2.14896448e+03
 2.31828923e+03
 2.68825253e+03
 3.44718352e+03
 3.82275014e+03
 3.10914859e+03
 3.55709539e+03
 3.62646201e+03
 3.30930601e+03
 3.66421488e+03
 3.60824758e+03
 3.73410083e+03
 3.82492750e+03
 2.81161174e+03
 2.51679748e+03
 3.41679903e+03
 3.66202250e+03
 3.72677377e+03
 4.23496787e+03
 3.17496761e+03
 3.09953359e+03
 4.31641525e+03
 4.42760880e+03
 4.05217802e+03
 3.86229325e+03
 4.59039608e+03
 3.76478916e+03
 3.83503191e+03
 6.27000744e+03
 7.85987736e+03
 7.43554826e+03
 5.90737247e+03
 5.95424412e+03
 6.10836304e+03
 5.35691232e+03
 5.63376872e+03
 5.60687470e+03
 4.42077807e+03
 3.30538298e+03
 2.90406832e+03
 3.93538846e+03
 4.02399656e+03
 3.43397867e+03
 3.68705746e+03
 3.47816137e+03
 2.69550603e+03
 2.80170027e+03
 2.74813894e+03
 2.24885858e+03
 2.10867979e+03
 2.39592727e+03
 3.01554339e+03
 2.69594788e+03
 2.49728455e+03
 3.74254623e+03
 6.19855792e+03
 5.17030066e+03
 4.53854299e+03
 4.89135726e+03
 5.19513233e+03
 6.30493982e+03
 5.99089520e+03
 5.54176682e+03
 6.35456915e+03
 6.13921718e+03
 5.21960549e+03
 4.54647834e+03
 3.59856328e+03
 3.95559452e+03
 5.32032693e+03
 5.67096627e+03
 5.31475065e+03
 5.24336694e+03
 5.59903070e+03
 3.75565620e+03
 3.08840257e+03
 2.25614605e+03
 1.69809584e+03
 1.59011099e+03
 1.23118272e+03
 1.20852108e+03
 1.86267371e+03
 4.94735210e+03
 5.35174128e+03
 5.29996725e+03
 6.58319977e+03
 6.37748211e+03
 7.77308496e+03
 6.64029622e+03
 6.40713055e+03
 6.11671239e+03
 5.08699776e+03
 5.24506668e+03
 6.10267181e+03
 8.47799219e+03
 9.82744757e+03
 9.22253652e+03
 8.76664946e+03
 9.50154017e+03
 1.01349874e+04
 7.97631070e+03
 8.61882904e+03
 9.07282721e+03
 7.50295660e+03
 6.75978087e+03
 7.59967697e+03
 9.45057208e+03
 9.70799647e+03
 1.19365668e+04
 7.48060267e+03
 5.44817826e+03
 6.19107419e+03
 6.97859938e+03
 9.49083900e+03
 8.04151507e+03
 9.62630163e+03
 1.25515149e+04
 1.52804401e+04
 1.75507773e+04
 1.42388457e+04
 1.38530305e+04
 1.47234097e+04
 1.35637966e+04
 1.28327774e+04
 1.44418441e+04
 1.43911163e+04
 1.36692699e+04
 1.18042218e+04
 1.28312967e+04
 1.67776386e+04
 1.16331205e+04
 8.83907121e+03
 9.50042767e+03
 7.83125832e+03
 6.91136569e+03
 8.07774114e+03
 7.54552283e+03
 4.73958174e+03
 4.02503373e+03
 5.16194398e+03
 3.67241892e+03
 2.90816627e+03
 2.43518121e+03
 1.82195132e+03
 2.75637846e+03
 2.98363018e+03
 2.29303749e+03
 2.69228063e+03
 4.22155988e+03
 5.18286369e+03
 6.26316345e+03
 5.99656765e+03
 6.55689280e+03
 7.74046499e+03
 8.12457571e+03
 1.23265271e+04
 1.13741125e+04
 1.18779056e+04
 1.27587003e+04
 1.43870166e+04
 2.36753461e+04
 2.67797246e+04
 2.37120884e+04
 2.36011026e+04
 2.20149455e+04
 2.20569310e+04
 2.48083695e+04
 3.05449986e+04
 4.13756841e+04
 4.45399384e+04
 4.04349949e+04
 3.38831134e+04
 3.48212585e+04
 3.12023038e+04
 2.83281589e+04
 3.30987289e+04
 2.56136241e+04
 2.88992620e+04
 4.10376862e+04
 4.37361103e+04
 4.22807713e+04
 3.00339871e+04
 3.44537090e+04
 3.87900186e+04
 2.88403239e+04
 2.83533207e+04
 3.51432261e+04
 4.60095535e+04
 6.21256247e+04
 6.22523268e+04
 4.43135244e+04
 4.88106972e+04
 5.31408470e+04
 4.23699740e+04
 3.87642915e+04
 3.35777523e+04
 2.63396614e+04
 3.33013872e+04
 4.45651343e+04
 3.31463424e+04
 1.76045197e+04
 6.86226964e+03
 2.47431917e+03
 4.11559699e+03
 1.26536243e+04
 1.24183033e+04
 1.74528418e+04
 2.74138908e+04
 2.50945943e+04
 2.32046919e+04
 1.98023427e+04
 1.83695261e+04
 2.51853155e+04
 2.46776523e+04
 1.92291873e+04
 2.12725834e+04
 2.98841374e+04
 1.97769910e+04
 8.86940707e+03
 6.70501613e+03
 7.04414327e+03
 8.02689483e+03
 1.54884546e+04
 3.76727746e+04
 3.47520945e+04
 2.39504672e+04
 2.57575200e+04
 2.87507561e+04
 2.80948892e+04
 3.55763028e+04
 4.90959914e+04
 3.53586882e+04
 2.79911045e+04
 2.30732374e+04
 2.40396919e+04
 2.79372581e+04
 2.91675820e+04
 2.88394308e+04
 2.92330604e+04
 4.10637196e+04
 3.34114809e+04
 2.74044709e+04
 2.53182818e+04
 3.16673986e+04
 3.83016561e+04
 2.36480600e+04
 1.98757568e+04
 2.80765240e+04
 2.71149819e+04
 1.96793836e+04
 1.75122466e+04
 1.97199998e+04
 2.38929533e+04
 2.76968282e+04
 4.55741800e+04
 6.17412010e+04
 6.52017143e+04
 6.19621622e+04
 5.36812471e+04
 5.19906625e+04
 4.57789582e+04
 5.94593643e+04
 4.98855890e+04
 3.94350550e+04
 4.98070699e+04
 5.09057665e+04
 4.44475116e+04
 3.44351315e+04
 3.75013297e+04
 5.45960517e+04
 7.83889211e+04
 6.13645500e+04
 5.28336867e+04
 6.22922331e+04
 4.68200878e+04
 3.49716652e+04
 1.94216514e+04
 7.90826817e+03
 7.80730373e+03
 9.61035366e+03
 5.40686583e+03
 5.91420623e+03
 1.07275810e+04
 2.32230697e+04
 5.40474359e+04
 7.03294379e+04
 1.00564349e+05
 8.51377209e+04
 1.00241580e+05
 1.61023242e+05
 7.28006319e+04
 6.32403106e+04
 1.04831424e+05
 1.36966011e+05
 1.36452039e+05
 1.39183494e+05
 1.60127542e+05
 2.19288411e+05
 5.21605578e+05
 3.86962659e+05
 2.40963441e+05
 2.22196335e+05
 1.69575893e+05
 2.60728371e+05
 1.91237534e+05
 1.73408081e+05
 2.83098054e+05
 2.90865690e+05
 4.23210977e+05
 6.07578096e+05
 6.71734221e+05
 4.17882841e+05
 3.77425187e+05
 4.76694084e+05
 5.16205700e+05
 4.48446753e+05
 2.71484964e+05
 2.41128494e+05
 2.52030888e+05
 2.33326638e+05
 2.30029006e+05
 2.13705735e+05
 3.67395829e+05
 5.93524693e+05
 5.01302820e+05
 8.00616772e+05
 9.00234500e+05
 9.06426219e+05
 4.96494381e+05
 3.97869563e+05
 6.56225607e+05
 4.52848531e+05
 3.37601816e+05
 3.44368882e+05
 4.57448362e+05
 4.95184998e+05
 3.54132874e+05
 4.76602462e+05
 4.44034101e+05
 4.16406296e+05
 3.44996453e+05
 1.97084254e+05
 2.18994156e+05
 2.61729735e+05
 4.13102697e+05
 6.03868314e+05
 6.85840291e+05
 4.61070180e+05
 3.68841980e+05
 5.15809792e+05
 5.80262198e+05
 5.16030444e+05
 1.21042407e+06
 7.28808450e+05
 2.48098303e+05
 4.68307676e+05
 4.41722926e+05
 2.10029982e+05
 1.48565364e+05
 1.84926338e+05
 4.31959861e+05
 4.94956482e+05
 7.14988780e+05
 1.10324125e+06
 2.96216213e+05
 2.09083535e+05
 4.11041387e+05
 3.78761303e+05
 2.24288402e+05
 1.14513175e+05
 1.38853945e+05
 2.69786892e+05
 4.10903618e+05
 2.32390219e+05
 8.29115985e+04
 1.49996077e+05
 2.11564312e+05
 2.76419389e+05
 3.53199340e+05
 1.16522451e+05
 1.12168296e+05
 2.27884717e+05
 1.63510847e+05
 1.78268118e+05
 4.75438164e+05
 3.95403786e+05
 1.79831866e+05
 1.61277925e+05
 1.26765759e+05
 3.23958189e+05
 6.38670177e+05
 1.61311086e+05
 1.58617421e+05
 2.65916291e+05
 1.73381740e+05
 2.12134076e+05
 4.45169735e+05
 6.54255828e+05
 1.15826828e+06
 3.54692908e+05
 2.47138345e+05
 6.30836678e+05
 3.76857248e+05
 1.89675619e+05
 2.84253474e+05
 3.41580250e+05
 3.72871448e+05
 4.70650237e+05
 5.43964307e+05
 4.13561562e+05
 1.26983604e+05
 1.28608778e+05
 7.33079241e+04
 3.21494918e+04
 2.23156070e+04
 2.67053342e+03
 3.46316300e+02
 1.79466624e+02
 8.85356876e+01
 7.57044759e+01
 1.45767166e+02
 1.38634341e+02
 1.23113000e+02
 1.44894949e+02
 1.04102676e+02
 2.78646927e+02
 1.88491812e+03
 2.64148629e+03
 1.68972630e+03
 1.22739406e+03
 9.93957373e+02
 5.39626258e+02
 4.84689981e+02
 6.37226938e+02
 9.39308750e+02
 1.70286859e+03
 6.48615861e+03
 2.03572949e+04
 2.92132357e+04
 7.23121298e+04
 1.55255914e+05
 1.30091644e+05
 1.26364508e+05
 2.00949795e+05
 2.36616645e+05
 4.26523154e+05
 7.84155203e+05
 8.88317468e+05
 6.09998250e+05
 3.47639462e+05
 3.69248033e+05
 2.42644577e+05
 1.10055611e+05
 7.02274912e+04
 8.93231848e+04
 1.89119935e+05
 1.21707713e+05
 7.38626010e+04
 1.74592784e+05
 3.40893980e+05
 1.97015683e+05
 1.36712949e+05
 2.49411709e+05
 3.14571688e+05
 2.15231815e+05
 1.84284521e+05
 3.33781869e+05
 2.11698991e+05
 1.75470073e+05
 2.76441917e+05
 1.66206172e+05
 1.40456562e+05
 1.57471758e+05
 1.60338223e+05
 1.54984589e+05
 1.05504874e+05
 1.68089349e+05
 3.86022139e+05
 2.29967901e+05
 2.70893039e+05
 1.42902342e+05
 1.36085853e+05
 3.42031848e+05
 1.45195603e+05
 1.35788276e+05
 2.09511340e+05
 1.46090521e+05
 1.16624336e+05
 2.16709961e+05
 2.44437089e+05
 1.40538285e+05
 1.57112372e+05
 1.95976827e+05
 1.81632429e+05
 1.27237865e+05
 1.48369937e+05
 2.90197216e+05
 2.77899353e+05
 1.59436597e+05
 1.06958025e+05
 2.85958205e+05
 2.47070783e+05
 9.14290034e+04
 1.56731140e+05
 2.18484293e+05
 1.71958469e+05
 1.95973170e+05
 2.33661041e+05
 2.22639642e+05
 2.45725133e+05
 1.94292003e+05
 1.61480359e+05
 1.85998458e+05
 1.48961317e+05
 1.39080776e+05
 1.58095438e+05
 1.49418963e+05
 2.38607921e+05
 2.69788466e+05
 1.28646897e+05
 9.27260097e+04
 1.33245630e+05
 1.85536752e+05
 1.17003145e+05
 7.98076581e+04
 8.46596709e+04
 4.26421535e+04
 3.15003923e+04
 3.39212383e+04
 2.61731048e+04
 5.73836667e+04
 1.24893158e+05
 1.58336174e+05
 1.73966387e+05
 1.05474802e+05
 1.01109355e+05
 2.00955593e+05
 3.42611897e+05
 1.86633810e+05
 1.48406678e+05
 1.87528392e+05
 2.77888411e+05
 3.43837311e+05
 2.43568670e+05
 2.33705213e+05
 2.95158559e+05
 2.04366254e+05
 1.49725208e+05
 1.83118074e+05
 2.10634019e+05
 1.85827696e+05
 1.60968217e+05
 1.88309564e+05
 1.72083929e+05
 2.24881415e+05
 2.18342699e+05
 2.11398853e+05
 2.80548538e+05
 2.02537071e+05
 1.33351532e+05
 2.24166807e+05
 3.47233418e+05
 2.96544559e+05
 3.09003301e+05
 1.93168151e+05
 1.67470639e+05
 4.19962524e+05
 5.85308354e+05
 4.35202437e+05
 2.78349715e+05
 1.68909701e+05
 2.09434252e+05
 3.13886113e+05
 2.48316395e+05
 2.14574975e+05
 2.49114911e+05
 2.85528353e+05
 2.93952413e+05
 1.28967558e+05
 1.32502373e+05
 2.67293556e+05
 3.57369549e+05
 3.88216763e+05
 2.54908215e+05
 2.33358561e+05
 2.33213515e+05
 2.14573524e+05
 1.24809932e+05
 8.83645967e+04
 1.35984084e+05
 1.18100259e+05
 1.45391303e+05
 3.51615815e+05
 4.60413551e+05
 2.10427634e+05
 1.76102196e+05
 3.52257723e+05
 7.74058861e+05
 7.86069423e+05
 4.23230696e+05
 8.99542861e+05
 1.14325979e+06
 3.77809798e+05
 1.40720327e+05
 1.78332103e+05
 5.09825302e+05
 8.64233007e+05
 6.65368873e+05
 6.18037595e+05
 7.34761206e+05
 5.38135189e+05
 4.22946556e+05
 3.51041692e+05
 4.19090719e+05
 4.80340350e+05
 4.64623050e+05
 3.16961881e+05
 2.42369098e+05
 3.21743952e+05
 3.62106941e+05
 2.69186000e+05
 1.85828919e+05
 2.20974600e+05
 2.74593815e+05
 2.48274630e+05
 1.57677235e+05
 2.02920218e+05
 4.46295305e+05
 7.09837818e+05
 7.26497720e+05
 6.73334832e+05
 4.15791395e+05
 3.75684527e+05
 6.15460019e+05
 3.07046318e+05
 1.37466080e+05
 2.01965093e+05
 2.12549780e+05
 2.03690868e+05
 2.98165484e+05
 4.45652237e+05
 4.48719324e+05
 3.49146547e+05
 7.06361501e+05
 4.40734981e+05
 1.65005223e+05
 1.99515538e+05
 3.27382714e+05
 2.49392369e+05
 1.96761009e+05
 1.96883051e+05
 3.24321070e+05
 6.45952334e+05
 4.60824707e+05
 3.54578758e+05
 4.16243769e+05
 4.74762236e+05
 3.49403167e+05
 2.47664116e+05
 2.83862700e+05
 3.82327685e+05
 2.16150433e+05
 4.01929494e+05
 4.27575857e+05
 1.83579742e+05
 2.33299048e+05
 2.82535051e+05
 3.67434123e+05
 1.78072048e+05
 1.48974987e+05
 2.99187992e+05
 2.39977771e+05
 2.01515347e+05
 2.72979681e+05
 3.79167363e+05
 4.13206983e+05
 2.34754874e+05
 1.91625830e+05
 2.14171448e+05
 2.36858496e+05
 1.62786720e+05
 2.41654529e+05
 4.40447414e+05
 3.49057909e+05
 6.29572724e+05
 1.40260235e+06
 1.20854310e+06
 5.62024496e+05
 3.40120536e+05
 3.98389853e+05
 1.00438703e+06
 7.34076756e+04
 4.10017356e+04
 2.57080172e+05
 3.11360704e+05
 1.85013816e+05
 5.88444988e+04
 5.28475041e+04
 1.07292179e+05
 2.55205078e+05
 4.37224917e+05
 4.83637798e+05
 4.81635335e+05
 9.82089858e+05
 5.67993149e+05
 2.29706221e+05
 1.60259299e+05
 3.69202624e+05
 5.62010663e+05
 3.16932490e+05
 5.38395750e+05
 4.54024667e+05
 1.95465383e+05
 2.10427800e+05
 2.68971496e+05
 3.26481496e+05
 7.37874890e+05
 9.46182937e+05
 4.84728809e+05
 3.36125558e+05
 6.17579795e+05
 1.69944664e+06
 1.16638292e+06
 8.86220726e+05
 1.14820063e+06
 9.01612551e+05
 7.48698937e+05
 4.88152423e+05
 6.16827449e+05
 1.08765743e+06
 8.63314442e+05
 6.60185235e+05
 6.75357418e+05
 6.35004038e+05
 6.72694077e+05
 7.79950578e+05
 6.31762265e+05
 8.16729200e+05
 1.37989932e+06
 8.04271535e+05
 7.61638798e+05
 1.31354943e+06
 1.62418725e+06
 1.35734658e+06
 5.82813044e+05
 3.41648044e+05
 4.01356684e+05
 4.32791278e+05
 4.14111988e+05
 7.61810772e+05
 4.92525884e+05
 2.82371000e+05
 3.21540975e+05
 2.67132614e+05
 2.51961334e+05
 3.50658310e+05
 4.71838863e+05
 5.06145204e+05
 8.17879917e+05
 8.36936858e+05
 3.80574424e+05
 2.03380819e+05
 3.83134643e+05
 5.73872965e+05
 4.68679315e+05
 5.03506611e+05
 2.35058712e+05
 1.32738184e+05
 2.01517798e+05
 2.01572966e+05
 8.66997882e+04
 3.60363101e+04
 4.62572643e+04
 8.67635436e+04
 1.32244812e+05
 2.32975978e+05
 2.82881021e+05
 2.56710720e+05
 2.31800506e+05
 3.22753929e+05
 4.24774799e+05
 2.37442053e+05
 1.59269529e+05
 1.47489548e+05
 1.29302178e+05
 1.16999685e+05
 1.30434015e+05
 2.34335010e+05
 2.61969212e+05
 2.34781009e+05
 3.18792830e+05
 3.44243140e+05
 3.32109179e+05
 9.68063149e+05
 3.64576019e+06
 9.58437894e+06
 8.78773925e+06
 3.82502769e+06
 5.37988753e+06
 7.73278692e+06
 6.31260726e+06
 3.60592185e+06
 3.54842099e+06
 1.11380491e+07
 8.55445161e+06
 3.45574268e+06
 3.75021205e+06
 3.59112946e+06
 6.02212650e+06
 9.78671537e+06
 4.40850785e+06
 4.86240857e+06
 1.46626087e+07
 2.10154874e+07
 8.41292755e+06
 6.37163985e+06
 8.53030702e+06
 5.59918847e+06
 8.51709034e+06
 9.51023175e+06
 4.25901043e+06
 9.24115004e+06
 1.30188273e+07
 5.43988628e+06
 4.76846988e+06
 5.42132145e+06
 8.72804371e+06
 5.49426852e+06
 3.17782147e+06
 5.24554178e+06
 6.96837550e+06
 1.08354022e+07
 1.19071197e+07
 8.02811142e+06
 6.73806158e+06
 8.16994202e+06
 9.01406752e+06
 9.12027480e+06
 1.18458862e+07
 9.30052848e+06
 6.67909081e+06
 5.44233778e+06
 7.00469374e+06
 1.23771621e+07
 1.34509868e+07
 2.72624984e+07
 1.76631148e+07
 1.42245730e+07
 1.81364112e+07
 8.40400618e+06
 1.29859347e+07
 2.50040215e+07
 1.90070352e+07
 1.91243112e+07
 1.20739461e+07
 1.03425470e+07
 8.42367422e+06
 1.46032211e+06
 9.59360175e+05
 4.41095709e+05
 4.96083651e+04
 3.33117245e+03
 1.64437968e+03
 2.86780610e+03
 1.61957221e+03
 1.18086459e+03
 5.93602901e+02
 4.98831808e+02
 3.87857510e+02
 3.03771536e+02
 2.22153115e+02
 2.44310617e+02
 6.31127310e+03
 2.05314329e+05
 5.43333826e+05
 2.66665749e+06
 6.88397218e+06
 1.25686898e+07
 2.08045058e+07
 4.80935977e+07
 6.71927157e+07
 1.76121623e+07
 1.17057490e+07
 1.91347319e+07
 4.03479872e+07
 6.50025737e+07
 3.65158422e+07
 2.25226411e+07
 1.20761107e+07
 1.07760531e+07
 1.42036406e+07
 9.88871917e+06
 5.49810341e+06
 4.09023972e+06
 1.78878860e+06
 3.68742679e+05
 7.92459189e+04
 3.74070463e+04
 6.77490836e+04
 1.74753833e+05
 2.26903291e+05
 3.89878573e+05
 2.41566251e+06
 9.66828435e+06
 7.17696722e+06
 9.74128188e+06
 1.39006819e+07
 9.04758806e+06
 6.95851697e+06
 5.08474888e+06
 5.47723284e+06
 6.00288454e+06
 4.73881628e+06
 4.76448033e+06
 5.80305772e+06
 5.59939299e+06
 5.58805954e+06
 5.96590540e+06
 6.50488894e+06
 9.19301473e+06
 8.80896425e+06
 5.41903949e+06
 3.98102134e+06
 3.22584700e+06
 3.34353601e+06
 3.96439222e+06
 5.58875634e+06
 5.21506610e+06
 2.06019473e+06
 1.56917654e+06
 2.36035804e+06
 3.43072666e+06
 3.47998031e+06
 2.57181013e+06
 3.15606285e+06
 3.45899489e+06
 2.52072981e+06
 2.43284595e+06
 4.57035124e+06
 8.12431689e+06
 6.54974592e+06
 6.34130403e+06
 6.12837426e+06
 3.77347467e+06
 4.89585387e+06
 8.30119279e+06
 8.92918040e+06
 8.68895311e+06
 5.44781499e+06
 5.67499178e+06
 5.92342001e+06
 5.11898715e+06
 5.03276374e+06
 4.69822814e+06
 5.03931762e+06
 5.67620067e+06
 5.71722215e+06
 5.31399523e+06
 4.35029282e+06
 6.45485955e+06
 1.10569193e+07
 6.94525290e+06
 6.59684298e+06
 1.09815617e+07
 7.11217083e+06
 7.10988182e+06
 1.28205416e+07
 1.12540674e+07
 9.22302410e+06
 1.04203846e+07
 1.35869208e+07
 1.20623817e+07
 1.00116367e+07
 7.58243567e+06
 8.83775834e+06
 1.07281609e+07
 1.34233139e+07
 1.92970425e+07
 1.66431023e+07
 1.32757180e+07
 1.23342342e+07
 1.38851679e+07
 1.10833578e+07
 1.10790105e+07
 1.31972020e+07
 1.57523449e+07
 1.82030830e+07
 1.26696046e+07
 1.31235447e+07
 1.25842964e+07
 8.02459264e+06
 9.28593031e+06
 8.55915358e+06
 6.92006075e+06
 5.85902120e+06
 8.33723725e+06
 1.82345274e+07
 1.57973650e+07
 6.35393146e+06
 3.71284422e+06
 9.12562083e+06
 1.24444796e+07
 7.68372668e+06
 1.38091777e+07
 2.53534427e+07
 1.76157895e+07
 1.12966697e+07
 1.70398333e+07
 2.71491280e+07
 2.02222396e+07
 1.73677770e+07
 2.29421266e+07
 2.16956703e+07
 1.20885824e+07
 3.21064412e+06
 1.09102152e+06
 9.01169462e+05
 1.30753562e+06
 1.23454112e+06
 9.68814096e+05
 8.24013325e+05
 1.23704693e+06
 2.61470885e+06
 2.23836468e+06
 2.07552501e+06
 4.88593696e+06
 2.05873626e+07
 4.76408946e+07
 2.49907004e+07
 3.06175096e+07
 5.29677607e+07
 2.69888161e+07
 3.56298290e+07
 6.64509591e+07
 9.01148967e+07
 1.05123082e+08
 1.93248014e+08
 1.71537310e+08
 1.56293951e+08
 3.37980681e+08
 3.08324281e+08
 1.71465820e+08
 1.63602523e+08
 1.68866309e+08
 9.23666126e+07
 6.90467443e+07
 4.92532513e+07
 1.91289957e+07
 4.52379780e+06
 2.41187829e+05
 8.09758621e+03
 7.65574376e+02
 4.73218104e+02
 6.55436254e+02
 5.51057189e+02
 6.61976564e+02
 5.90294323e+03
 1.47665486e+05
 4.26980418e+04
 1.95478865e+04
 1.13758664e+04
 4.03487906e+03
 1.18373841e+04
 1.72856757e+04
 7.81125806e+04
 4.97725703e+06
 1.33050019e+07
 1.91171048e+07
 1.54378533e+08
 1.93121293e+08
 9.19027088e+07
 9.08117179e+07
 6.04648957e+07
 6.87450542e+07
 1.03407320e+08
 1.39408725e+08
 1.62488419e+08
 1.29373541e+08
 1.09790745e+08
 9.31069106e+07
 7.11295172e+07
 8.44580111e+07
 1.05555024e+08
 5.48386204e+07
 7.84783695e+07
 7.41991026e+07
 4.45856252e+07
 6.99544923e+07
 6.92851213e+07
 7.03016309e+07
 1.41179684e+08
 1.81800014e+08
 1.00069400e+08
 1.42433505e+08
 9.96735902e+07
 2.17733359e+07
 3.84252330e+07
 9.19194548e+07
 3.25407227e+07
 3.31344590e+07
 3.73366922e+07
 4.80877383e+07
 5.43355961e+07
 3.46621956e+07
 4.96448231e+07
 3.53412004e+07
 4.24701281e+07
 2.93953724e+07
 1.76897628e+07
 4.78779924e+07
 5.32819391e+07
 2.51339012e+07
 4.10225927e+07
 9.67209505e+07
 1.92705371e+08
 2.63191892e+08
 1.40155345e+08
 3.15576062e+08
 4.77007230e+08
 1.65681126e+08
 1.06789467e+08
 4.54734084e+07
 8.75086489e+07
 1.00657000e+08
 5.65064502e+07
 1.40208296e+08
 3.32796355e+08
 1.38021413e+08
 7.75187202e+07
 7.81320247e+07
 1.34497252e+08
 1.75472195e+08
 1.66972588e+08
 4.02653258e+08
 2.23514961e+08
 1.66456380e+08
 7.88070928e+07
 1.30528487e+08
 4.00463182e+08
 1.40138636e+08
 1.73030513e+08
 4.14949702e+08
 2.06083273e+08
 8.17992307e+07
 5.99313769e+07
 2.27217247e+08
 2.33471799e+08
 4.90627835e+07
 4.51729339e+07
 7.57337218e+07
 6.13021125e+07
 4.62271489e+07
 3.16635869e+07
 3.35471380e+07
 1.32711558e+08
 1.45940412e+08
 1.06514227e+08
 1.63003992e+08
 1.79867618e+08
 9.83535701e+07
 1.02529401e+08
 1.60783059e+08
 9.08487100e+07
 7.81908229e+07
 1.15303177e+08
 1.00148384e+08
 5.37208298e+07
 5.96871790e+07
 6.87314451e+07
 9.25965258e+07
 1.52673944e+08
 1.10082831e+08
 1.30057724e+08
 1.54969801e+08
 1.31245083e+08
 1.21884470e+08
 8.51595779e+07
 1.30786991e+08
 2.24570827e+08
 1.84735468e+08
 1.89738547e+08
 2.57173110e+08
 2.67420840e+08
 1.95776481e+08
 2.06332257e+08
 2.86125532e+08
 2.07275537e+08
 1.82949375e+08
 3.25100287e+08
 2.51631247e+08
 5.24633512e+08
 4.78445325e+08
 2.57292288e+08
 3.49688676e+08
 3.98888232e+08
 3.22965732e+08
 1.65283787e+08
 2.00652998e+08
 1.65632930e+08
 3.28298639e+08
 2.98641288e+08
 1.18939182e+08
 1.17451889e+08
 1.65731148e+08
 2.60131995e+08
 2.96802945e+08
 1.05133508e+08
 6.00834445e+07
 1.56943345e+08
 2.41291740e+08
 1.76123122e+08
 1.58511378e+08
 7.67605028e+08
 9.16847915e+08
 3.51000953e+08
 3.85137194e+08
 3.79979155e+08
 2.69345496e+08
 2.65805300e+08
 2.66705292e+08
 1.14048042e+08
 4.30182940e+08
 8.93544140e+08
 2.31809140e+08
 4.48668236e+08
 4.09429751e+08
 1.25309387e+08
 1.61381395e+08
 8.87469741e+07
 9.93418806e+07
 1.54547914e+08
 7.92763193e+07
 5.64811957e+07
 8.52657931e+07
 2.50884660e+08
 3.63689853e+08
 6.63926147e+08
 5.47717246e+08
 3.24950463e+08
 7.01729107e+08
 2.84097299e+08
 6.54493679e+07
 1.75808468e+08
 1.53737345e+09
 2.33120144e+09
 4.29841802e+08
 2.48942649e+08
 1.42190660e+08
 2.40711530e+08
 1.51198884e+08
 2.13833422e+07
 1.14146833e+08
 4.74712901e+08
 2.86805904e+08
 1.44372339e+08
 1.90683799e+08
 9.92540629e+08
 7.67686972e+08
 2.54603286e+08
 1.95472804e+08
 5.17445110e+08
 6.75074612e+08
 4.25170567e+08
 3.18476343e+08
 2.95267311e+08
 9.82210971e+07
 7.50923659e+07
 3.11257242e+08
 4.52043202e+08
 5.54699581e+08
 7.96842393e+08
 2.88631945e+08
 1.24072157e+08
 2.44863578e+08
 5.31581003e+08
 3.06661854e+08
 1.14699703e+08
 1.15570230e+08
 2.49954648e+08
 6.68853399e+08
 5.59888822e+08
 1.60743596e+08
 1.36038642e+08
 1.87160231e+08
 1.00566654e+08
 1.94566288e+08
 3.39708212e+08
 1.54914945e+08
 1.44702667e+08
 1.84548307e+08
 1.31042512e+08
 2.11124222e+08
 3.22175802e+08
 3.54112695e+08
 1.92263364e+08
 8.27211427e+07
 9.25337625e+07
 7.53112599e+07
 7.68767498e+07
 3.88780944e+07
 6.04640990e+07
 1.87039121e+08
 1.67061453e+08
 1.49667248e+08
 2.06736861e+08
 1.65105414e+08
 1.83381359e+08
 5.21934485e+08
 2.57456298e+08
 1.02342241e+08
 1.29054974e+08
 1.56910148e+08
 1.43224526e+08
 1.33812597e+08
 1.78964516e+08
 3.35677220e+08
 2.79417568e+08
 1.89169791e+08
 1.21724674e+08
 1.88977131e+08
 4.82376378e+08
 2.50770774e+08
 3.86211203e+07
 4.03208886e+07
 1.45000472e+08
 9.82184175e+07
 1.15070106e+08
 2.36193059e+08
 1.76850050e+08
 2.13752312e+08
 3.38207078e+08
 2.41867145e+08
 1.76055211e+08
 2.38199150e+08
 1.46895551e+08
 8.01171002e+07
 3.49426094e+08
 5.66791332e+08
 1.50317343e+08
 1.36599274e+08
 1.40804330e+08
 1.44481662e+08
 2.66394146e+08
 4.63889072e+08
 4.83893269e+08
 3.14575007e+08
 1.89438736e+08
 1.92661937e+08
 2.71156035e+08
 2.08822374e+08
 4.65812270e+08
 3.97838397e+08
 3.49360410e+08
 7.01680228e+08
 5.29134482e+08
 9.79854884e+08
 1.00058546e+09
 1.55798521e+08
 1.48243573e+08
 3.46650921e+08
 1.39808074e+08
 2.04432957e+08
 3.29321271e+08
 2.84773799e+08
 3.52634221e+08
 1.72040375e+08
 1.20915367e+08
 3.04351694e+08
 6.71683014e+08
 1.22477745e+09
 1.10029329e+09
 9.04962065e+08
 4.36170725e+09
 3.79729210e+09
 1.92096311e+09
 2.19309733e+09
 8.66923309e+08
 3.48173301e+08
 8.41900810e+08
 2.57778951e+09
 8.55599414e+08
 8.18027907e+08
 4.45816890e+08
 8.20852557e+07
 2.75784203e+07
 1.03704799e+07
 2.28241591e+05
 1.31164062e+04
 8.59047430e+03
 1.88719909e+04
 2.79765748e+04
 9.16220807e+03
 2.56894227e+04
 1.19340240e+05
 3.66570985e+04
 4.06727684e+03
 9.91653949e+02
 4.16117710e+02
 3.94527217e+02
 3.86536326e+02
 9.47566261e+02
 3.48471039e+04
 2.61541538e+06
 4.39774415e+07
 1.65944416e+08
 3.68985914e+08
 5.67475605e+08
 3.21213318e+09
 5.67516671e+09
 4.09293977e+09
 4.33841766e+09
 1.28560991e+09
 3.25523582e+09
 1.61766882e+10
 1.15131377e+10
 1.85156994e+10
 1.96414407e+10
 4.25681266e+09
 5.05413578e+08
 4.35492385e+08
 1.63349554e+09
 5.96898064e+08
 1.88039830e+08
 3.90917863e+08
 9.07951104e+08
 6.02179977e+08
 1.40111073e+08
 3.23289551e+07
 1.08482289e+07
 2.48108889e+06
 1.12525352e+06
 3.34333851e+06
 4.60120123e+06
 9.45936442e+06
 3.23901314e+07
 6.67600136e+07
 3.05589527e+08
 5.54335944e+08
 3.61750428e+08
 1.47914958e+08
 1.38123254e+08
 2.04717558e+08
 1.83091573e+08
 3.54477268e+08
 2.66746202e+08
 7.50447377e+07
 1.20384543e+08
 1.50970582e+08
 1.00539104e+08
 1.44264494e+08
 5.00724523e+07
 2.53289993e+07
 3.72259520e+07
 4.96752389e+07
 8.78330888e+07
 1.56206759e+08
 2.61880541e+08
 2.40558110e+08
 1.98021034e+08
 1.76719592e+08
 2.82816534e+08
 4.88378702e+08
 5.69257012e+08
 5.55485842e+08
 3.64208151e+08
 2.55120495e+08
 3.16163111e+08
 2.59487006e+08
 1.58492222e+08
 1.52084879e+08
 7.23615407e+07
 5.92950097e+07
 1.04062900e+08
 1.19191391e+08
 1.49786755e+08
 1.49467544e+08
 1.47784557e+08
 2.01607871e+08
 2.47383602e+08
 2.67537273e+08
 2.10870769e+08
 2.32223566e+08
 2.11428072e+08
 9.74441847e+07
 8.77382887e+07
 1.39098267e+08
 1.86487093e+08
 9.55485311e+07
 8.03152040e+07
 1.32647786e+08
 1.15747998e+08
 1.12660462e+08
 9.39079038e+07
 7.08544517e+07
 8.05476365e+07
 1.25102368e+08
 1.22025668e+08
 7.08828347e+07
 7.04230694e+07
 1.29499448e+08
 1.58822913e+08
 1.21805635e+08
 1.39355071e+08
 1.26051906e+08
 1.58145741e+08
 3.00132607e+08
 1.44603450e+08
 1.20760516e+08
 1.83026791e+08
 7.58012170e+07
 8.58284875e+07
 1.22726681e+08
 8.01268349e+07
 8.95550789e+07
 1.12871820e+08
 1.60459894e+08
 1.60893872e+08
 8.78212362e+07
 1.02493885e+08
 1.57607701e+08
 1.07706847e+08
 8.16184429e+07
 1.34543683e+08
 2.86517203e+08
 3.83137861e+08
 3.58083835e+08
 4.16093076e+08
 4.28426844e+08
 3.79471254e+08
 4.28435259e+08
 4.49847061e+08
 5.40722330e+08
 7.75701834e+08
 1.00910590e+09
 5.10953080e+08
 4.53145863e+08
 8.68804936e+08
 4.12063947e+08
 1.76950658e+08
 1.06269790e+08
 1.66603090e+08
 3.03393157e+08
 1.81088003e+08
 1.25926889e+08
 7.63659810e+07
 8.68502001e+07
 1.83177236e+08
 2.40912479e+08
 1.49455029e+08
 8.36125251e+07
 1.93214282e+08
 3.57034457e+08
 2.01011224e+08
 1.40120493e+08
 1.01985683e+08
 2.31342468e+08
 2.65945196e+08
 2.43625581e+08
 4.37465180e+08
 5.14139663e+08
 7.63123512e+08
 4.75405988e+08
 2.71007763e+08
 5.46791059e+08
 1.20541369e+09
 4.95444750e+08
 2.76103551e+08
 2.57103932e+08
 1.31018778e+08
 1.46883417e+08
 4.25550763e+08
 7.81913528e+08
 2.90067109e+08
 2.16822400e+08
 4.82941329e+08
 3.21354659e+08
 1.43107074e+08
 1.57953885e+08
 1.10384246e+08
 1.28681409e+07
 3.13006854e+06
 2.78163026e+06
 3.23803839e+06
 7.43735352e+06
 1.72489983e+07
 5.37531397e+07
 1.89435051e+08
 5.89912404e+08
 1.05157101e+09
 7.05412418e+08
 6.36753212e+08
 3.37959892e+08
 1.71265058e+08
 7.17346494e+08
 3.19489971e+09
 3.20286026e+09
 6.83282964e+09
 4.35196022e+09
 3.96519924e+09
 1.91336665e+10
 2.20271570e+10
 9.76280113e+09
 5.15649474e+09
 4.34770603e+09
 5.04155273e+09
 1.15534649e+09
 1.61270711e+08
 9.62262057e+07
 2.25728250e+07
 4.55166109e+06
 4.92294660e+04
 1.53518537e+03
 9.97891581e+02
 1.45386522e+03
 7.28970904e+02
 2.65893040e+02
 3.09030950e+02
 3.31780704e+02
 1.19163188e+03
 5.39757846e+04
 5.92169598e+04
 1.52658417e+04
 1.31163891e+04
 1.15677452e+04
 1.13229983e+04
 9.47048015e+03
 7.43856191e+03
 2.57900111e+03
 1.95889466e+03
 8.93297826e+03
 3.32710200e+04
 2.79490957e+05
 7.40557082e+05
 3.59207961e+05
 2.14404162e+06
 3.05821325e+06
 1.68234316e+06
 3.95145648e+06
 2.94570414e+07
 5.02549251e+07
 4.32331860e+07
 3.01796699e+07
 7.03713447e+07
 2.00990521e+08
 7.96560231e+08
 1.42900389e+09
 2.00329815e+08
 6.32202125e+08
 8.81135433e+09
 3.15323441e+09
 5.56582852e+08
 3.56875891e+08
 1.13908576e+09
 3.21698711e+09
 1.80152632e+09
 4.06252158e+08
 1.01939871e+09
 2.13529786e+09
 1.57426918e+09
 1.03390828e+09
 3.01537172e+08
 8.14122532e+08
 1.03227457e+08
 6.32137383e+07
 1.14694721e+08
 2.72306904e+07
 5.80005989e+07
 1.26313918e+08
 7.72095773e+06
 1.49385741e+06
 1.44974470e+07
 1.02642262e+07
 7.91542716e+05
 2.02205072e+05
 9.85344978e+04
 1.04812391e+05
 9.05263032e+04
 3.76994902e+04
 9.48504451e+03
 1.83189342e+04
 9.47699214e+04
 3.83625360e+04
 2.89137295e+04
 1.05761822e+04
 5.38590891e+03
 1.40783278e+05
 1.60524272e+05
 6.27555955e+04
 3.48844046e+05
 1.27478766e+05
 1.28356208e+04
 3.18866348e+03
 9.35246060e+02
 8.16074650e+02
 6.46795583e+02
 3.92813216e+02
 8.66193988e+02
 8.29242674e+02
 6.44667976e+02
 2.66996237e+03
 6.91937383e+04
 1.37792917e+06
 1.00155352e+07
 4.50953756e+07
 2.60933730e+08
 7.42178234e+08
 4.92708234e+08
 5.21085113e+08
 1.21251304e+09
 3.00167768e+09
 5.28805510e+09
 5.32894010e+09
 1.23674829e+10
 1.93807361e+10
 1.08273996e+10
 1.72701521e+10
 3.03004637e+09
 2.67682813e+09
 9.10598414e+09
 3.89015774e+09
 5.34425439e+09
 4.50303022e+09
 2.07904055e+09
 1.80730859e+09
 7.14604276e+08
 1.32138897e+08
 6.68915281e+08
 1.03670687e+09
 2.65147840e+08
 3.48001204e+08
 2.11210979e+08
 1.62311010e+08
 1.09791936e+08
 1.27156049e+08
 3.57760350e+07
 7.46869359e+06
 5.33689868e+06
 3.39124835e+06
 1.94556063e+06
 4.02617416e+06
 8.80461687e+06
 1.05616525e+07
 4.47294474e+07
 1.91853919e+08
 2.56582191e+08
 2.29572508e+08
 4.85452174e+08
 6.42893119e+08
 6.52153305e+08
 1.12731922e+09
 9.61799670e+08
 4.95953621e+08
 5.21887665e+08
 5.68573999e+08
 4.70179841e+08
 6.23904713e+08
 6.97460902e+08
 1.85937858e+08
 1.15551572e+08
 1.88758480e+08
 1.89080936e+08
 3.29366224e+08
 4.62060042e+08
 6.77098496e+08
 9.99960342e+08
 8.07856533e+08
 9.41876767e+08
 5.12974580e+08
 3.79776554e+08
 6.77699552e+08
 4.95841353e+08
 4.37395139e+08
 3.30935297e+08
 2.28248426e+08
 2.05244485e+08
 1.93026529e+08
 1.35510483e+08
 9.24309011e+07
 1.16993568e+08
 1.63653094e+08
 1.57254197e+08
 1.97248935e+08
 2.91611717e+08
 2.99159799e+08
 2.19223632e+08
 1.89509097e+08
 4.55571451e+08
 3.52860763e+08
 2.44774846e+08
 5.00135688e+08
 4.56471604e+08
 4.90894328e+08
 5.15225421e+08
 4.75962423e+08
 5.28571734e+08
 4.35245015e+08
 3.71577502e+08
 5.80862392e+08
 7.82915751e+08
 4.85733716e+08
 4.31647084e+08
 3.45188223e+08
 4.88199464e+08
 1.08141308e+09
 8.88409145e+08
 3.99761186e+08
 1.69803420e+08
 2.17222900e+08
 5.12898211e+08
 3.02871413e+08
 1.43759912e+08
 2.00937832e+08
 2.81979290e+08
 4.17051908e+08
 3.47566412e+08
 2.66359600e+08
 3.64160137e+08
 3.80968675e+08
 3.73371109e+08
 3.64169560e+08
 3.16509119e+08
 2.88117979e+08
 3.67704638e+08
 4.24934590e+08
 4.30835154e+08
 5.73667530e+08
 5.68952127e+08
 5.33148171e+08
 4.08035586e+08
 3.95037771e+08
 5.74090504e+08
 3.38735667e+08
 2.26447266e+08
 4.57848584e+08
 4.74555969e+08
 2.06629264e+08
 3.09425414e+08
 2.85744490e+08
 1.95795587e+08
 2.61876420e+08
 2.21362234e+08
 2.81504596e+08
 2.90805788e+08
 1.62378372e+08
 1.66805367e+08
 2.18377492e+08
 1.99153899e+08
 1.37167800e+08
 1.12457545e+08
 1.58251336e+08
 1.49278233e+08
 9.02180025e+07
 9.01443832e+07
 7.52463224e+07
 8.39926679e+07
 1.61870346e+08
 3.45483564e+08
 5.08124358e+08
 4.53558894e+08
 3.85952866e+08
 2.50057373e+08
 2.16399775e+08
 2.38660475e+08
 3.19449912e+08
 2.64993386e+08
 1.65749709e+08
 3.45685931e+08
 5.72273070e+08
 6.02245529e+08
 8.47603457e+08
 9.36972806e+08
 1.38892107e+09
 1.12636756e+09
 4.77807116e+08
 3.66205783e+08
 6.13240769e+08
 4.14585625e+08
 1.77002542e+08
 2.16127510e+08
 5.08843001e+08
 3.65893159e+08
 2.49409895e+08
 5.19988651e+08
 1.85259030e+08
 1.53813723e+08
 6.98097061e+08
 1.47459663e+09
 1.97428115e+09
 1.37897988e+08
 7.66532683e+06
 6.65397776e+06
 1.04439586e+07
 6.79644894e+06
 1.95661322e+07
 6.29897701e+07
 1.37001975e+08
 1.17214786e+09
 9.76714283e+08
 5.39075008e+08
 2.23072095e+09
 1.96809615e+09
 3.39768358e+09
 1.94598166e+10
 7.49692179e+09
 1.06973285e+10
 2.86447817e+10
 9.11348376e+10
 6.20990941e+10
 1.92033315e+10
 8.90831512e+10
 3.36849277e+11
 1.05267940e+11
 2.86471287e+10
 1.10128492e+10
 2.31917518e+09
 2.52236977e+09
 4.66810364e+08
 4.95553046e+07
 7.91343752e+05
 7.50659491e+03
 1.40096296e+03
 6.93980917e+02
 6.97169193e+02
 2.38685269e+03
 4.40299896e+03
 3.74539577e+04
 6.06965229e+04
 1.11595177e+04
 1.57361855e+04
 1.35082254e+04
 3.01866587e+04
 1.72897619e+05
 2.46810343e+06
 5.52023947e+07
 6.54708581e+08
 1.01104209e+09
 1.48911483e+09
 1.21884228e+10
 5.23057350e+09
 2.40396048e+08
 1.16582860e+09
 3.49253304e+10
 6.51819571e+09
 2.79690176e+09
 5.01005110e+09
 8.99559652e+09
 3.33701388e+09
 8.47999494e+08
 1.69467089e+09
 5.94226368e+09
 1.86175974e+10
 1.28978846e+10
 1.76667816e+10
 9.71922012e+09
 1.34886989e+09
 1.06786711e+10
 1.64308859e+10
 1.59500916e+09
 2.23594067e+09
 9.08370312e+09
 1.48047014e+10
 3.32756501e+09
 1.92907340e+09
 3.83181241e+09
 2.33373323e+09
 1.53463875e+09
 1.43637483e+09
 2.38738927e+09
 1.80699646e+09
 2.26410207e+09
 3.04153135e+09
 1.58785447e+09
 2.94518441e+09
 3.32936301e+09
 1.41461468e+09
 3.90684022e+08
 3.24889119e+08
 3.14550417e+08
 1.31987197e+08
 5.16070353e+08
 3.17620417e+09
 2.78808884e+09
 5.82950577e+09
 3.48659080e+09
 7.06228946e+08
 2.84546282e+08
 3.00232785e+08
 1.10356473e+09
 2.10015189e+09
 1.09231043e+09
 2.87002018e+08
 4.39178047e+08
 1.38253863e+09
 1.43541602e+09
 2.83008922e+09
 1.69556102e+09
 3.83983432e+09
 2.59855772e+10
 8.57996272e+09
 1.72214530e+09
 2.50215360e+09
 1.86288634e+09
 1.12198875e+09
 7.95464891e+08
 1.72702078e+08
 1.83221027e+08
 2.31231228e+08
 4.84011689e+08
 2.93658566e+09
 9.56281388e+09
 5.97360652e+09
 3.43754794e+09
 5.74508894e+09
 4.08994114e+09
 4.60661479e+09
 3.64761375e+09
 2.15431034e+09
 4.05526408e+09
 7.19688333e+09
 1.36655466e+10
 4.93169339e+09
 1.92497371e+09
 1.98395367e+09
 4.23392888e+09
 6.28991898e+09
 2.87390078e+09
 4.44018053e+09
 8.24038456e+09
 1.69936037e+10
 5.95444462e+09
 2.52960621e+09
 4.23006413e+09
 3.69593020e+09
 5.72463576e+09
 9.60938442e+09
 1.05692844e+10
 1.11730434e+10
 4.22811848e+09
 7.57205005e+08
 2.14677110e+08
 1.96623027e+08
 4.95786237e+08
 1.07053976e+09
 1.40767534e+09
 1.39838349e+09
 2.31603050e+09
 1.52292483e+09
 9.84699495e+08
 8.44642059e+08
 5.95812574e+08
 1.72492648e+09
 6.78624639e+09
 5.39450608e+09
 1.71729261e+09
 9.24251453e+08
 7.26479628e+08
 9.69580004e+08
 6.19983740e+09
 9.40861073e+09
 3.44454799e+09
 1.41276209e+09
 1.06579937e+09
 7.60004959e+08
 1.18940789e+09
 5.56344257e+09
 1.18588900e+09
 2.14031705e+08
 2.35366275e+08
 1.23650797e+09
 2.12953517e+09
 1.14728211e+09
 1.23413589e+09
 3.54373007e+09
 4.46032534e+09
 2.30005363e+09
 4.76174092e+09
 2.48326757e+09
 1.66483529e+09
 2.12800037e+09
 5.35564788e+09
 6.86693852e+09
 1.46786315e+09
 6.63706544e+09
 1.63069785e+10
 2.45214854e+09
 9.64890849e+08
 9.90751589e+08
 1.42445831e+09
 3.70626619e+09
 1.05076634e+10
 4.86881656e+09
 2.97938105e+09
 3.34905974e+09
 1.90075416e+09
 1.87296292e+09
 3.23619771e+09
 2.69150353e+09
 3.42315875e+09
 6.28581879e+09
 4.60428771e+09
 2.53498879e+09
 1.29669039e+09
 6.18355358e+08
 5.60577477e+08
 1.45737877e+09
 2.98417419e+09
 2.06832087e+09
 1.09820644e+09
 2.31012413e+09
 3.99234850e+09
 2.50708739e+09
 4.63749242e+09
 8.47084013e+09
 4.62169342e+09
 4.76840369e+09
 1.01891318e+10
 1.29737199e+10
 1.29877082e+10
 3.53786986e+10
 4.04494351e+10
 6.76594196e+09
 9.57767539e+09
