 3.39443366e+000
 3.64592849e+000
 3.70031108e+000
 4.05146618e+000
 3.78962681e+000
 3.01733510e+000
 2.56996129e+000
 2.22206706e+000
 1.92478178e+000
 1.22897096e+000
 2.26620589e+001
 9.35206019e-001
 1.91198401e-003
 1.46407008e+001
 5.93626829e-001
 3.37829966e-001
 1.32893171e-003
 4.70822620e-001
 1.31485125e+000
 1.59849536e+000
 1.67123377e+000
 1.66287610e+000
 2.04729978e+000
 2.18738074e+000
 1.27924344e+000
 1.09108527e+000
 1.30634909e+001
 9.84066982e-001
 8.69008219e-001
 1.01003566e+000
 7.49891765e-001
 9.08589205e-001
 1.43045521e+000
 6.82034521e-001
 1.91693736e-001
 1.67003444e-001
 3.66524661e-001
 1.15371431e+000
 6.14115747e-001
 5.25675848e-001
 1.34286059e+000
 1.34269803e+001
 6.28140699e-001
 1.37739294e-001
 2.51543134e-001
 2.98131402e-001
 7.52379563e-001
 1.84155672e+001
 1.37662469e-001
 3.45675369e-001
 4.59156113e-001
 9.64363329e-002
 4.96098091e-001
 2.94209106e-001
 7.75545245e-002
 4.64418373e-001
 1.11790600e+000
 1.33553799e+000
 1.38829779e+001
 1.09587470e+000
 1.16056033e+000
 8.23942200e-001
 1.00663617e+000
 1.76367745e+000
 1.27977241e+001
 1.42951174e+000
 1.55289242e+000
 2.20050641e+000
 2.60425911e+000
 1.90324957e+000
 1.70405791e+000
 2.08132569e+000
 1.98206400e+000
 1.67169149e+000
 1.23009147e+000
 1.11866079e+000
 9.21083878e-001
 3.80516347e-001
 5.11663522e-001
 6.18698171e-001
 7.62168061e-001
 4.89811611e-001
 3.54801364e-001
 5.85340103e-001
 3.12095325e-001
 4.02075482e-001
 9.98638278e-001
 1.39845385e+000
 1.19110966e+000
 1.67643477e+000
 1.82508740e+000
 1.35924403e+000
 1.88529862e+000
 2.39510806e+000
 2.03605217e+000
 1.74140040e+000
 2.22981758e+000
 2.15575825e+000
 2.39390029e+000
 2.84440481e+000
 2.08767063e+000
 1.45571947e+000
 1.04791285e+000
 6.05846064e-001
 5.08377657e-001
 5.90437293e-001
 8.55795916e-001
 5.87282216e-001
 6.72946699e+001
 1.06066627e+000
 3.44517217e-001
 1.05782794e-001
 3.64908664e-001
 8.11732644e-001
 1.23637275e+000
 1.13959269e+000
 1.32813318e+000
 1.45223521e+000
 1.56150014e+000
 2.13304398e+000
 1.94227217e+000
 2.00715028e+000
 2.86948636e+000
 3.12225851e+000
 3.55511238e+000
 1.94998700e+000
 3.00237733e+000
 3.40882550e+000
 3.77781677e+000
 3.59208126e+000
 3.66472001e+000
 3.67583874e+000
 3.94295706e+000
 1.00511932e+001
 3.67993511e+000
 3.34699030e+000
 2.82136512e+000
 2.96147737e+000
 3.05003744e+000
 2.79590362e+000
 2.94595429e+000
 3.12886666e+000
 1.56372437e+001
 3.28722505e+000
 3.02397070e+000
 2.93910500e+000
 3.37835605e+000
 1.09877667e+001
 3.53082344e+000
 3.60798342e+000
 3.50473671e+000
 3.44179079e+000
 3.63826626e+000
 1.29867538e+001
 3.68927878e+000
 3.50953292e+000
 3.45511599e+000
 4.01425143e+000
 4.57288122e+000
 3.96641528e+000
 3.52041870e+000
 1.19456827e+001
 3.62293937e+000
 3.67587905e+000
 3.48285961e+000
 3.76283544e+000
 3.96687338e+000
 3.43964062e+000
 1.53634071e+001
 4.49143468e+000
 1.10224804e+001
 3.88820494e+000
 4.06296945e+000
 3.59752537e+000
 3.73575743e+000
 4.91854249e+000
 5.22189278e+000
 5.33497429e+000
 5.09812367e+000
 4.22686189e+000
 1.50318848e+001
 4.46866980e+000
 4.24583814e+000
 4.32155213e+000
 4.13977220e+000
 3.94789571e+000
 4.31103148e+000
 4.28442681e+000
 3.25576197e+000
 2.58611881e+000
 3.01685608e+000
 3.90399921e+000
 4.10677779e+000
 3.80391020e+000
 3.63991154e+000
 3.91621808e+000
 4.30637842e+000
 4.50437143e+000
 4.10836419e+000
 3.64957172e+000
 4.00361176e+000
 3.79062848e+000
 3.87925125e+000
 4.08603502e+000
 3.81201472e+000
 3.53232189e+000
 3.38103155e+000
 3.80112543e+000
 4.06364230e+000
 4.18537099e+000
 4.47803763e+000
 4.79145281e+000
 4.94371394e+000
 5.28006846e+000
 5.39731094e+000
 5.12142320e+000
 5.11860291e+000
 4.58171779e+000
 4.25085046e+000
 4.72581457e+000
 9.42033105e+000
 4.63027582e+000
 5.05876122e+000
 9.92371189e+000
 5.15270120e+000
 5.69564127e+000
 2.05180868e+001
 4.99238283e+000
 5.32953704e+000
 6.05617341e+000
 6.38245745e+000
 6.12311554e+000
 5.89591258e+000
 5.60287787e+000
 4.95146691e+000
 5.19822275e+000
 4.85272354e+000
 1.82224699e+001
 5.40408101e+000
 5.12599141e+000
 4.92343669e+000
 4.87924751e+000
 4.78468054e+000
 4.83013144e+000
 5.40465429e+000
 5.61847959e+000
 5.22482644e+000
 5.58693610e+000
 9.32773684e+000
 4.85186671e+000
 4.65280372e+000
 4.59827398e+000
 4.58525208e+000
 4.43569987e+000
 4.63648907e+000
 5.44339348e+000
 5.73053070e+000
 9.01073494e+000
 6.01825976e+000
 6.14809193e+000
 5.83345511e+000
 5.99398059e+000
 6.28849578e+000
 6.50854267e+000
 6.67668451e+000
 6.09818467e+001
 6.63518240e+000
 6.59164402e+000
 6.36182776e+000
 6.43710170e+000
 6.60434381e+000
 8.03688751e+000
 6.32040280e+000
 5.97610889e+000
 6.67005597e+000
 1.02664219e+001
 6.23740827e+000
 6.02436132e+000
 5.11683628e+000
 9.09113847e+000
 6.39465748e+000
 6.86472906e+000
 6.06686501e+000
 5.24352982e+000
 2.42137509e+001
 5.54750815e+000
 5.96458799e+000
 6.10805686e+000
 6.52510347e+000
 1.20155105e+001
 6.05578376e+000
 5.57039585e+000
 8.57095117e+000
 5.77279419e+000
 5.56769657e+000
 5.37527612e+000
 5.77691272e+000
 5.93875641e+000
 5.72107921e+000
 5.71258315e+000
 5.71919490e+000
 5.87102841e+000
 5.24828532e+000
 5.01857833e+000
 5.39503900e+000
 5.18809223e+000
 5.67970069e+000
 6.33590354e+000
 5.76022905e+000
 4.96921551e+000
 4.39791504e+000
 4.84374095e+000
 5.49196723e+000
 1.69204013e+001
 5.43249477e+000
 5.38748358e+000
 5.35494662e+000
 4.94417600e+000
 5.07450541e+000
 4.79292561e+000
 4.70903873e+000
 5.40439069e+000
 5.21499494e+000
 5.63540856e+000
 5.60825642e+000
 5.70491144e+000
 5.96101234e+000
 6.37639333e+000
 6.78034457e+000
 7.10339376e+000
 1.58008263e+001
 6.95061088e+000
 7.40270348e+000
 7.55983818e+000
 7.63182277e+000
 7.58629459e+000
 6.74257270e+000
 9.02220872e+000
 7.37478351e+000
 6.96146340e+000
 6.65859129e+000
 6.53165398e+000
 7.58785938e+000
 6.81493297e+000
 6.72928498e+000
 7.00811624e+000
 7.27699858e+000
 7.37483610e+000
 7.47245377e+000
 1.03086221e+001
 7.84803362e+000
 7.72516132e+000
 7.29352234e+000
 7.19370421e+000
 7.20640156e+000
 7.13148967e+000
 7.15779108e+000
 6.86788487e+000
 7.06158752e+000
 7.58615864e+000
 7.33726373e+000
 7.10964949e+000
 7.43893160e+000
 7.72109032e+000
 7.03621049e+000
 6.73004180e+000
 7.30588924e+000
 6.03944402e+000
 5.57800313e+000
 5.19404084e+000
 4.63419771e+000
 4.02138426e+000
 3.31788900e+000
 3.86461505e+000
 4.08345724e+000
 2.93957833e+000
 1.12553053e+001
 3.30125204e+000
 3.51877692e+000
 3.63850531e+000
 3.80432507e+000
 3.71856450e+000
 3.46996785e+000
 3.36516266e+000
 4.23900172e+000
 4.56588268e+000
 4.04893466e+000
 4.42418051e+000
 4.24443955e+000
 3.93937735e+000
 3.39732633e+000
 2.93156692e+000
 2.85937428e+000
 2.57127198e+000
 2.68593258e+000
 2.55686021e+000
 2.35454352e+000
 2.18460831e+000
 1.97672501e+000
 2.48056109e+000
 2.97662746e+000
 2.72863816e+000
 3.13713303e+000
 3.89759303e+000
 1.04886286e+001
 3.68771945e+000
 3.91445009e+000
 3.85717263e+000
 4.06314680e+000
 5.07989110e+000
 4.76419153e+000
 4.37344880e+000
 4.26471438e+000
 4.07275339e+000
 4.50072048e+000
 4.30585324e+000
 3.93140982e+000
 4.24392747e+000
 4.45084954e+000
 4.43821025e+000
 4.50101326e+000
 4.34072853e+000
 4.38879164e+000
 4.47126233e+000
 4.86558075e+000
 4.76264148e+000
 4.20723121e+000
 4.67249739e+000
 4.97629577e+000
 5.42708554e+000
 5.90229737e+000
 5.66899780e+000
 6.14937734e+000
 6.75057372e+000
 6.12383956e+000
 5.32651770e+000
 5.53970894e+000
 5.27525967e+000
 5.18317091e+000
 5.33602517e+000
 4.90758096e+000
 5.09218225e+000
 4.99927157e+000
 4.95172773e+000
 5.01049159e+000
 4.58735527e+000
 4.88469552e+000
 5.73267426e+000
 6.08635954e+000
 9.21421010e+000
 6.12112442e+000
 6.25821441e+000
 6.03432054e+000
 5.53725954e+000
 1.23844742e+001
 5.87024326e+000
 9.76072047e+000
 5.66267071e+000
 5.74606896e+000
 5.83959725e+000
 5.55661362e+000
 5.36958810e+000
 5.72329510e+000
 5.55949003e+000
 5.89503138e+000
 6.24084769e+000
 5.89364939e+000
 5.69930533e+000
 5.90339169e+000
 6.00198586e+000
 5.75316393e+000
 5.40910089e+000
 5.14146815e+000
 4.63645335e+000
 9.76950959e+000
 4.60296022e+000
 3.38408149e+000
 1.07041800e+001
 4.06135831e+000
 3.95239684e+000
 3.87926794e+000
 3.41058556e+000
 1.09441206e+001
 3.67268231e+000
 3.90134909e+000
 3.98596598e+000
 3.70468840e+000
 3.39913531e+000
 2.83050566e+000
 2.58367428e+000
 2.47273810e+000
 2.23994267e+000
 1.27335631e+001
 2.57259947e+000
 2.34838836e+000
 1.83715601e+000
 1.97783208e+000
 1.95690877e+000
 1.62781948e+000
 1.23419717e+000
 1.50902369e+000
 2.45952610e+000
 2.26927459e+000
 1.47087626e+000
 1.32827021e+001
 1.43938042e+000
 2.09902701e+000
 2.50929094e+000
 2.21754430e+000
 2.82570292e+000
 3.00901164e+000
 2.26710229e+000
 2.45114813e+000
 3.06218528e+000
 3.27028980e+000
 1.07686498e+001
 3.85343131e+000
 4.42592920e+000
 4.09437986e+000
 3.38649557e+000
 3.07987362e+000
 1.25474641e+001
 3.32046872e+000
 3.53922050e+000
 3.62630829e+000
 3.50082683e+000
 2.60391116e+000
 2.00194088e+000
 1.86286910e+000
 1.26686501e+000
 6.84440381e-001
 7.72902782e+001
 1.06658378e+000
 1.62234264e+000
 1.26553266e+001
 9.34345308e-001
 2.03920586e+001
 1.11175631e+000
 1.01656194e+000
 1.12760250e+000
 1.37844218e+001
 1.54115314e+000
 1.94487292e+000
 1.50005517e+000
 1.12923410e+000
 4.93202711e-001
 1.67475790e-001
 6.89244988e-001
 8.52270764e-001
 1.20412772e+000
 1.30069262e+000
 6.26715134e-001
 5.78155367e-003
 1.55703146e-001
 3.16616137e-001
 4.71645352e-002
 7.54187193e-001
 1.61232193e+001
 6.37920663e-002
 6.67919295e-001
 3.88197794e-001
 3.55609804e-002
 2.06754321e-001
 9.90351295e-001
 1.49569350e+000
 1.33152882e+000
 1.22417516e+000
 1.18304033e+000
 1.48925126e+000
 2.15076668e+000
 1.92050874e+000
 1.16611634e+000
 1.73439714e+000
 1.30784629e+000
 3.76708727e-001
 2.81712670e+001
 9.90023912e-003
 4.44120906e-001
 1.57732239e+001
 2.09189642e-001
 5.16353710e-001
 8.65442999e-001
 1.11479004e+000
 1.53763907e+000
 1.61532022e+000
 1.36550054e+000
 1.83311318e+000
 1.93468334e+000
 1.75353937e+000
 1.36658837e+000
 1.00794722e+000
 1.20995395e+000
 9.53238234e-001
 8.54433542e-001
 1.27474340e+000
 1.16544665e+000
 1.58270014e+000
 1.88972607e+000
 2.28920033e+000
 2.92836266e+000
 1.90780980e+001
 3.00362806e+000
 3.22909002e+000
 2.61055351e+000
 2.21017259e+000
 2.03661269e+000
 1.53868835e+000
 1.23447886e+000
 9.10539736e-001
 5.40178191e-001
 1.47107842e+001
 7.36710888e-001
 5.78156045e-001
 1.05435826e-002
 1.83558241e-001
 5.98457163e-003
 7.49608552e-003
 1.77894935e-001
 2.72164931e-001
 6.77929853e-001
 9.71429995e-001
 1.28415007e+000
 1.63655340e+000
 1.51975013e+000
 1.22724596e+000
 5.76507491e-001
 2.82476359e-001
 5.88658334e-001
 3.65282761e-001
 1.11971839e-001
 3.43658702e-001
 6.67151510e-001
 7.33832887e-001
 1.00305268e+000
 1.34947858e+000
 1.24727465e+000
 7.08889966e-001
 4.23840713e-001
 5.43460842e-001
 1.45785516e+001
 7.21665061e-001
 1.08886027e+000
 8.57716865e-001
 2.70090003e-001
 7.87187863e-002
 4.20110612e-001
 1.10879250e+000
 1.30614901e+001
 5.82506553e-001
 1.52510839e+000
 2.86565440e+000
 1.29404305e+001
 2.88394386e+000
 1.24090548e+001
 3.03844277e+000
 2.68113027e+000
 2.06488325e+000
 2.33940810e+000
 2.18756088e+000
 1.91658499e+000
 1.70379240e+000
 1.43276678e+000
 1.29307139e+000
 9.87455920e-001
 1.36115885e+000
 1.09906410e+000
 4.54358247e-001
 3.70959107e-001
 8.77938362e-001
 7.53984328e-001
 1.20083599e+000
 1.06659784e+000
 6.65557704e-001
 1.19660885e+000
 1.56672495e+001
 8.41036417e-001
 1.21428134e+000
 1.88340266e+000
 2.49183453e+000
 2.66714321e+000
 2.28324960e+000
 1.70160221e+000
 1.49642323e+000
 1.25015564e+000
 1.43725545e+000
 1.17920514e+000
 9.55643753e-001
 1.87916496e+000
 2.27473577e+000
 2.08832610e+000
 2.71888055e+000
 2.56505064e+000
 2.00045575e+000
 1.61242170e+001
 1.57161270e+000
 1.64449408e+000
 2.24453869e+000
 2.65096396e+000
 2.51058383e+000
 2.54220168e+000
 2.47137185e+000
 1.69825659e+000
 2.21272137e+000
 2.46137281e+000
 2.88042358e+000
 3.34163445e+000
 2.71445076e+000
 1.94742208e+001
 3.04416905e+000
 2.80796228e+000
 2.09156629e+000
 1.60099247e+000
 1.72903110e+000
 1.80579357e+000
 1.78188866e+000
 2.13853633e+000
 2.22083352e+000
 2.36931528e+000
 2.92168944e+000
 2.59090077e+000
 2.25289114e+000
 2.56925598e+000
 2.84372570e+000
 2.62895651e+000
 2.16735846e+000
 1.87686552e+000
 1.16049837e+000
 1.67151074e+001
 2.19826956e+000
 2.83538559e+000
 3.28174828e+000
 3.53684900e+000
 3.78074608e+000
 4.41548311e+000
 4.75126909e+000
 4.16889864e+000
 3.94736653e+000
 4.70955370e+000
 5.41680081e+000
 5.15685505e+000
 5.15805162e+000
 6.18755178e+000
 2.11882543e+001
 5.62309891e+000
 2.46144759e+001
 5.20136991e+000
 5.43648755e+000
 5.33303685e+000
 4.86790344e+000
 5.97438072e+000
 6.26819009e+000
 4.99429114e+000
 4.45650530e+000
 5.50196963e+000
 5.73222163e+000
 5.67770378e+000
 5.84065491e+000
 5.33875109e+000
 5.54456830e+000
 6.08749777e+000
 5.72632451e+000
 5.94221523e+000
 5.51702806e+000
 4.40812323e+000
 3.22584156e+001
 4.00545470e+000
 3.64799508e+000
 3.68025069e+000
 3.39046484e+000
 2.63830449e+000
 2.14166142e+000
 2.31616648e+000
 2.58127608e+000
 3.11562977e+000
 3.52145294e+000
 3.34796308e+000
 3.66366232e+000
 4.50246508e+000
 5.08206713e+000
 5.82008805e+000
 5.98603673e+000
 5.82545152e+000
 6.13982023e+000
 6.16081009e+000
 2.05441111e+001
 5.52327527e+000
 5.30975440e+000
 6.16370287e+000
 6.58198360e+000
 7.32838948e+000
 2.40181038e+001
 6.17251042e+000
 2.24812086e+001
 6.34622911e+000
 7.28856155e+000
 7.74198952e+000
 6.72550798e+000
 2.08986279e+001
 2.10000489e+001
 7.51275754e+000
 7.82287523e+000
 2.18944138e+001
 8.05742917e+000
 2.21494528e+001
 8.16871511e+000
 7.50301773e+000
 7.03638308e+000
 2.13441574e+001
 7.33133021e+000
 2.15386737e+001
 7.16792936e+000
 7.06016091e+000
 6.75100550e+000
 6.63998776e+000
 6.79466748e+000
 6.64381908e+000
 6.45794508e+000
 6.71537691e+000
 7.34199993e+000
 7.70541953e+000
 2.80988667e+001
 7.26831493e+000
 6.17520478e+000
 5.95435088e+000
 5.86592198e+000
 5.69191910e+000
 5.09444188e+000
 4.22879106e+000
 4.40770064e+000
 4.74260583e+000
 5.50635615e+000
 6.18037659e+000
 6.01724490e+000
 5.71064346e+000
 6.34401089e+000
 7.10756726e+000
 2.14003082e+001
 7.56090802e+000
 7.75245137e+000
 7.50614148e+000
 6.87686500e+000
 6.04380257e+000
 5.46492780e+000
 4.88674270e+000
 4.26624346e+000
 3.61181262e+000
 3.18550647e+000
 1.98643267e+001
 3.09062099e+000
 3.69867445e+000
 4.34312064e+000
 2.15322733e+001
 4.77155748e+000
 5.28079503e+000
 5.45143631e+000
 6.03826506e+000
 6.84509014e+000
 6.51605789e+000
 6.28329169e+000
 6.79954096e+000
 6.53193651e+000
 6.43065367e+000
 6.82249598e+000
 6.27258672e+000
 5.73771414e+000
 6.29205616e+000
 6.39801494e+000
 5.17533006e+000
 4.79740692e+000
 4.94063961e+000
 4.48746895e+000
 3.89873798e+000
 3.59548422e+000
 3.27064259e+000
 2.92064747e+000
 2.98187064e+000
 3.34718490e+000
 3.18261128e+000
 2.46598777e+000
 1.65918190e+001
 3.02062287e+000
 3.59987820e+000
 4.11186933e+000
 4.24341294e+000
 4.43006511e+000
 4.56070952e+000
 4.84557108e+000
 5.24504503e+000
 4.54560264e+000
 4.04038435e+000
 2.28685999e+001
 4.01460647e+000
 3.54715857e+000
 3.40655375e+000
 3.52438971e+000
 3.70695719e+000
 3.93393170e+000
 3.98103894e+000
 4.36233919e+000
 4.48299316e+000
 5.11556015e+000
 5.43908836e+000
 4.63128222e+000
 4.40777346e+000
 4.47653223e+000
 4.61377904e+000
 5.32449855e+000
 5.72647825e+000
 6.09143898e+000
 5.90980119e+000
 5.69562691e+000
 2.04925673e+001
 6.10798193e+000
 6.51587888e+000
 6.33224296e+000
 5.81743663e+000
 5.46702579e+000
 2.03242031e+001
 5.88350569e+000
 6.64660304e+000
 6.79956514e+000
 5.53216128e+000
 4.86071844e+000
 5.38798845e+000
 6.14866674e+000
 6.60538781e+000
 6.12477353e+000
 5.91478496e+000
 6.22805216e+000
 6.50047527e+000
 6.31481565e+000
 6.12600424e+000
 6.65443039e+000
 2.92293078e+001
 6.25617511e+000
 6.28742170e+000
 6.32911336e+000
 5.45584043e+000
 5.26384811e+000
 5.60439539e+000
 4.77495246e+000
 1.89925997e+001
 4.94628528e+000
 4.44750499e+000
 4.24369766e+000
 4.79824199e+000
 5.10037603e+000
 4.35491041e+000
 4.89872155e+000
 5.71050353e+000
 5.13450298e+000
 5.29420369e+000
 5.90108532e+000
 5.61728035e+000
 4.89177320e+000
 1.88466741e+001
 4.33145518e+000
 3.79813717e+000
 3.58949791e+000
 3.64699403e+000
 3.38965550e+000
 3.13413124e+000
 3.35608214e+000
 1.73564703e+001
 3.59414244e+000
 3.22347515e+000
 2.85848668e+000
 3.26939011e+000
 3.75743542e+000
 3.91659520e+000
 3.32269438e+000
 2.78874883e+000
 2.42830233e+000
 1.64868524e+001
 2.80780957e+000
 3.44913269e+000
 4.13677073e+000
 4.55443734e+000
 5.46621135e+000
 6.30499123e+000
 5.74534890e+000
 5.03373137e+000
 5.54015418e+000
 5.13154518e+000
 4.19942948e+000
 4.68690510e+000
 5.30068154e+000
 5.39874567e+000
 5.45616871e+000
 5.15205503e+000
 5.03143247e+000
 5.19161809e+000
 5.02458785e+000
 5.49832909e+000
 6.01904803e+000
 5.57440565e+000
 4.45044787e+000
 1.86400812e+001
 4.88757340e+000
 4.60537070e+000
 1.86623320e+001
 4.11272065e+000
 3.03637347e+000
 1.70341496e+001
 2.86853246e+000
 2.41393656e+000
 2.27351110e+000
 1.97107151e+000
 2.06240121e+000
 2.72098711e+000
 2.33314911e+000
 1.40518951e+000
 2.89514621e+001
 1.56485065e+000
 1.78412087e+000
 1.84089039e+000
 1.33341585e+000
 1.15498249e+000
 1.06136908e+000
 8.52304530e-001
 7.20988250e-001
 3.34057922e-001
 8.30438122e-001
 1.39560819e+001
 6.01952486e-001
 1.67415451e-001
 1.55171931e+001
 1.67213059e-001
 5.95933507e-003
 3.66561751e-001
 1.33895938e-001
 8.02343179e-001
 1.51708502e+001
 1.08731427e+000
 9.68741669e-001
 5.20587647e-001
 3.06252191e-001
 4.13959241e-001
 9.21116793e-001
 8.69990036e-001
 9.15781449e-001
 6.96054445e-001
 1.01254915e+000
 2.66432070e+000
 1.71690132e+001
 2.67417088e+000
 3.85065822e+000
 1.83740165e+001
 4.94473826e+000
 5.77287613e+000
 4.82185855e+000
 4.44213055e+000
 5.09247677e+000
 4.86098404e+000
 4.73389889e+000
 5.22748077e+000
 1.95229792e+001
 5.40722947e+000
 6.05428590e+000
 6.32200013e+000
 6.24944953e+000
 6.71019217e+000
 6.59907382e+000
 6.30289140e+000
 6.63762863e+000
 7.31827714e+000
 8.07471801e+000
 7.64720723e+000
 6.79012040e+000
 6.42417304e+000
 7.04438549e+000
 2.66991828e+001
 6.83440632e+000
 7.24289040e+000
 6.63241778e+000
 7.02840225e+000
 7.31304215e+000
 2.14287136e+001
 8.00655696e+000
 8.24334475e+000
 8.18381362e+000
 8.63595643e+000
 9.04171907e+000
 8.63332347e+000
 8.84182902e+000
 9.33005739e+000
 8.88301199e+000
 2.41273097e+001
 9.00312722e+000
 8.37886872e+000
 7.98838224e+000
 7.87004873e+000
 7.46378948e+000
 7.57380375e+000
 7.93478755e+000
 2.21727695e+001
 7.86577337e+000
 7.65378609e+000
 7.86381683e+000
 7.41140691e+000
 7.20160623e+000
 7.86589794e+000
 8.57474987e+000
 9.42308595e+000
 9.70691078e+000
 9.57616676e+000
 9.41670043e+000
 9.92851654e+000
 9.80125383e+000
 9.48206019e+000
 7.23701946e+001
 8.66251964e+000
 7.77687493e+000
 7.11256764e+000
 6.89906213e+000
 7.36019052e+000
 7.71957660e+000
 7.75188568e+000
 8.39626052e+000
 8.48842846e+000
 8.38164735e+000
 8.47875684e+000
 8.25466476e+000
 8.52587858e+000
 8.20058586e+000
 7.56083651e+000
 7.85902014e+000
 2.18778750e+001
 7.78427784e+000
 7.79078223e+000
 7.77206728e+000
 7.73728060e+000
 7.81710848e+000
 8.11287361e+000
 7.40332944e+000
 6.97300875e+000
 8.09391912e+000
 9.32391525e+000
 2.32824949e+001
 9.52436205e+000
 1.01070971e+001
 1.04744589e+001
 1.00670818e+001
 9.54002104e+000
 9.79527437e+000
 9.81297446e+000
 1.00303852e+001
 2.71974907e+001
 1.09453322e+001
 1.10858084e+001
 1.15753044e+001
 1.32708343e+001
 1.40610378e+001
 1.44178948e+001
 1.38366134e+001
 1.41587791e+001
 1.50392029e+001
 1.47952151e+001
 2.91045161e+001
 1.54951615e+001
 1.57920665e+001
 1.67286474e+001
 1.73487181e+001
 1.83852775e+001
 1.90044411e+001
 1.90862035e+001
 2.00117938e+001
 2.07036593e+001
 2.24462984e+001
 2.40397291e+001
 2.42630792e+001
 2.55978033e+001
 2.71759514e+001
 2.76907700e+001
 2.90097170e+001
 3.09965526e+001
 3.13613269e+001
 3.16743165e+001
 3.38292572e+001
 3.52100126e+001
 3.63633161e+001
 3.74310079e+001
 3.77171002e+001
 3.96881384e+001
 4.18388571e+001
 4.37429958e+001
 4.46906378e+001
 4.55460090e+001
 4.79373913e+001
 5.12233413e+001
 5.40985193e+001
 5.68978729e+001
 5.99060012e+001
 6.25230211e+001
 6.52602209e+001
 6.88267226e+001
 7.23563022e+001
 7.33892286e+001
 7.53041083e+001
 8.03873116e+001
 8.45999210e+001
 8.71900917e+001
 9.07057008e+001
 9.44717144e+001
 1.00655284e+002
 1.08251759e+002
 1.16835304e+002
 1.27305317e+002
 1.35690022e+002
 1.37690418e+002
 1.44000713e+002
 1.51718842e+002
 1.54264504e+002
 1.61347400e+002
 1.72157247e+002
 1.83854781e+002
 1.97360569e+002
 2.12601073e+002
 2.21093959e+002
 2.33153092e+002
 2.44070147e+002
 2.41505215e+002
 2.40143560e+002
 2.49254013e+002
 2.53721883e+002
 2.52021080e+002
 2.50849209e+002
 2.47701810e+002
 2.50001069e+002
 2.49269788e+002
 2.48116032e+002
 2.57406561e+002
 2.55842454e+002
 2.51490609e+002
 2.65816582e+002
 2.48746334e+002
 2.46971327e+002
 2.46604343e+002
 2.51637647e+002
 2.59943778e+002
 2.73612282e+002
 2.53683309e+002
 2.55619069e+002
 2.53410662e+002
 2.46978476e+002
 2.41254062e+002
 2.43168547e+002
 2.43981748e+002
 3.03931538e+002
 5.47831045e+002
 8.40284818e+002
 8.91658563e+002
 9.33112183e+002
 9.19342964e+002
 9.14306651e+002
 8.90213931e+002
 9.74534802e+002
 1.13930667e+003
 1.35377485e+003
 1.47615420e+003
 1.36549506e+003
 1.44960486e+003
 1.69458177e+003
 1.97767778e+003
 2.48484703e+003
 3.88775581e+003
 6.12452626e+003
 1.12228299e+002
 1.12227332e+002
 1.12224459e+002
 1.12222628e+002
 1.12217138e+002
 1.12205350e+002
 1.12194948e+002
 1.12181346e+002
 1.12162396e+002
 1.12144105e+002
 1.12108460e+002
 1.12062042e+002
 1.12027966e+002
 1.11968224e+002
 1.11936284e+002
 1.12332195e+002
 1.11900322e+002
 1.11885906e+002
 1.11896795e+002
 1.11945074e+002
 1.12036078e+002
 1.12102724e+002
 1.12138906e+002
 1.12169118e+002
 1.12192032e+002
 1.12204947e+002
 1.12215043e+002
 1.12221079e+002
 1.12224333e+002
 Inf
 5.24095485e+003
 2.60091808e+003
 1.84092501e+003
 1.32820578e+003
 1.01567500e+003
 9.09735882e+002
 7.80358938e+002
 6.68844925e+002
 6.15849751e+002
 5.68307664e+002
 5.20543250e+002
 4.61164799e+002
 4.26699694e+002
 4.14948311e+002
 4.04618936e+002
 3.84698998e+002
 3.63164924e+002
 3.38742875e+002
 3.09386538e+002
 2.98067913e+002
 2.96062830e+002
 2.86125575e+002
 2.79108928e+002
 2.69225429e+002
 2.56778220e+002
 2.49380504e+002
 2.43990992e+002
 2.41299624e+002
 2.31841381e+002
 2.27999749e+002
 2.24798583e+002
 2.18348406e+002
 2.14486289e+002
 2.11519938e+002
 2.05868652e+002
 2.00675293e+002
 2.14836048e+002
 1.97978387e+002
 2.03924732e+002
 2.02641974e+002
 1.96381715e+002
 1.94093744e+002
 1.89785134e+002
 1.86421137e+002
 2.00889435e+002
 1.89028459e+002
 1.89359268e+002
 1.89925885e+002
 1.89183815e+002
 1.88034274e+002
 1.87909253e+002
 1.91762428e+002
 1.89671532e+002
 1.91879705e+002
 1.90343180e+002
 1.78562442e+002
 1.93503756e+002
 1.84841051e+002
 1.86007327e+002
 1.84927866e+002
 1.83771756e+002
 1.83160087e+002
 1.83591573e+002
 1.83804139e+002
 1.84489407e+002
 1.86412429e+002
 1.84495473e+002
 1.79525825e+002
 1.93907075e+002
 1.82940073e+002
 1.83329604e+002
 1.77858296e+002
 1.57768134e+002
 1.61298248e+002
 1.76953536e+002
 1.79119674e+002
 1.84336416e+002
 1.79981476e+002
 1.77127349e+002
 1.78679073e+002
 1.85419598e+002
 1.84352920e+002
 1.78274642e+002
 1.79414220e+002
 1.81341593e+002
 1.80081316e+002
 1.76614299e+002
 1.73389262e+002
 1.78983195e+002
 1.80738944e+002
 1.79905714e+002
 1.85821635e+002
 1.85216123e+002
 1.81918847e+002
 1.80289120e+002
 1.76888714e+002
 1.75243284e+002
 1.77155103e+002
 1.81726380e+002
 1.86881743e+002
 1.87655516e+002
 1.87188176e+002
 1.90296147e+002
 1.98117164e+002
 2.04657078e+002
 2.01916975e+002
 2.31346132e+002
 2.05729982e+002
 2.04346966e+002
 2.04132322e+002
 2.07261630e+002
 2.16822639e+002
 2.31363561e+002
 2.19536174e+002
 2.33601299e+002
 2.17061967e+002
 2.23730204e+002
 2.23014446e+002
 2.23512278e+002
 2.27568854e+002
 2.28506830e+002
 2.34032795e+002
 2.35835852e+002
 2.33176302e+002
 2.38145681e+002
 2.52696596e+002
 2.35113213e+002
 2.35842453e+002
 2.34528052e+002
 2.33606287e+002
 2.34042004e+002
 2.38591854e+002
 2.41745355e+002
 2.39647406e+002
 2.42455259e+002
 2.40597506e+002
 2.30650707e+002
 2.37205936e+002
 2.40838231e+002
 2.36533053e+002
 2.39241871e+002
 2.37119965e+002
 2.30266690e+002
 2.27251248e+002
 2.29686374e+002
 2.31728610e+002
 2.38192355e+002
 2.36188403e+002
 2.61425107e+002
 2.39439220e+002
 2.36139682e+002
 2.37706826e+002
 2.44179554e+002
 2.46085029e+002
 2.41858017e+002
 2.47794167e+002
 2.63493250e+002
 2.39256520e+002
 2.31361120e+002
 2.24436635e+002
 2.21472253e+002
 2.21740822e+002
 2.16320306e+002
 2.11608024e+002
 2.16699249e+002
 2.19935647e+002
 2.18964699e+002
 2.15095366e+002
 2.11819012e+002
 2.10919276e+002
 2.06734074e+002
 2.02078249e+002
 2.01422468e+002
 2.00907186e+002
 2.03118332e+002
 2.04297870e+002
 2.03856049e+002
 2.03082106e+002
 2.01470553e+002
 1.95218861e+002
 1.98560332e+002
 2.08333703e+002
 2.06362141e+002
 2.03369596e+002
 2.00631308e+002
 1.98252389e+002
 1.95560273e+002
 1.96644168e+002
 2.02827597e+002
 2.00275177e+002
 2.02190125e+002
 2.04460299e+002
 1.99205751e+002
 1.97503545e+002
 1.98682082e+002
 1.98450518e+002
 1.99156074e+002
 1.94139361e+002
 1.84327477e+002
 1.91380071e+002
 1.98984534e+002
 2.00860478e+002
 1.99477420e+002
 1.96531609e+002
 1.98995592e+002
 1.98687059e+002
 2.01383529e+002
 1.99161847e+002
 2.27775618e+002
 2.04741659e+002
 2.04141657e+002
 1.98849490e+002
 2.00229661e+002
 2.03643487e+002
 1.98888863e+002
 2.04252326e+002
 2.07343228e+002
 2.00838614e+002
 1.99629721e+002
 1.98525992e+002
 1.93717206e+002
 1.88966178e+002
 1.90190406e+002
 1.92864267e+002
 1.91019596e+002
 1.85043899e+002
 1.85416954e+002
 1.82558882e+002
 1.78201686e+002
 1.83152307e+002
 1.82167736e+002
 1.78651740e+002
 1.79867467e+002
 1.79345596e+002
 1.81483628e+002
 1.86479718e+002
 1.82597528e+002
 1.76721392e+002
 1.79130646e+002
 1.78233229e+002
 1.75383395e+002
 1.71721030e+002
 1.68533603e+002
 1.73677010e+002
 1.78322719e+002
 1.76237531e+002
 1.73892226e+002
 1.78949308e+002
 1.93470519e+002
 1.76168552e+002
 1.91944618e+002
 1.75481576e+002
 1.78120058e+002
 1.77403934e+002
 1.71758682e+002
 1.70685382e+002
 1.69801818e+002
 1.71943499e+002
 1.72130737e+002
 1.71186543e+002
 1.71748610e+002
 1.69250357e+002
 1.67172824e+002
 1.64148245e+002
 1.62079023e+002
 1.66999317e+002
 1.70647157e+002
 1.66856993e+002
 1.68462727e+002
 1.70914346e+002
 1.70529392e+002
 1.71414902e+002
 1.75064933e+002
 1.77427388e+002
 1.91893220e+002
 1.78886123e+002
 1.72792945e+002
 1.69282912e+002
 1.73142564e+002
 1.74524402e+002
 1.73959600e+002
 1.73551420e+002
 1.77701758e+002
 1.83901957e+002
 1.81211677e+002
 1.95877650e+002
 1.87028200e+002
 2.04064434e+002
 1.87221984e+002
 1.86089879e+002
 1.85504364e+002
 1.88249753e+002
 1.97408445e+002
 2.01940925e+002
 2.01470936e+002
 2.02998003e+002
 2.01151380e+002
 2.08046735e+002
 2.16122951e+002
 2.16869242e+002
 2.12720125e+002
 2.08273287e+002
 2.08728785e+002
 2.04105167e+002
 2.05489936e+002
 2.04508580e+002
 1.98810620e+002
 2.04701027e+002
 1.99325339e+002
 1.92917789e+002
 1.98476945e+002
 1.92880069e+002
 1.88594092e+002
 1.86892874e+002
 1.84710981e+002
 1.83698457e+002
 1.79141168e+002
 1.73260352e+002
 1.68991115e+002
 1.69804091e+002
 1.67981239e+002
 1.82396270e+002
 1.69928665e+002
 1.69151336e+002
 1.69443400e+002
 1.70982765e+002
 1.69903378e+002
 1.61936977e+002
 1.56269436e+002
 1.58573389e+002
 1.54283797e+002
 1.50508106e+002
 1.64930389e+002
 1.49164816e+002
 1.48090139e+002
 1.47554469e+002
 1.45640293e+002
 1.42772674e+002
 1.44342806e+002
 1.45355940e+002
 1.48475866e+002
 1.47645876e+002
 1.42616124e+002
 1.38335905e+002
 1.33967234e+002
 1.32549727e+002
 1.36835390e+002
 1.38738409e+002
 1.36439595e+002
 1.34341151e+002
 1.28409849e+002
 1.27401173e+002
 1.29556623e+002
 1.28352614e+002
 1.25391996e+002
 1.27308821e+002
 1.29773881e+002
 1.26058202e+002
 1.25470181e+002
 1.24516237e+002
 1.26494677e+002
 1.31194882e+002
 1.28043366e+002
 1.22138779e+002
 1.23164530e+002
 1.25802722e+002
 1.23194308e+002
 1.17296664e+002
 1.15895858e+002
 1.19634262e+002
 1.34776898e+002
 1.17839004e+002
 1.15902647e+002
 1.13997980e+002
 1.15158239e+002
 1.16593357e+002
 1.16100646e+002
 1.15247321e+002
 1.15084933e+002
 1.15853053e+002
 1.14773706e+002
 1.14399031e+002
 1.15222478e+002
 1.15632654e+002
 1.11542384e+002
 1.10563509e+002
 1.12559533e+002
 1.11767905e+002
 1.12711765e+002
 1.11116481e+002
 1.10564431e+002
 1.09265413e+002
 1.06903237e+002
 1.07345243e+002
 1.07601735e+002
 1.08417517e+002
 1.08784425e+002
 1.11061755e+002
 1.09496159e+002
 1.04950050e+002
 1.21449066e+002
 1.05036076e+002
 1.05471387e+002
 1.05278547e+002
 1.05851373e+002
 1.07437549e+002
 1.08251222e+002
 1.07366306e+002
 1.08418745e+002
 1.09669768e+002
 1.10458449e+002
 1.10219264e+002
 1.07330107e+002
 1.21939139e+002
 1.08396966e+002
 1.06200452e+002
 1.03388675e+002
 1.04168697e+002
 1.05011775e+002
 1.03582500e+002
 1.05886351e+002
 1.08492789e+002
 1.07714230e+002
 1.42119412e+002
 1.07565264e+002
 1.07260900e+002
 1.06016058e+002
 1.04465322e+002
 1.05591771e+002
 1.05737072e+002
 1.02747442e+002
 1.04165038e+002
 1.03152516e+002
 1.01926897e+002
 1.03787778e+002
 1.05287276e+002
 1.06648930e+002
 1.04233731e+002
 1.03340180e+002
 1.02852952e+002
 1.02730734e+002
 1.02466184e+002
 1.02382519e+002
 1.03964418e+002
 1.00100727e+002
 9.36109217e+001
 9.15408528e+001
 9.58319394e+001
 1.00128184e+002
 9.80866509e+001
 9.73860928e+001
 1.00476903e+002
 1.00887783e+002
 1.00053333e+002
 9.97053648e+001
 1.14000018e+002
 1.01975006e+002
 1.01620009e+002
 1.00622726e+002
 1.00795127e+002
 1.01134167e+002
 1.00262057e+002
 1.36782702e+002
 1.02053771e+002
 1.00703202e+002
 9.82323808e+001
 9.71300879e+001
 9.89314071e+001
 1.01491071e+002
 1.02885688e+002
 1.17073058e+002
 1.00323504e+002
 9.99759811e+001
 1.01649603e+002
 1.15790776e+002
 1.00908388e+002
 1.02790736e+002
 1.16725863e+002
 9.99445974e+001
 1.01250397e+002
 1.02712096e+002
 1.00951961e+002
 9.92033369e+001
 9.83364256e+001
 9.85846374e+001
 9.99877902e+001
 1.01053684e+002
 1.01475634e+002
 1.03569847e+002
 1.21211708e+002
 1.01067703e+002
 1.14952639e+002
 1.02809605e+002
 1.03844871e+002
 1.03425655e+002
 1.02198221e+002
 1.01118483e+002
 1.00932548e+002
 1.03940151e+002
 1.04589536e+002
 1.05151266e+002
 1.08430530e+002
 1.03573578e+002
 1.00873779e+002
 1.03452935e+002
 1.02570506e+002
 1.03750889e+002
 1.05745319e+002
 1.03722223e+002
 1.17597617e+002
 1.05110592e+002
 1.06367469e+002
 1.07863631e+002
 1.10040028e+002
 1.10936613e+002
 1.11694338e+002
 1.12179627e+002
 1.11365717e+002
 1.10381783e+002
 1.10655182e+002
 1.24719445e+002
 1.10485069e+002
 1.11569392e+002
 1.11902858e+002
 1.14094794e+002
 1.15499876e+002
 1.13423081e+002
 1.12668431e+002
 1.13479168e+002
 1.12568796e+002
 1.13372691e+002
 1.14678239e+002
 1.13016949e+002
 1.14207678e+002
 1.17580265e+002
 1.24144352e+002
 1.33176989e+002
 1.37921181e+002
 1.40612512e+002
 1.43871132e+002
 1.46543065e+002
 1.52766850e+002
 1.57897178e+002
 1.56594606e+002
 1.56078200e+002
 1.54836238e+002
 1.54935599e+002
 1.56942617e+002
 1.58056401e+002
 1.57702867e+002
 1.52646960e+002
 1.70457505e+002
 1.58381243e+002
 1.57344302e+002
 1.57004045e+002
 1.60155213e+002
 1.57825886e+002
 1.54310139e+002
 1.58204690e+002
 1.57583972e+002
 1.51117579e+002
 1.52115914e+002
 1.56517891e+002
 1.52413958e+002
 1.51731318e+002
 1.51503828e+002
 1.46284763e+002
 1.49923142e+002
 1.87642902e+002
 1.48121342e+002
 1.48964523e+002
 1.51414356e+002
 1.53183996e+002
 1.48747969e+002
 1.47052990e+002
 1.51785153e+002
 1.48351933e+002
 1.47357693e+002
 1.49215313e+002
 1.45562380e+002
 1.47497534e+002
 1.49015425e+002
 1.49383148e+002
 1.46446521e+002
 1.46144464e+002
 1.50092013e+002
 1.49480108e+002
 1.49399350e+002
 1.48035961e+002
 1.44134073e+002
 1.45141829e+002
 1.45038966e+002
 1.48250637e+002
 1.62239812e+002
 1.51068113e+002
 1.51466115e+002
 1.47201750e+002
 1.51124784e+002
 1.49112408e+002
 1.46833320e+002
 1.48565765e+002
 1.49782756e+002
 1.50095399e+002
 1.50756977e+002
 1.50332310e+002
 1.49447357e+002
 1.50015932e+002
 1.49505323e+002
 1.44711151e+002
 1.46052059e+002
 1.50034287e+002
 1.52396311e+002
 1.56428638e+002
 1.57118188e+002
 1.55252651e+002
 1.55378350e+002
 1.57603440e+002
 1.90918453e+002
 1.61386028e+002
 1.59922625e+002
 1.60440150e+002
 1.62476489e+002
 1.61274821e+002
 1.59035501e+002
 1.54783454e+002
 1.55081484e+002
 1.50482762e+002
 1.46530551e+002
 1.45823920e+002
 1.45441657e+002
 1.45995420e+002
 1.50091364e+002
 1.52280413e+002
 1.48099141e+002
 1.50269657e+002
 1.52281797e+002
 1.51050886e+002
 1.50889624e+002
 1.49619272e+002
 1.51273510e+002
 1.49224492e+002
 1.50186945e+002
 1.53066054e+002
 1.51167242e+002
 1.53128049e+002
 1.67775234e+002
 1.53978210e+002
 1.55096814e+002
 1.55237320e+002
 1.58205661e+002
 1.53317732e+002
 1.47539571e+002
 1.63100801e+002
 1.45392539e+002
 1.44670970e+002
 1.49123739e+002
 1.63659908e+002
 1.48880436e+002
 1.54614614e+002
 1.52730989e+002
 1.49452550e+002
 1.52630186e+002
 1.53739420e+002
 1.67904498e+002
 1.53511990e+002
 1.51741417e+002
 1.48096692e+002
 1.50754652e+002
 1.52862634e+002
 1.48240719e+002
 1.47133408e+002
 1.47363955e+002
 1.50665408e+002
 1.52745843e+002
 1.66722545e+002
 1.52201306e+002
 1.52926278e+002
 1.54770416e+002
 1.54426521e+002
 1.56285067e+002
 1.55400733e+002
 1.56526360e+002
 1.55756095e+002
 1.56915348e+002
 1.58510728e+002
 1.58683722e+002
 1.59456187e+002
 1.58882078e+002
 1.61914809e+002
 1.60351490e+002
 1.74722771e+002
 1.56655514e+002
 1.52701735e+002
 1.53776202e+002
 1.53574749e+002
 1.52058997e+002
 1.48153652e+002
 1.48740452e+002
 1.48176117e+002
 1.49755672e+002
 1.50668822e+002
 1.48348230e+002
 1.49220016e+002
 1.43702088e+002
 1.43380916e+002
 1.45383196e+002
 1.46240180e+002
 1.48224727e+002
 1.44681783e+002
 1.42822840e+002
 1.38389540e+002
 1.37591419e+002
 1.42727595e+002
 1.42242837e+002
 1.41930179e+002
 1.44366016e+002
 1.44773492e+002
 1.42583126e+002
 1.38911547e+002
 1.52707254e+002
 1.40484258e+002
 1.41497402e+002
 1.40333063e+002
 1.40159087e+002
 1.37577551e+002
 1.34926952e+002
 1.41968295e+002
 1.43461577e+002
 1.38079276e+002
 1.35843931e+002
 1.37387669e+002
 1.38924738e+002
 1.39450945e+002
 1.37420812e+002
 1.35308147e+002
 1.38895523e+002
 1.44248457e+002
 1.46653666e+002
 1.43100804e+002
 1.38415820e+002
 1.36255037e+002
 1.50458853e+002
 1.36333208e+002
 1.38478927e+002
 1.41547422e+002
 1.41026966e+002
 1.39144237e+002
 1.35083908e+002
 1.33830226e+002
 1.35658656e+002
 1.31565397e+002
 1.30197155e+002
 1.32669867e+002
 1.33446944e+002
 1.36553621e+002
 1.36176508e+002
 1.33711270e+002
 1.32376354e+002
 1.32231600e+002
 1.35909460e+002
 1.50215331e+002
 1.35766638e+002
 1.35557682e+002
 1.34138194e+002
 1.35023596e+002
 1.36325674e+002
 1.36866937e+002
 1.35640323e+002
 1.32931989e+002
 1.32024722e+002
 1.30691973e+002
 1.32996014e+002
 1.33901443e+002
 1.32205988e+002
 1.32802736e+002
 1.31484134e+002
 1.30126381e+002
 1.31453384e+002
 1.32046816e+002
 1.31831704e+002
 1.32848402e+002
 1.31757162e+002
 1.46818691e+002
 1.33223269e+002
 1.31882288e+002
 1.29981102e+002
 1.28181000e+002
 1.27191888e+002
 1.27649653e+002
 1.28151074e+002
 1.27458553e+002
 1.24896489e+002
 1.26734749e+002
 1.40684861e+002
 1.23751079e+002
 1.22492215e+002
 1.24743859e+002
 1.38955124e+002
 1.22659879e+002
 1.23120054e+002
 1.23056454e+002
 1.26942224e+002
 1.28073240e+002
 1.27725032e+002
 1.27525490e+002
 1.21954972e+002
 1.20186036e+002
 1.22303331e+002
 1.22642375e+002
 1.21053191e+002
 1.18307633e+002
 1.20747550e+002
 1.20454791e+002
 1.17267822e+002
 1.19841721e+002
 1.21612161e+002
 1.21882362e+002
 1.22075189e+002
 1.20892617e+002
 1.55674472e+002
 1.20436231e+002
 1.18773595e+002
 1.18906784e+002
 1.18704073e+002
 1.19485058e+002
 1.19131799e+002
 1.19375951e+002
 1.18950433e+002
 1.20408685e+002
 1.22094951e+002
 1.22693953e+002
 1.23832827e+002
 1.20218875e+002
 1.17463519e+002
 1.17926067e+002
 1.16362515e+002
 1.16843558e+002
 1.18629848e+002
 1.17507708e+002
 1.18300836e+002
 1.18016618e+002
 1.17458601e+002
 1.19459106e+002
 1.19154242e+002
 1.19033904e+002
 1.17749089e+002
 1.16469218e+002
 1.20198502e+002
 1.22598502e+002
 1.23993581e+002
 1.26230605e+002
 1.27114017e+002
 1.26312577e+002
 1.24145309e+002
 1.25149328e+002
 1.25687864e+002
 1.22823371e+002
 1.20801534e+002
 1.22351636e+002
 1.24530971e+002
 1.23354080e+002
 1.23838811e+002
 1.23678169e+002
 1.21761808e+002
 1.18709819e+002
 1.19104355e+002
 1.22321815e+002
 1.38524743e+002
 1.23206635e+002
 1.23786367e+002
 1.23026813e+002
 1.19518569e+002
 1.18454731e+002
 1.22435430e+002
 1.20942552e+002
 1.19892922e+002
 1.21638297e+002
 1.36082435e+002
 1.19111908e+002
 1.17460172e+002
 1.17703259e+002
 1.15556269e+002
 1.14081928e+002
 1.16177559e+002
 1.31022659e+002
 1.16685127e+002
 1.19344166e+002
 1.15085424e+002
 1.14203402e+002
 1.16943075e+002
 1.15600477e+002
 1.13485128e+002
 1.16219528e+002
 1.19162556e+002
 1.16476493e+002
 1.17524905e+002
 1.15817155e+002
 1.54032416e+002
 1.20512308e+002
 1.35092844e+002
 1.18306544e+002
 1.32793595e+002
 1.18589453e+002
 1.18901700e+002
 1.17109994e+002
 1.15379375e+002
 1.17343104e+002
 1.31772566e+002
 1.17476700e+002
 1.16557606e+002
 1.16778966e+002
 1.18074515e+002
 1.17484927e+002
 1.15924194e+002
 1.20196956e+002
 1.22161077e+002
 1.20509347e+002
 1.24714698e+002
 1.25777835e+002
 1.39765222e+002
 1.26070613e+002
 1.23749933e+002
 1.40711254e+002
 1.26373206e+002
 1.26026095e+002
 1.22501504e+002
 1.20054817e+002
 1.21049214e+002
 1.22326239e+002
 1.23018911e+002
 1.23647010e+002
 1.26515049e+002
 1.27929937e+002
 1.24687928e+002
 1.21216029e+002
 1.23367839e+002
 1.28068022e+002
 1.43977141e+002
 1.25485881e+002
 1.23259646e+002
 1.21075682e+002
 1.36363205e+002
 1.22212687e+002
 1.21463645e+002
 1.22559421e+002
 1.22855227e+002
 1.20170847e+002
 1.22235110e+002
 1.25234085e+002
 1.22823754e+002
 1.21369270e+002
 1.21189894e+002
 1.20391611e+002
 1.20980615e+002
 1.23410819e+002
 1.25024631e+002
 1.24754474e+002
 1.22337285e+002
 1.21931091e+002
 1.22013511e+002
 1.21918639e+002
 1.21232539e+002
 1.22283014e+002
 1.22903626e+002
 1.20917794e+002
 1.21735026e+002
 1.21188994e+002
 1.18708880e+002
 1.32563023e+002
 1.19260463e+002
 1.18683596e+002
 1.19017199e+002
 1.18931041e+002
 1.20589173e+002
 1.20214675e+002
 1.16259073e+002
 1.15772999e+002
 1.17652052e+002
 1.19076648e+002
 1.19457388e+002
 1.19889675e+002
 1.21431672e+002
 1.23110257e+002
 1.20556350e+002
 1.19575481e+002
 1.22806908e+002
 1.25635368e+002
 1.26468149e+002
 1.22940811e+002
 1.26301289e+002
 1.27881144e+002
 1.21910578e+002
 1.25589718e+002
 1.26968879e+002
 1.24826260e+002
 1.23720285e+002
 1.25522581e+002
 1.30577181e+002
 1.74213429e+002
 1.27320210e+002
 1.27769371e+002
 1.31223358e+002
 1.29325171e+002
 1.30491859e+002
 1.31154142e+002
 1.29031618e+002
 1.28745212e+002
 1.28347095e+002
 1.28662672e+002
 1.29485681e+002
 1.29751922e+002
 1.30908081e+002
 1.29347163e+002
 1.27435463e+002
 1.30314016e+002
 1.32517888e+002
 1.31337111e+002
 1.29711252e+002
 1.29336636e+002
 1.30025246e+002
 1.33444349e+002
 1.34660390e+002
 1.30699935e+002
 1.29946790e+002
 1.29196525e+002
 1.26458379e+002
 1.27289780e+002
 1.27981280e+002
 1.27675806e+002
 1.26525697e+002
 1.25127942e+002
 1.24280205e+002
 1.26043510e+002
 1.28315639e+002
 1.26910848e+002
 1.24590117e+002
 1.27473143e+002
 1.30483368e+002
 1.28330368e+002
 1.25579874e+002
 1.25902796e+002
 1.28968842e+002
 1.27103400e+002
 1.25481855e+002
 1.25142485e+002
 1.26448540e+002
 1.26172004e+002
 1.25339313e+002
 1.26070959e+002
 1.27595034e+002
 1.29068956e+002
 1.25843252e+002
 1.23770032e+002
 1.24120262e+002
 1.26231608e+002
 1.25556117e+002
 1.23747767e+002
 1.27446465e+002
 1.29139642e+002
 1.27293925e+002
 1.28346649e+002
 1.29752271e+002
 1.28666301e+002
 1.28980636e+002
 1.32466301e+002
 1.46270576e+002
 1.30007252e+002
 1.28180836e+002
 1.31818878e+002
 1.34709130e+002
 1.34363211e+002
 1.34492916e+002
 1.33029965e+002
 1.31088079e+002
 1.29636670e+002
 1.31575382e+002
 1.33824603e+002
 1.35426057e+002
 1.38110846e+002
 1.42539236e+002
 1.40921632e+002
 1.38593553e+002
 1.39667378e+002
 1.41310056e+002
 1.44281767e+002
 1.47630910e+002
 1.48306304e+002
 1.50096417e+002
 1.52600544e+002
 1.49340610e+002
 1.45974559e+002
 1.47498851e+002
 1.46388388e+002
 1.45224016e+002
 1.47746752e+002
 1.49980298e+002
 1.53473249e+002
 1.51484499e+002
 1.52490884e+002
 1.55123434e+002
 1.51055902e+002
 1.52057779e+002
 1.53127734e+002
 1.56579743e+002
 1.59969435e+002
 1.57014697e+002
 1.56550422e+002
 1.59756924e+002
 1.64668856e+002
 1.64341447e+002
 1.63170606e+002
 1.63547384e+002
 1.60844046e+002
 1.61458905e+002
 1.64262923e+002
 1.78624223e+002
 1.69039415e+002
 1.70946403e+002
 1.72176193e+002
 1.73884516e+002
 1.72517718e+002
 1.70100784e+002
 1.71184568e+002
 1.73580520e+002
 1.74999931e+002
 1.80172476e+002
 1.81800157e+002
 1.80537908e+002
 1.81875880e+002
 1.81759849e+002
 1.79625893e+002
 1.86330972e+002
 1.90592323e+002
 1.94084897e+002
 2.00257488e+002
 1.91935598e+002
 1.96209969e+002
 2.09166592e+002
 2.03701355e+002
 1.92925307e+002
 2.08329663e+002
 2.02256815e+002
 2.02945695e+002
 2.04258034e+002
 2.10740234e+002
 2.13050900e+002
 2.14911631e+002
 2.14008524e+002
 2.13400993e+002
 2.26529997e+002
 2.28785300e+002
 2.27765185e+002
 2.34467392e+002
 2.48615327e+002
 2.35789787e+002
 2.37014930e+002
 2.41592819e+002
 2.44388451e+002
 2.43784216e+002
 2.56690510e+002
 2.71322717e+002
 2.51598754e+002
 2.66709344e+002
 2.76420364e+002
 2.80257896e+002
 2.87371418e+002
 2.95656909e+002
 3.04206737e+002
 3.09983270e+002
 3.08099410e+002
 3.19552260e+002
 3.34509986e+002
 3.41603848e+002
 3.41204503e+002
 3.40162587e+002
 3.66585654e+002
 3.87461492e+002
 4.03976303e+002
 4.18168587e+002
 4.28914486e+002
 4.39259240e+002
 4.33365351e+002
 4.67724711e+002
 5.04462265e+002
 4.91167276e+002
 5.05775291e+002
 4.96476415e+002
 4.89500242e+002
 5.24776821e+002
 5.57080107e+002
 5.70728408e+002
 5.69860978e+002
 5.54747193e+002
 5.71079590e+002
 5.89138407e+002
 6.28746709e+002
 6.85015047e+002
 7.07650069e+002
 7.11674511e+002
 7.31271492e+002
 7.44667670e+002
 7.82063158e+002
 8.07241254e+002
 7.84160872e+002
 7.95251815e+002
 8.85770650e+002
 8.53648276e+002
 7.67294730e+002
 7.77083788e+002
 7.64700320e+002
 7.77666132e+002
 8.24355359e+002
 8.04774662e+002
 7.91630922e+002
 7.75635375e+002
 7.72148665e+002
 7.70417553e+002
 7.46319023e+002
 7.40615151e+002
 7.99195242e+002
 9.15801046e+002
 8.87280229e+002
 9.08549066e+002
 8.91316853e+002
 9.35110578e+002
 1.08771199e+003
 1.10040095e+003
 1.13147972e+003
 1.13428796e+003
 1.23343172e+003
 1.36309497e+003
 1.46100303e+003
 1.62122148e+003
 1.94580938e+003
 2.06425482e+003
 2.34833705e+003
 3.82234896e+003
 4.44209277e+003
 4.35090327e+003
 Inf
 1.12227639e+002
 1.12226690e+002
 1.12226184e+002
 1.12225329e+002
 1.12225262e+002
 1.12225107e+002
 1.12225174e+002
 1.12225652e+002
 Inf
 Inf
 Inf
 Inf
 Inf
 Inf
 Inf
 Inf
 5.96845925e+003
 4.91617904e+003
 3.90468598e+003
 4.29649061e+003
 4.17886221e+003
 3.52043804e+003
 3.05303129e+003
 2.45927809e+003
 2.14199574e+003
 2.03629662e+003
 1.93400307e+003
 2.01214783e+003
 2.08956408e+003
 1.66732673e+003
 1.54760728e+003
 1.55744627e+003
 1.31490015e+003
 1.17485866e+003
 1.19421364e+003
 1.25125912e+003
 1.25260881e+003
 1.17843691e+003
 1.14562423e+003
 1.16474074e+003
 1.19605728e+003
 1.06527855e+003
 9.78911563e+002
 1.00778096e+003
 9.28781348e+002
 8.67548895e+002
 7.75955210e+002
 7.10446223e+002
 7.32591866e+002
 6.99021896e+002
 6.73615965e+002
 6.47750526e+002
 6.30426894e+002
 6.35615659e+002
 5.96274270e+002
 5.82732222e+002
 5.78926112e+002
 5.92676322e+002
 5.59668483e+002
 4.91337989e+002
 4.80378235e+002
 4.81180389e+002
 4.49168694e+002
 4.38690080e+002
 4.56982498e+002
 4.65051510e+002
 4.58996288e+002
 4.51826256e+002
 4.31432978e+002
 4.20698918e+002
 4.28579231e+002
 4.13452521e+002
 4.03277395e+002
 4.05854143e+002
 4.01938346e+002
 3.91694572e+002
 3.91087308e+002
 3.91195706e+002
 3.81637053e+002
 3.56464775e+002
 3.47757835e+002
 3.61112192e+002
 3.54822565e+002
 3.40015146e+002
 3.53487319e+002
 3.39601521e+002
 3.23138338e+002
 3.16285644e+002
 3.21701970e+002
 3.22894364e+002
 3.14125028e+002
 3.01230347e+002
 2.99327163e+002
 2.93636722e+002
 2.97054780e+002
 3.01482287e+002
 2.95278801e+002
 2.92783582e+002
 2.86816327e+002
 2.87826976e+002
 2.90511237e+002
 2.81259396e+002
 2.78858107e+002
 2.81615802e+002
 2.76139560e+002
 2.80076064e+002
 2.75358398e+002
 2.60751777e+002
 2.58516493e+002
 2.59456785e+002
 2.60731613e+002
 2.61793010e+002
 2.55411188e+002
 2.49116964e+002
 2.63722140e+002
 2.46145616e+002
 2.41353834e+002
 2.45004475e+002
 2.48475093e+002
 2.47649577e+002
 2.42870844e+002
 2.39597046e+002
 2.47063613e+002
 2.49103860e+002
 2.42569236e+002
 2.46964906e+002
 2.52862712e+002
 2.52487130e+002
 2.54319174e+002
 2.60447051e+002
 2.65576682e+002
 2.56338867e+002
 2.41568548e+002
 2.40581833e+002
 2.44541754e+002
 2.47380644e+002
 2.46766417e+002
 2.43326445e+002
 2.48578393e+002
 2.47494139e+002
 2.46452619e+002
 2.52916061e+002
 2.55885847e+002
 2.53357637e+002
 2.52762251e+002
 2.50270260e+002
 2.44196938e+002
 2.49103255e+002
 2.54529275e+002
 2.57085886e+002
 2.62966963e+002
 2.61799660e+002
 2.54600520e+002
 2.47550387e+002
 2.50528655e+002
 2.53939258e+002
 2.51118150e+002
 2.55451560e+002
 2.61060391e+002
 2.89216283e+002
 2.65350313e+002
 2.67473163e+002
 2.60909559e+002
 2.55355044e+002
 2.55838033e+002
 2.60894219e+002
 2.67871520e+002
 2.71840918e+002
 2.65421356e+002
 2.61184455e+002
 2.57806532e+002
 2.54056472e+002
 2.61170848e+002
 2.72480997e+002
 2.71438843e+002
 2.69739402e+002
 2.73973497e+002
 2.77455203e+002
 2.82231026e+002
 2.81980258e+002
 2.81803490e+002
 2.83042839e+002
 2.77225349e+002
 2.81490715e+002
 2.83975272e+002
 2.83608476e+002
 2.87439277e+002
 2.92970650e+002
 2.99320828e+002
 3.07388625e+002
 3.12749286e+002
 3.05395682e+002
 2.98397951e+002
 2.92008627e+002
 2.93891755e+002
 2.96457350e+002
 3.11954849e+002
 3.41395198e+002
 3.01838118e+002
 3.12744254e+002
 3.13676996e+002
 3.10346848e+002
 3.12042718e+002
 3.14256541e+002
 3.18459574e+002
 3.20371859e+002
 3.18393758e+002
 3.26271905e+002
 3.33812886e+002
 3.43875027e+002
 3.51502096e+002
 3.46845761e+002
 3.46260064e+002
 3.58154837e+002
 3.69028146e+002
 3.70119665e+002
 3.88728439e+002
 3.97356707e+002
 3.98166816e+002
 4.13000987e+002
 4.31858189e+002
 4.30058692e+002
 4.36815336e+002
 4.63255829e+002
 4.64666437e+002
 4.65184627e+002
 4.85499333e+002
 5.00020205e+002
 4.89640870e+002
 4.98599756e+002
 5.12246089e+002
 5.02186859e+002
 5.14181269e+002
 5.21728624e+002
 5.10487932e+002
 5.06669698e+002
 5.07690248e+002
 5.34948290e+002
 5.65131114e+002
 5.28384682e+002
 4.94951180e+002
 5.06952182e+002
 5.18536164e+002
 5.39749346e+002
 5.63924419e+002
 5.71260339e+002
 5.58295656e+002
 5.57604402e+002
 5.66012207e+002
 5.48251267e+002
 5.44629558e+002
 5.59981643e+002
 5.61184286e+002
 5.40097883e+002
 5.42998658e+002
 5.68441167e+002
 5.78378595e+002
 5.49746043e+002
 5.57435633e+002
 5.77475243e+002
 5.50907271e+002
 5.53563399e+002
 5.63760682e+002
 5.83259807e+002
 6.15804946e+002
 6.30705992e+002
 5.80206553e+002
 5.95302643e+002
 5.89338138e+002
 5.45634755e+002
 3.09095739e+002
 3.18158998e+002
 5.77238817e+002
 5.48424929e+002
 5.62552898e+002
 5.75690560e+002
 5.68286583e+002
 5.68632365e+002
 5.33245023e+002
 5.46734477e+002
 5.44294591e+002
 5.32757872e+002
 5.46585571e+002
 5.35767835e+002
 5.19462348e+002
 5.50041652e+002
 5.40575678e+002
 4.92579642e+002
 4.84972285e+002
 4.85652277e+002
 4.80778494e+002
 4.61139856e+002
 4.36374679e+002
 4.26234270e+002
 4.18403911e+002
 4.24217422e+002
 4.26001165e+002
 4.13237023e+002
 3.84322480e+002
 3.78988633e+002
 3.72591738e+002
 3.47111711e+002
 3.31733494e+002
 3.22980624e+002
 3.23947001e+002
 3.22378087e+002
 3.12338783e+002
 3.03882596e+002
 3.00542907e+002
 2.93507408e+002
 2.86816799e+002
 2.80577985e+002
 2.75717152e+002
 2.74514048e+002
 2.75471606e+002
 2.63893072e+002
 2.57098424e+002
 2.55618708e+002
 2.43745247e+002
 2.42252394e+002
 2.42814669e+002
 2.35753024e+002
 2.21760585e+002
 2.16624665e+002
 2.27511864e+002
 2.26138971e+002
 2.18085303e+002
 2.10338835e+002
 2.04065914e+002
 2.08094431e+002
 2.12533895e+002
 2.14303359e+002
 2.08360298e+002
 2.01238664e+002
 7.60941297e+001
 8.62334471e+001
 1.81473325e+002
 1.99874381e+002
 1.80751238e+002
 1.78440172e+002
 1.76268542e+002
 1.72187634e+002
 1.66922233e+002
 1.65820824e+002
 1.64775915e+002
 1.58104859e+002
 1.56912889e+002
 1.55280488e+002
 1.50397007e+002
 1.65589811e+002
 1.46837062e+002
 1.45086476e+002
 1.46687640e+002
 1.45419978e+002
 1.44863396e+002
 1.42286856e+002
 1.37297052e+002
 1.32660422e+002
 1.33252316e+002
 1.32904030e+002
 1.31088544e+002
 1.44998866e+002
 1.30224062e+002
 1.28254853e+002
 1.24126917e+002
 1.39712141e+002
 1.25287188e+002
 1.19345923e+002
 1.15949056e+002
 1.14682475e+002
 1.12739060e+002
 1.13142583e+002
 1.13434239e+002
 1.14506864e+002
 1.14128194e+002
 1.12801547e+002
 1.10324294e+002
 1.52406898e+002
 1.10131401e+002
 1.07430896e+002
 1.05496896e+002
 1.03542199e+002
 1.03024679e+002
 1.01505087e+002
 9.88874971e+001
 9.71336346e+001
 1.00305927e+002
 1.15720470e+002
 9.53166161e+001
 9.38393572e+001
 9.40746357e+001
 9.47182852e+001
 1.09968842e+002
 9.37544098e+001
 9.25801290e+001
 9.20286976e+001
 9.18497257e+001
 8.97764442e+001
 8.78645652e+001
 8.92688540e+001
 1.06547988e+002
 8.88118529e+001
 8.89345934e+001
 8.88471958e+001
 8.92702335e+001
 8.78992308e+001
 8.50383172e+001
 1.04863564e+002
 8.62301144e+001
 8.51829074e+001
 8.40020952e+001
 8.36685952e+001
 8.36491825e+001
 8.30474304e+001
 8.28920962e+001
 8.16593440e+001
 8.08798290e+001
 8.01902333e+001
 7.85372304e+001
 8.01543401e+001
 7.99306018e+001
 8.00079668e+001
 8.06885601e+001
 7.88936062e+001
 7.96150982e+001
 8.05760492e+001
 7.96502561e+001
 7.90848935e+001
 7.80288857e+001
 7.71893550e+001
 7.55570067e+001
 7.31634457e+001
 8.74760602e+001
 7.48915384e+001
 7.43017553e+001
 7.25252300e+001
 7.55250391e+001
 7.59462272e+001
 7.50513549e+001
 7.68045653e+001
 7.57979216e+001
 7.29630359e+001
 7.08531284e+001
 7.20853603e+001
 7.14649036e+001
 6.97145471e+001
 6.99674024e+001
 7.03496857e+001
 6.99637207e+001
 8.40658910e+001
 6.97501143e+001
 6.89727653e+001
 6.88162480e+001
 7.03745292e+001
 6.89372439e+001
 6.72721639e+001
 7.12841022e+001
 7.06993144e+001
 6.78113688e+001
 6.84047513e+001
 6.89369443e+001
 6.85045305e+001
 6.78685460e+001
 6.74689813e+001
 6.66860666e+001
 6.74022748e+001
 6.70283039e+001
 6.48344674e+001
 6.51147012e+001
 6.45381729e+001
 6.11990732e+001
 6.15618135e+001
 6.39698287e+001
 6.35519690e+001
 6.26069288e+001
 6.24087573e+001
 6.30539220e+001
 6.27258251e+001
 6.28413600e+001
 6.23361251e+001
 6.22060809e+001
 6.23855158e+001
 6.02228980e+001
 5.98764593e+001
 5.97323958e+001
 6.08239099e+001
 6.39264348e+001
 6.47042876e+001
 6.31945733e+001
 6.26503269e+001
 6.28537856e+001
 6.26716655e+001
 6.56882184e+001
 6.77037073e+001
 6.58875721e+001
 6.44976579e+001
 6.52104270e+001
 6.62590684e+001
 6.45305384e+001
 6.27130149e+001
 6.18698781e+001
 6.14847310e+001
 6.17586045e+001
 6.15180116e+001
 6.05179402e+001
 5.95024932e+001
 5.92415580e+001
 5.93440203e+001
 6.00327934e+001
 6.06082955e+001
 6.02554700e+001
 6.01687006e+001
 6.08385969e+001
 7.74781418e+001
 5.93213739e+001
 5.85097472e+001
 5.78617501e+001
 5.67871181e+001
 5.60753591e+001
 5.66630122e+001
 5.71150668e+001
 5.54551140e+001
 5.46424831e+001
 5.40703880e+001
 5.38882346e+001
 5.49795129e+001
 5.62101817e+001
 5.38296173e+001
 5.07327819e+001
 4.89993360e+001
 4.74536502e+001
 4.68879163e+001
 4.80124599e+001
 4.75531189e+001
 4.58571067e+001
 4.55344728e+001
 4.42165659e+001
 4.49211219e+001
 4.39103176e+001
 4.22136179e+001
 4.28689200e+001
 4.36594314e+001
 4.42522269e+001
 4.21095783e+001
 4.07259389e+001
 4.10206996e+001
 4.18789671e+001
 4.09863560e+001
 3.94311169e+001
 3.98297113e+001
 3.99601343e+001
 3.90167777e+001
 3.82798614e+001
 3.88299715e+001
 3.66774633e+001
 3.45707070e+001
 3.54075015e+001
 5.03328992e+001
 3.39626237e+001
 3.46676641e+001
 3.56882325e+001
 3.53347323e+001
 3.59966919e+001
 3.54423834e+001
 3.31558917e+001
 3.37665794e+001
 3.32974565e+001
 4.72878134e+001
 3.35259732e+001
 3.15595343e+001
 3.11166865e+001
 3.10284662e+001
 3.19160097e+001
 3.22823229e+001
 3.04207175e+001
 4.47426564e+001
 3.08079002e+001
 3.01196159e+001
 2.96984580e+001
 2.89027987e+001
 2.75709901e+001
 2.80344474e+001
 2.87910254e+001
 2.72554502e+001
 2.65361330e+001
 2.67654908e+001
 2.59860816e+001
 2.52610520e+001
 2.50086181e+001
 2.52005801e+001
 2.49232885e+001
 2.47506117e+001
 2.54179508e+001
 2.50668695e+001
 2.43834126e+001
 2.48347876e+001
 2.51497786e+001
 2.53037872e+001
 2.60889036e+001
 2.57135502e+001
 4.37066241e+001
 2.63905466e+001
 2.58462900e+001
 2.47481865e+001
 2.42225026e+001
 3.83190361e+001
 2.44840678e+001
 2.46576110e+001
 2.49596834e+001
 2.52993657e+001
 2.48403184e+001
 2.43493014e+001
 2.38089064e+001
 2.41454524e+001
 2.36935026e+001
 2.18231766e+001
 2.32554175e+001
 2.39828561e+001
 2.20032862e+001
 2.12965202e+001
 2.16852669e+001
 2.14199254e+001
 2.06639141e+001
 2.05082876e+001
 2.06682983e+001
 2.09353876e+001
 2.15068514e+001
 2.05406024e+001
 1.93975836e+001
 4.34129513e+001
 1.95652936e+001
 1.97590809e+001
 1.89849729e+001
 1.91514667e+001
 2.06505730e+001
 2.03177511e+001
 1.91821624e+001
 3.34369817e+001
 1.94304871e+001
 3.76095565e+001
 1.94809998e+001
 1.92248536e+001
 1.75281693e+001
 3.18184483e+001
 1.77354716e+001
 1.69721898e+001
 1.64039503e+001
 1.69740724e+001
 3.10623066e+001
 1.58780748e+001
 1.60490526e+001
 1.58584623e+001
 1.56770979e+001
 1.65304412e+001
 1.70981186e+001
 1.78974155e+001
 1.84000055e+001
 1.82069647e+001
 1.90181979e+001
 1.87989695e+001
 1.84270012e+001
 3.25570286e+001
 1.90885735e+001
 1.92239604e+001
 1.74418058e+001
 1.77371600e+001
 1.76227290e+001
 1.80503451e+001
 1.86667681e+001
 1.77224477e+001
 1.69905418e+001
 3.89032706e+001
 1.80015354e+001
 1.74966821e+001
 1.65654262e+001
 1.61768378e+001
 1.55202125e+001
 3.01899711e+001
 1.59208332e+001
 1.61408321e+001
 1.53501031e+001
 1.54717214e+001
 1.53978784e+001
 1.44696378e+001
 1.48058640e+001
 1.51793969e+001
 2.99076467e+001
 1.56296374e+001
 1.59689028e+001
 1.61468481e+001
 1.61104354e+001
 1.62380603e+001
 1.59700105e+001
 1.58422184e+001
 1.55113154e+001
 1.49622618e+001
 1.52760435e+001
 1.57647446e+001
 1.56523254e+001
 1.53275024e+001
 1.52287384e+001
 1.56117095e+001
 1.56437266e+001
 1.54600209e+001
 1.56694450e+001
 1.57330520e+001
 1.60139386e+001
 1.61400987e+001
 1.56279029e+001
 1.53137572e+001
 1.54284416e+001
 1.53912036e+001
 1.59395840e+001
 1.55915070e+001
 1.50658635e+001
 1.51706846e+001
 1.48927525e+001
 1.51696992e+001
 1.50926937e+001
 2.92814427e+001
 1.48645928e+001
 1.39927028e+001
 2.79401358e+001
 1.42702397e+001
 1.45865285e+001
 1.43069133e+001
 1.38583766e+001
 1.34119226e+001
 1.27737945e+001
 1.24694236e+001
 1.26436901e+001
 1.20268591e+001
 1.11267781e+001
 1.13928770e+001
 1.09104807e+001
 1.02814744e+001
 7.93150726e+001
 1.04255778e+001
 1.06550756e+001
 9.70386722e+000
 2.60574613e+001
 1.00944814e+001
 9.98404120e+000
 1.10710021e+001
 2.55162563e+001
 1.00566654e+001
 9.74767186e+000
 1.00240698e+001
 1.01217616e+001
 9.52871138e+000
 9.87653914e+000
 1.03400564e+001
 1.10413019e+001
 1.18445622e+001
 1.16729402e+001
 1.14659896e+001
 1.10847779e+001
 1.17187583e+001
 1.21356576e+001
 1.13744775e+001
 1.15729176e+001
 1.17333174e+001
 1.19505437e+001
 1.14560800e+001
 1.07972670e+001
 1.09306553e+001
 1.05417941e+001
 1.12116971e+001
 1.20968272e+001
 2.60260326e+001
 1.12488747e+001
 1.01331390e+001
 2.42977786e+001
 1.12408989e+001
 1.09564372e+001
 1.02954967e+001
 9.29464689e+000
 8.63508906e+000
 9.07646686e+000
 9.35027229e+000
 9.51506696e+000
 9.11198620e+000
 8.69815925e+000
 9.15013890e+000
 9.67996592e+000
 9.51516999e+000
 8.90148834e+000
 7.96661614e+000
 2.50499174e+001
 8.79186214e+000
 2.77522021e+001
 8.78221218e+000
 8.51640618e+000
 7.87322823e+000
 7.11084502e+000
 6.35993286e+000
 7.00170892e+000
 7.58135268e+000
 2.15730836e+001
 7.97599773e+000
 7.47055158e+000
 7.21974202e+000
 6.76314744e+000
 6.17735360e+000
 2.29080130e+001
 6.13267971e+000
 6.13591899e+000
 5.28266653e+000
 5.43182559e+000
 5.92966773e+000
 6.11342039e+000
 6.24632981e+000
 6.35299335e+000
 7.16139595e+000
 7.31982092e+000
 6.80200223e+000
 6.22024077e+000
 6.52422019e+000
 6.00304274e+000
 2.04315990e+001
 6.33440052e+000
 5.15942766e+000
 1.94113738e+001
 5.99326873e+000
 5.83255443e+000
 6.03857181e+000
 5.89674452e+000
 5.47962544e+000
 2.09599935e+001
 5.54644476e+000
 6.27329942e+000
 6.41693171e+000
 6.24666208e+000
 6.92475067e+000
 7.67640496e+000
 7.46348807e+000
 7.68208048e+000
 8.03019015e+000
 7.79708442e+000
 8.10638295e+000
 8.26015392e+000
 7.98762318e+000
 8.44772108e+000
 9.24345453e+000
 8.71739410e+000
 8.36562550e+000
 8.48826524e+000
 8.84285086e+000
 9.61998712e+000
 9.94032864e+000
 1.04359743e+001
 1.07699449e+001
 1.03406700e+001
 1.07512010e+001
 1.11703524e+001
 1.08090607e+001
 1.18174903e+001
 1.22550464e+001
 1.14179045e+001
 1.24620882e+001
 1.27202062e+001
 1.22062608e+001
 1.35818219e+001
 1.39812599e+001
 1.25874980e+001
 1.10481064e+001
 1.02827535e+001
 1.04033532e+001
 1.03268891e+001
 1.00587958e+001
 1.04380494e+001
 1.09163530e+001
 1.10300135e+001
 1.10419785e+001
 1.11475752e+001
 1.14373828e+001
 1.19051990e+001
 1.20502158e+001
 1.13479336e+001
 1.11869096e+001
 1.20709532e+001
 2.81385170e+001
 1.12202131e+001
 1.09795604e+001
 1.07440690e+001
 1.03159936e+001
 2.79060393e+001
 1.05264135e+001
 9.81328066e+000
 9.26215118e+000
 9.85339284e+000
 9.70847664e+000
 1.01142606e+001
 1.04534147e+001
 1.01676941e+001
 1.02396994e+001
 9.57614905e+000
 8.36501751e+000
 2.26390972e+001
 8.28429995e+000
 7.61876733e+000
 7.83412481e+000
 2.35799036e+001
 7.16445094e+000
 6.83049678e+000
 7.00972404e+000
 6.68881456e+000
 6.06958189e+000
 5.76687901e+000
 6.09189128e+000
 5.59445615e+000
 4.67509417e+000
 2.04982588e+001
 4.48402817e+000
 3.75196222e+000
 3.39295334e+000
 3.13314139e+000
 2.79861680e+000
 2.95634627e+000
 1.72192000e+001
 3.00547809e+000
 2.99790642e+000
 2.55469557e+000
 2.64551354e+000
 2.44777346e+000
 2.00619298e+000
 1.74553175e+000
 1.94083971e+000
 2.55249632e+000
 3.14243560e+000
 2.99924835e+000
 2.86211045e+000
 2.94743009e+000
 2.93745993e+000
 2.75582152e+000
 2.57916159e+000
 2.23167456e+000
 1.92004760e+000
 3.01896333e+000
 4.11969075e+000
 3.41745012e+000
 2.56576942e+000
 3.72469506e+000
 4.36445315e+000
 3.66444158e+000
 4.09479568e+000
 5.12447274e+000
 4.72036496e+000
 4.57702692e+000
 4.71160350e+000
 4.01049906e+000
 4.14887878e+000
 3.73603361e+000
 3.27197937e+000
 3.61433433e+000
 3.42047377e+000
 3.52503571e+000
 3.72168656e+000
 4.29476720e+000
 4.56453954e+000
 4.53207528e+000
 5.53802651e+000
 6.31558107e+000
 2.03602737e+001
 6.38453820e+000
 6.94014589e+000
 7.37913372e+000
 6.76040731e+000
 5.66100816e+000
 5.21900993e+000
 5.49533471e+000
 5.74364537e+000
 4.93469248e+000
 5.11766813e+000
 5.53791112e+000
 4.51212271e+000
 3.55783534e+000
 4.19158393e+000
 3.91623786e+000
 3.34334629e+000
 4.23211645e+000
 4.79228619e+000
 4.49120256e+000
 3.83840268e+000
 3.66406282e+000
 3.96708277e+000
 4.76938616e+000
 4.55999771e+000
 4.73836223e+000
 5.20821390e+000
 4.48276799e+000
 3.61008336e+000
 4.32158098e+000
 5.12507674e+000
 4.33199849e+000
 3.63166902e+000
 3.33844191e+000
 3.48824547e+000
 1.84238939e+001
 3.04522893e+000
 1.91998384e+001
 3.17532305e+000
 3.54859753e+000
 4.31235410e+000
 4.54733713e+000
 4.40367375e+000
 3.38278316e+000
 2.70710026e+000
 3.26330634e+000
 3.63544378e+000
 2.68188396e+000
 2.36830022e+000
 2.90594370e+000
 1.97070804e+001
 2.90746344e+000
 2.58379210e+000
 2.59598688e+000
 3.03740167e+000
 2.78834760e+000
 1.70614897e+001
 3.01516766e+000
 3.24539231e+000
 3.16500774e+000
 3.40399634e+000
 3.54414020e+000
 2.80019460e+000
 1.69515319e+001
 2.35461664e+000
 1.64995973e+000
 1.45025425e+000
 1.98157760e+000
 2.05386361e+000
 2.35429459e+000
 2.65572240e+000
 3.10051066e+000
 3.25190440e+000
 2.57020910e+000
 2.30126606e+000
 2.60939622e+000
 3.53509467e+000
 3.91687787e+000
 3.18150297e+000
 2.62945158e+000
 2.16379265e+000
 2.46435855e+000
 2.85944705e+000
 1.71674348e+001
 3.28031381e+000
 3.45834584e+000
 3.35166215e+000
 1.97864131e+001
 2.68526583e+000
 1.59048545e+000
 1.02999812e+000
 3.89564960e-001
 2.97612213e-001
 5.67753066e-001
 5.85698003e-001
 1.44151925e+000
 1.72354323e+000
 1.87825167e+000
 2.22655838e+000
 3.27407710e+000
 3.43758670e+000
 3.58611882e+000
 3.43736198e+000
 3.08257741e+000
 3.29040213e+000
 2.89381565e+000
 2.47753115e+000
 2.66438092e+000
 2.76137962e+000
 2.99176629e+000
 2.33198854e+000
 1.24825188e+000
 1.55823108e+000
 1.57104613e+001
 1.37422415e+000
 2.15966652e+001
 1.61368834e+000
 1.51646122e+000
 1.28540551e+000
 1.48093474e+000
 7.57230624e-001
 1.07579741e-001
 1.42152399e+001
 4.74890436e-001
 2.92590713e-001
 1.54049751e-001
 4.21723206e-001
 5.96259973e-001
 1.17032188e+000
 1.72228022e+000
 1.58462895e+000
 1.74496263e+000
 1.89454476e+000
 1.13028027e+000
 1.50421667e+001
 7.79864499e-001
 1.27021398e-001
 7.59040099e-001
 9.29636549e-001
 1.67046886e+001
 7.04789167e-001
 1.09493956e+000
 1.64434102e+000
 1.08681144e+000
 1.66805565e+000
 1.37102165e+000
 2.45643802e-001
 1.50153406e+001
 3.77671487e-001
 1.76819894e-001
 6.31861266e-002
 6.81877203e-001
 1.13130688e+000
 7.17548566e-001
 1.00605845e+000
 1.57542262e+000
 1.57762072e+001
 1.29636572e+000
 1.83112205e+000
 1.57873155e+000
 1.14725746e-001
 3.25962876e+001
 1.52556573e-001
 3.72869680e-001
 8.17390214e-001
 6.96263093e-001
 3.01779261e-001
 2.46105914e-001
 1.39110873e+001
 6.63606954e-001
 1.63862140e-001
 1.61817323e-001
 3.43188576e-001
 5.47536937e-001
 4.61544844e-001
 5.19794926e-001
 3.46680718e-001
 1.01988002e-002
 2.16782535e-001
 7.86348744e-002
 2.42561121e-001
 3.66462086e-001
 6.78853144e-001
 4.77051516e-001
 1.81095277e-001
 9.59307011e-001
 1.33061906e+000
 1.37536405e+000
 1.90385666e+000
 1.64367651e+000
 2.10913379e+000
 3.24623188e+000
 3.66334969e+000
 1.76401384e+001
 3.82569327e+000
 4.33245392e+000
 4.42585574e+000
 4.42120067e+000
 4.47717246e+000
 4.43801737e+000
 1.85822614e+001
 4.93597011e+000
 4.80597027e+000
 4.79529753e+000
 5.25420052e+000
 5.63224593e+000
 5.36166790e+000
 4.81389579e+000
 4.64827297e+000
 4.34942172e+000
 4.63506553e+000
 5.03522526e+000
 1.97022698e+001
 5.02732592e+000
 4.54933279e+000
 4.27215105e+000
 4.12300174e+000
 4.02892917e+000
 1.83460539e+001
 4.22823800e+000
 3.98614168e+000
 3.51277577e+000
 1.82118653e+001
 3.09258774e+000
 2.68989968e+000
 2.91964332e+000
 3.31343883e+000
 3.19218949e+000
 3.54239393e+000
 4.03567128e+000
 3.70786427e+000
 3.55688666e+000
 3.76490740e+000
 3.56358722e+000
 3.44650364e+000
 3.67997030e+000
 3.10110397e+000
 2.98624981e+000
 3.39058452e+000
 3.49200233e+000
 3.84617088e+000
 3.72508494e+000
 3.12867384e+000
 1.74753366e+001
 3.40048149e+000
 3.46550397e+000
 3.42780371e+000
 3.38146986e+000
 3.69768614e+000
 3.61264212e+000
 3.38119636e+000
 3.61996071e+000
 4.08458087e+000
 3.29091306e+000
 2.71130048e+000
 2.78170274e+000
 2.28890143e+000
 2.47860162e+000
 2.66682293e+000
 2.07876862e+000
 1.83793273e+001
 2.19747156e+000
 2.75744850e+000
 3.54012426e+000
 3.87639610e+000
 3.35961729e+000
 2.66083858e+000
 2.42952649e+000
 2.76129817e+000
 3.30085189e+000
 3.16174856e+000
 2.85156096e+000
 2.60024751e+000
 2.17288543e+001
 2.77023126e+000
 2.49490848e+000
 2.09470150e+000
 1.74074666e+000
 1.34510683e+000
 2.23810479e+000
 1.63852650e+001
 2.06456216e+000
 1.74088791e+001
 1.97010041e+000
 2.35633044e+000
 2.07358633e+000
 2.51958882e+000
 2.66061881e+000
 2.31788589e+000
 2.72510752e+000
 3.33028935e+000
 3.40803691e+000
 3.12289093e+000
 2.71247135e+000
 2.25111039e+000
 2.01877509e+000
 2.31489418e+000
 3.07686112e+000
 3.68009334e+000
 1.82365406e+001
 2.75683695e+000
 2.39342295e+000
 2.86681391e+000
 2.60519424e+000
 2.87579041e+000
 3.27641042e+000
 2.83001811e+000
 3.17891422e+000
 3.26428707e+000
 2.55496787e+000
 2.17710876e+000
 1.24280090e+000
 1.59799711e+001
 1.44533774e+000
 1.51604484e+000
 2.25280776e+000
 1.62290226e+000
 2.90935598e-001
 1.43225899e+001
 8.89424743e-001
 1.73570815e+001
 7.04969524e-001
 1.55682365e+001
 4.04378630e-001
 8.38764544e-002
 4.82555147e-001
 2.04964893e-001
 3.14547652e-001
 9.54861442e-002
 1.16058143e-001
 4.16192485e-001
 8.13090023e-001
 1.65109326e+001
 1.04074565e+000
 1.53394135e+000
 1.68281646e+000
 2.40717919e+000
 3.50150853e+000
 3.79079162e+000
 3.55774191e+000
 3.66584859e+000
 4.05547571e+000
 4.41288232e+000
 4.79385822e+000
 5.14505949e+000
 9.09075734e+000
 4.61176426e+000
 4.33845079e+000
 4.67214086e+000
 4.80766362e+000
 4.35811591e+000
 7.32183397e+001
 4.47455738e+000
 4.65483675e+000
 1.45656879e+001
 4.60328314e+000
 4.38308557e+000
 1.05116193e+001
 4.86629126e+000
 4.63874619e+000
 9.58984616e+000
 4.60842618e+000
 3.84805178e+000
 1.02872279e+001
 3.76222772e+000
 3.89871947e+000
 3.96385032e+000
 4.42485179e+000
 4.67634681e+000
 4.75510014e+000
 5.22867154e+000
 1.39076931e+001
 5.05047528e+000
 4.57040357e+000
 4.71539380e+000
 4.87143040e+000
 4.68200765e+000
 4.40880245e+000
 4.14669870e+000
 3.92853555e+000
 1.15752203e+001
 4.04424677e+000
 3.58906211e+000
 3.29716445e+000
 3.74195489e+000
 3.57835830e+000
 3.51479539e+000
 3.74768792e+000
 1.24725837e+001
 3.66439578e+000
 1.23269021e+001
 4.54247810e+000
 4.06258412e+000
 3.70847818e+000
 4.49787801e+000
 1.16477746e+001
 4.69547547e+000
 4.48954508e+000
 4.17963005e+000
 4.42676764e+000
 1.35244404e+001
 3.84856655e+000
 3.28981848e+000
 1.45047416e+001
 3.63268214e+000
 4.24063691e+000
 4.57398312e+000
 5.19090728e+000
 6.01048806e+000
 5.74884333e+000
 5.55460678e+000
 6.23305561e+000
 6.66644707e+000
 6.55351797e+000
 6.15951233e+000
 8.10180784e+000
 5.87289332e+000
 5.10705877e+000
 5.74390670e+000
 6.40360445e+000
 6.05019214e+000
 5.71020677e+000
 5.56923509e+000
 5.35206380e+000
 5.15953728e+000
 1.14249945e+001
 5.15834096e+000
 5.14161594e+000
 5.40124383e+000
 5.24604845e+000
 4.59451025e+000
 4.33941782e+000
 4.17487106e+000
 4.27782852e+000
 4.07394460e+000
 3.60308073e+000
 1.50351417e+001
 3.16909833e+000
 3.25791350e+000
 3.66867375e+000
 3.63471387e+000
 3.38566306e+000
 3.06869594e+000
 3.59136969e+000
 3.85677689e+000
 3.50943026e+000
 3.69082191e+000
 3.92682450e+000
 4.20851545e+000
 1.15410371e+001
 4.11136005e+000
 4.44314192e+000
 4.60304114e+000
 4.17931284e+000
 3.66792717e+000
 3.84788859e+000
 1.01467374e+001
 4.06674112e+000
 4.69088640e+000
 4.24915300e+000
 3.72577854e+000
 3.51968366e+000
 3.30986417e+000
 3.37324767e+000
 3.53884634e+000
 1.06084285e+001
 3.47156224e+000
 3.66988800e+000
 3.54242904e+000
 2.98542926e+000
 1.24270114e+001
 2.88465285e+000
 2.21788923e+000
 1.39930879e+001
 2.32462411e+000
 2.21875098e+000
 2.08019516e+000
 1.63219636e+000
 1.25878811e+001
 1.74693228e+000
 1.05082166e+000
 1.30491318e+001
 1.64352806e+000
 5.61138832e-001
 4.29247652e-001
 7.37577213e-001
 5.57523148e-001
 2.81590758e-001
 1.58882458e+001
 6.31226204e-001
 1.46040426e+001
 8.72936001e-001
 1.49856951e+001
 1.20061242e+000
 1.08150425e+000
 5.72486166e-002
 3.29161289e-001
 2.14026987e+001
 6.39698327e-001
 1.41736371e+000
 1.55443130e+000
 1.24435385e+000
 1.27478782e+001
 1.45003494e+000
 1.99695200e+000
 1.20435323e+001
 1.88617365e+000
 1.75310821e+000
 1.26413342e+001
 1.68043300e+000
 4.10255349e-001
 8.44448829e-002
 7.31650512e-001
 9.97127804e-001
 1.71337999e+000
 2.00836359e+000
 1.11915568e+000
 1.33006249e+000
 2.01644859e+000
 2.39438566e+000
 2.27213681e+000
 5.70921481e+001
 2.47918378e+000
 2.58705248e+000
 2.86740690e+000
 3.39120381e+000
 3.33214763e+000
 3.38033673e+000
 3.17993684e+000
 2.63085518e+000
 3.07109449e+000
 2.69592621e+000
 1.74334859e+000
 1.54535329e+001
 2.14479599e+000
 2.27341046e+000
 1.48651071e+000
 1.28394659e+000
 1.32555367e+000
 1.15794513e+000
 2.03812089e+000
 2.26203087e+000
 1.20590732e+001
 2.88992619e+000
 3.34583893e+000
 1.47904431e+001
 2.88781142e+000
 1.66465656e+000
 1.31635837e+001
 2.65312251e+000
 2.88544477e+000
 3.17230736e+000
 3.27275280e+000
 2.89802951e+000
 2.36483175e+000
 2.79811898e+000
 2.94188787e+000
 2.57300459e+000
 2.94870460e+000
 2.88438277e+000
 2.47774703e+000
 1.15980524e+001
 2.63125582e+000
 3.07646456e+000
 3.80215964e+000
 1.18906563e+001
 3.72383631e+000
 3.30010492e+000
 3.43473193e+000
 4.07212325e+000
 3.24354503e+000
 2.91598490e+000
 3.90042040e+000
 4.08067036e+000
 3.37310954e+000
 1.08116150e+001
 3.53978430e+000
 3.45267090e+000
 3.48361144e+000
 3.48248424e+000
 3.16270759e+000
 3.07726468e+000
 3.29678038e+000
 3.30209020e+000
 3.24091905e+000
 2.90116144e+000
 3.22983785e+000
 3.91191326e+000
 3.55994009e+000
 3.97811250e+000
 4.15241488e+000
 3.87409395e+000
 4.50135573e+000
 4.42740845e+000
 3.88376229e+000
 3.47472487e+000
 3.18491750e+000
 3.37309215e+000
 3.46689191e+000
 3.56067702e+000
 3.49801968e+000
 2.98828713e+000
 3.11499374e+000
 3.07281164e+000
 2.95933561e+000
 2.95606707e+000
 2.41971569e+000
 2.12611848e+000
 1.91172232e+000
 1.98316433e+000
 1.23186737e+001
 2.13521468e+000
 3.03488728e+000
 2.69247865e+000
 2.23242942e+000
 2.52926376e+000
 2.24152392e+000
 1.58264716e+001
 1.90029741e+000
 1.33905106e+000
 1.41239611e+001
 1.56006555e+000
 1.82572115e+000
 1.33419599e+000
 1.21435784e+000
 1.13762194e+000
 1.37876357e+000
 1.47787086e+000
 1.35122412e+000
 1.30257225e+000
 1.06932342e+000
 7.91607039e-001
 1.31802562e+000
 1.44681246e+001
 5.77255036e-001
 6.74441364e-002
 5.92991499e-001
 7.08523975e-001
 4.33755909e-001
 4.15592068e-001
 2.52843310e-001
 7.80007581e-001
 1.01120091e+000
 1.33750493e+001
 1.30086441e+000
 2.14799536e+000
 1.26104687e+001
 1.23943907e+000
 2.06431885e+001
 1.29790976e+000
 1.13005535e+000
 1.20961113e+000
 1.04952811e+000
 7.24424928e-001
 8.26165513e-001
 6.57928325e-001
 3.34489524e-001
 3.41427352e-001
 7.61957725e-001
 1.94781350e-001
 2.88749668e-001
 2.27239640e-001
 1.92931972e-001
 1.49717774e+001
 2.81788300e-002
 4.77616051e-002
 2.11473904e-001
 2.91282185e-001
 2.36583762e-001
 5.93280658e-001
 1.73657577e-001
 4.87651898e-001
 8.75002712e-001
 5.60669162e-001
 9.05257137e-001
 1.23371565e+000
 6.59286344e-001
 1.50333365e+001
 9.16402669e-001
 1.00173985e+000
 1.52864506e+000
 1.06116173e+000
 2.27468402e-001
 8.41955601e-001
 4.86501685e-002
 1.52997787e+001
 2.28769910e-001
 1.05942227e-002
 2.74519894e-001
 1.43258913e+001
 1.37588623e-001
 2.11370354e-001
 4.73826841e-001
 3.40736626e-001
 4.58059380e-002
 1.51268675e+001
 1.06801412e-001
 6.54995240e-001
 8.10507581e-001
 6.60150735e-001
 4.23795916e-001
 1.07300697e-001
 2.78393808e-001
 4.95648517e-001
 2.54324489e-001
 1.03507816e+000
 1.94880390e+000
 1.27769349e+001
 1.75935480e+000
 2.40113898e+000
 3.07571906e+000
 3.46349454e+000
 3.72386344e+000
 3.33770547e+000
 3.85876837e+000
 4.17583092e+000
 3.66760005e+000
 3.44659464e+000
 3.33297826e+000
 3.19146832e+000
 3.51668537e+000
 3.99558654e+000
 3.32961445e+000
 2.51646273e+000
 3.49809430e+000
 2.64099405e+001
 3.20277479e+000
 3.36013949e+000
 2.84662560e+000
 2.05931865e+000
 1.57653508e+000
 2.26238049e+000
 2.85069179e+000
 2.43809133e+000
 1.75369199e+000
 1.24027109e+000
 1.43062859e+001
 1.97862000e+000
 2.68969313e+000
 3.08594472e+000
 2.63953777e+000
 2.52621931e+000
 2.92839220e+000
 2.78657125e+000
 2.75115469e+000
 2.49754619e+000
 2.77553780e+000
 3.14250375e+000
 2.60176384e+000
 2.04803890e+000
 1.84695789e+000
 5.07018918e-001
 2.11208404e+001
 1.26533066e+000
 7.04477482e-001
 5.09354017e-001
 2.59178960e-001
 5.06846714e-001
 3.50328296e-001
 8.22078786e-001
 9.89388545e-001
 1.66528422e+000
 1.80876247e+001
 1.41158369e+000
 1.60069806e+000
 9.56770293e-001
 6.52057453e-001
 1.47187423e+001
 6.56958577e-001
 1.89435120e-001
 5.41852071e-001
 1.74760518e-001
 1.79159407e-001
 2.78814530e-001
 4.99156451e-001
 8.57550726e-001
 9.44804586e-001
 8.28746149e-001
 3.46595529e-001
 4.59641346e-002
 4.45206827e-001
 1.92461257e-001
 1.93422275e-002
 4.80953838e-001
 3.34060725e-001
 2.24247754e+001
 1.30252272e-001
 7.02045749e-004
 2.10774542e-001
 2.16575545e-001
 6.54355159e-001
 5.40133793e-001
