 8.53750667e-004
 7.94859254e-004
 7.83177396e-004
 7.15296603e-004
 7.64719098e-004
 9.60450167e-004
 1.12764345e-003
 1.30419106e-003
 1.50562522e-003
 2.35807037e-003
 1.27878937e-004
 3.09878245e-003
 1.51570305e+000
 1.97941344e-004
 4.88185483e-003
 8.57827989e-003
 2.18069897e+000
 6.15518430e-003
 2.20405160e-003
 1.81295490e-003
 1.73404825e-003
 1.74276364e-003
 1.41552304e-003
 1.32487223e-003
 2.26540150e-003
 2.65607106e-003
 2.21839631e-004
 2.94492149e-003
 3.33483612e-003
 2.86920563e-003
 3.86455771e-003
 3.18956024e-003
 2.02592851e-003
 4.24905179e-003
 1.51178649e-002
 1.73529356e-002
 7.90669854e-003
 2.51188701e-003
 4.71898012e-003
 5.51290308e-003
 2.15807956e-003
 2.15834085e-004
 4.61361603e-003
 2.10397477e-002
 1.15208869e-002
 9.72054599e-003
 3.85177926e-003
 1.57366861e-004
 2.10514893e-002
 8.38358835e-003
 6.31157883e-003
 3.00509146e-002
 5.84158668e-003
 9.85013701e-003
 3.73672590e-002
 6.24006320e-003
 2.59234677e-003
 2.16991207e-003
 2.08744841e-004
 2.64446291e-003
 2.49706966e-003
 3.51723701e-003
 2.87889515e-003
 1.64315759e-003
 2.26446513e-004
 2.02726561e-003
 1.86619496e-003
 1.31696958e-003
 1.11279250e-003
 1.52265895e-003
 1.70064643e-003
 1.39238180e-003
 1.46211223e-003
 1.73357346e-003
 2.35592236e-003
 2.59059764e-003
 3.14629326e-003
 7.61596715e-003
 5.66387845e-003
 4.68402872e-003
 3.80231100e-003
 5.91656044e-003
 8.16795055e-003
 4.95096780e-003
 9.28562450e-003
 7.20760187e-003
 2.90195165e-003
 2.07228862e-003
 2.43302536e-003
 1.72866852e-003
 1.58786916e-003
 2.13206749e-003
 1.53715701e-003
 1.20996628e-003
 1.42334271e-003
 1.66417787e-003
 1.29965789e-003
 1.34430658e-003
 1.21057674e-003
 1.01884232e-003
 1.38815001e-003
 1.99076818e-003
 2.76549714e-003
 4.78339329e-003
 5.70048656e-003
 4.90822655e-003
 3.38632137e-003
 4.93459519e-003
 4.30643319e-005
 2.73224491e-003
 8.41177119e-003
 2.73957597e-002
 7.94171333e-003
 3.57014101e-003
 2.34395332e-003
 2.54301385e-003
 2.18201009e-003
 1.99554451e-003
 1.85590762e-003
 1.35862177e-003
 1.49206689e-003
 1.44383808e-003
 1.00993685e-003
 9.28174267e-004
 8.15164104e-004
 1.48616375e-003
 9.65235106e-004
 8.50146186e-004
 7.67109729e-004
 8.06774621e-004
 7.90783468e-004
 7.88391494e-004
 7.34981374e-004
 2.88323976e-004
 7.87513886e-004
 8.65852525e-004
 1.02716234e-003
 9.78565641e-004
 9.50152270e-004
 1.03651642e-003
 9.83721986e-004
 9.26213967e-004
 1.85326778e-004
 8.81594644e-004
 9.58342617e-004
 9.86014449e-004
 8.57813670e-004
 2.63747863e-004
 8.20771713e-004
 8.03218769e-004
 8.26880944e-004
 8.42003532e-004
 7.96533237e-004
 2.23150454e-004
 7.85519385e-004
 8.25750908e-004
 8.38756211e-004
 7.21927873e-004
 6.33736120e-004
 7.30634539e-004
 8.23197535e-004
 2.42598105e-004
 7.99902981e-004
 7.88382850e-004
 8.32074883e-004
 7.70163896e-004
 7.30550165e-004
 8.42529880e-004
 1.88630034e-004
 6.45228130e-004
 2.62917230e-004
 7.45331083e-004
 7.13271422e-004
 8.05553736e-004
 7.75746300e-004
 5.89198935e-004
 5.54971180e-004
 5.43207866e-004
 5.68444429e-004
 6.85615020e-004
 1.92790194e-004
 6.48515135e-004
 6.82550748e-004
 6.70592397e-004
 7.00038520e-004
 7.34061943e-004
 6.72228911e-004
 6.76403199e-004
 8.90114211e-004
 1.12059817e-003
 9.60602668e-004
 7.42315724e-004
 7.05662724e-004
 7.61847638e-004
 7.96173195e-004
 7.39999649e-004
 6.72955257e-004
 6.43375007e-004
 7.05390239e-004
 7.94065776e-004
 7.23846410e-004
 7.64517023e-004
 7.47051380e-004
 7.09245022e-004
 7.60227914e-004
 8.20423532e-004
 8.57134859e-004
 7.62405781e-004
 7.13153321e-004
 6.92411737e-004
 6.47158474e-004
 6.04826994e-004
 5.86198966e-004
 5.48856520e-004
 5.36934046e-004
 5.65858334e-004
 5.66170115e-004
 6.32513859e-004
 6.81745930e-004
 6.13227616e-004
 3.07632501e-004
 6.25880641e-004
 5.72867521e-004
 2.92027825e-004
 5.62423453e-004
 5.08810134e-004
 1.41241239e-004
 5.80484329e-004
 5.43762052e-004
 4.78519984e-004
 4.54057081e-004
 4.73288472e-004
 4.91526962e-004
 5.17234190e-004
 5.85281100e-004
 5.57498234e-004
 5.97190419e-004
 1.59034424e-004
 5.36261392e-004
 5.65354049e-004
 5.88613236e-004
 5.93944044e-004
 6.05683070e-004
 5.99983672e-004
 5.36204509e-004
 5.15797905e-004
 5.54659573e-004
 5.18710067e-004
 3.10686295e-004
 5.97295881e-004
 6.22850259e-004
 6.30236479e-004
 6.32026320e-004
 6.53335457e-004
 6.25041913e-004
 5.32388484e-004
 5.05712324e-004
 3.21616385e-004
 4.81534549e-004
 4.71365756e-004
 4.96789629e-004
 4.83485049e-004
 4.60841527e-004
 4.45260966e-004
 4.34047767e-004
 4.75223391e-005
 4.36762673e-004
 4.39647528e-004
 4.55529466e-004
 4.50202612e-004
 4.38802110e-004
 3.60587354e-004
 4.58515081e-004
 4.84930923e-004
 4.34479113e-004
 2.82279457e-004
 4.64616051e-004
 4.81046844e-004
 5.66365590e-004
 3.18771957e-004
 4.53190810e-004
 4.22157958e-004
 4.77676691e-004
 5.52681132e-004
 1.19684059e-004
 5.22396709e-004
 4.85867591e-004
 4.74455308e-004
 4.44130888e-004
 2.41188254e-004
 4.78550773e-004
 5.20250280e-004
 3.38118832e-004
 5.02009928e-004
 5.20502503e-004
 5.39135094e-004
 5.01652031e-004
 4.87980951e-004
 5.06547784e-004
 5.07301150e-004
 5.06714677e-004
 4.93610284e-004
 5.52180346e-004
 5.77454372e-004
 5.37160158e-004
 5.58586832e-004
 5.10238155e-004
 4.57393327e-004
 5.03104994e-004
 5.83190645e-004
 6.58948609e-004
 5.98297892e-004
 5.27679769e-004
 1.71272534e-004
 5.33456565e-004
 5.37913472e-004
 5.41181865e-004
 5.86144182e-004
 5.71090139e-004
 6.04641139e-004
 6.15412224e-004
 5.36230663e-004
 5.55705237e-004
 5.14248429e-004
 5.16738141e-004
 5.07983346e-004
 4.86159034e-004
 4.54488902e-004
 4.27411907e-004
 4.07974005e-004
 1.83408130e-004
 4.16941770e-004
 3.91478601e-004
 3.83341539e-004
 3.79725799e-004
 3.82004675e-004
 4.29806266e-004
 3.21207377e-004
 3.92960687e-004
 4.16291782e-004
 4.35227193e-004
 4.43685475e-004
 3.81925897e-004
 4.25242627e-004
 4.30654967e-004
 4.13520538e-004
 3.98241111e-004
 3.92957886e-004
 3.87824413e-004
 2.81123896e-004
 3.69264473e-004
 3.75137797e-004
 3.97338880e-004
 4.02852260e-004
 4.02142453e-004
 4.06366711e-004
 4.04873510e-004
 4.21963975e-004
 4.10389306e-004
 3.82011521e-004
 3.94970129e-004
 4.07615031e-004
 3.89572072e-004
 3.75335591e-004
 4.11869429e-004
 4.30606538e-004
 3.96666293e-004
 4.79845494e-004
 5.19540763e-004
 5.57947096e-004
 6.25350963e-004
 7.20647372e-004
 8.73446943e-004
 7.49880638e-004
 7.09692751e-004
 9.85855683e-004
 2.57478578e-004
 8.77848756e-004
 8.23581621e-004
 7.96480903e-004
 7.61764557e-004
 7.79332992e-004
 8.35166238e-004
 8.61176797e-004
 6.83651527e-004
 6.34707504e-004
 7.15743831e-004
 6.55036564e-004
 6.82775657e-004
 7.35649251e-004
 8.53023735e-004
 9.88549837e-004
 1.01350845e-003
 1.12706863e-003
 1.07895486e-003
 1.13342137e-003
 1.23081182e-003
 1.32655359e-003
 1.46606128e-003
 1.16828407e-003
 9.73585051e-004
 1.06206827e-003
 9.23773386e-004
 7.43535813e-004
 2.76299230e-004
 7.85851537e-004
 7.40333874e-004
 7.51327534e-004
 7.13240289e-004
 5.70484671e-004
 6.08287887e-004
 6.62634944e-004
 6.79529680e-004
 7.11557937e-004
 6.43896908e-004
 6.73037337e-004
 7.37140145e-004
 6.82858042e-004
 6.51111653e-004
 6.52965911e-004
 6.43855024e-004
 6.67629865e-004
 6.60318428e-004
 6.48139113e-004
 5.95612354e-004
 6.08485861e-004
 6.88814058e-004
 6.20225065e-004
 5.82360883e-004
 5.33988267e-004
 4.90995255e-004
 5.11201469e-004
 4.71267226e-004
 4.29296845e-004
 4.73232515e-004
 5.44070285e-004
 5.23132177e-004
 5.49356843e-004
 5.59117199e-004
 5.43100887e-004
 5.90514966e-004
 5.69107675e-004
 5.79684452e-004
 5.85250272e-004
 5.78386361e-004
 6.31736551e-004
 5.93281606e-004
 5.05523229e-004
 4.76146698e-004
 3.14514209e-004
 4.73442427e-004
 4.63071382e-004
 4.80252910e-004
 5.23363584e-004
 2.34002667e-004
 4.93676305e-004
 2.96904312e-004
 5.11772651e-004
 5.04344800e-004
 4.96267101e-004
 5.21540672e-004
 5.39706202e-004
 5.06351664e-004
 5.21270834e-004
 4.91600436e-004
 4.64359995e-004
 4.91715711e-004
 5.08483022e-004
 4.90904238e-004
 4.82840191e-004
 5.03722827e-004
 5.35763717e-004
 5.63652233e-004
 6.25046729e-004
 2.96637203e-004
 6.29594840e-004
 8.56362358e-004
 2.70735358e-004
 7.13554377e-004
 7.33225968e-004
 7.47048166e-004
 8.49707462e-004
 2.64799714e-004
 7.89069067e-004
 7.42819966e-004
 7.27050862e-004
 7.82252024e-004
 8.52569768e-004
 1.02384533e-003
 1.12165842e-003
 1.17198016e-003
 1.29378311e-003
 2.27587517e-004
 1.12648705e-003
 1.23403780e-003
 1.57743816e-003
 1.46524067e-003
 1.48090705e-003
 1.78029569e-003
 2.34808511e-003
 1.92044698e-003
 1.17827576e-003
 1.27706009e-003
 1.97025411e-003
 2.18178498e-004
 2.01336627e-003
 1.38063969e-003
 1.15490793e-003
 1.30685101e-003
 1.02558552e-003
 9.63106941e-004
 1.27828374e-003
 1.18230309e-003
 9.46382970e-004
 8.86159998e-004
 2.69114517e-004
 7.52057002e-004
 6.54777758e-004
 7.07799496e-004
 8.55751893e-004
 9.40947701e-004
 2.30963003e-004
 8.72768348e-004
 8.18824372e-004
 7.99159852e-004
 8.27804442e-004
 1.11294120e-003
 1.44759519e-003
 1.55566486e-003
 2.28753654e-003
 4.23411604e-003
 3.74950132e-005
 2.71708613e-003
 1.78630576e-003
 2.28994485e-004
 3.10163702e-003
 1.42114147e-004
 2.60668635e-003
 2.85078546e-003
 2.57005460e-003
 2.10237327e-004
 1.88041015e-003
 1.49007165e-003
 1.93192895e-003
 2.56634121e-003
 5.87588011e-003
 1.73039936e-002
 4.20460076e-003
 3.40032783e-003
 2.40672145e-003
 2.22804370e-003
 4.62411045e-003
 5.01249346e-001
 1.86123407e-002
 9.15303948e-003
 6.14444728e-002
 3.84254735e-003
 1.79740779e-004
 4.54288467e-002
 4.33884756e-003
 7.46526653e-003
 8.14938163e-002
 1.40166357e-002
 2.92623437e-003
 1.93756274e-003
 2.17644557e-003
 2.36730829e-003
 2.44962063e-003
 1.94594430e-003
 1.34742649e-003
 1.50897517e-003
 2.48517229e-003
 1.67089759e-003
 2.21585672e-003
 7.69294628e-003
 1.02870772e-004
 2.92720202e-001
 6.52525012e-003
 1.83729086e-004
 1.38534584e-002
 5.61243184e-003
 3.34857409e-003
 2.59959266e-003
 1.88470758e-003
 1.79407152e-003
 2.12229868e-003
 1.58091712e-003
 1.49791955e-003
 1.65265751e-003
 2.12060929e-003
 2.87515054e-003
 2.39513248e-003
 3.04016341e-003
 3.39172078e-003
 2.27339870e-003
 2.48660032e-003
 1.83104804e-003
 1.53355560e-003
 1.26594425e-003
 9.89631522e-004
 1.51901935e-004
 9.64833176e-004
 8.97466464e-004
 1.11010940e-003
 1.31120982e-003
 1.42295097e-003
 1.88342233e-003
 2.34754931e-003
 3.18272766e-003
 5.36489634e-003
 1.96998335e-004
 3.93370052e-003
 5.01248759e-003
 2.74859135e-001
 1.57879046e-002
 4.84245186e-001
 3.86601779e-001
 1.62905144e-002
 1.06479552e-002
 4.27477856e-003
 2.98323092e-003
 2.25674558e-003
 1.77079465e-003
 1.90689242e-003
 2.36138483e-003
 5.02682106e-003
 1.02592656e-002
 4.92305950e-003
 7.93357997e-003
 2.58815076e-002
 8.43278515e-003
 4.34384088e-003
 3.94912800e-003
 2.88918026e-003
 2.14749611e-003
 2.32346580e-003
 4.08808156e-003
 6.83747435e-003
 5.33249091e-003
 1.98785180e-004
 4.01571332e-003
 2.66149851e-003
 3.37873734e-003
 1.07297566e-002
 3.68145920e-002
 6.89818328e-003
 2.61365404e-003
 2.21873613e-004
 4.97505133e-003
 1.90019282e-003
 1.01128733e-003
 2.23949273e-004
 1.00487393e-003
 2.33539141e-004
 9.53778043e-004
 1.08088743e-003
 1.40346918e-003
 1.23877488e-003
 1.32476313e-003
 1.51206443e-003
 1.70091145e-003
 2.02265996e-003
 2.24117557e-003
 2.93481455e-003
 2.12906818e-003
 2.63678889e-003
 6.37822692e-003
 7.81218184e-003
 3.30091510e-003
 3.84358121e-003
 2.41331874e-003
 2.71705033e-003
 4.35424304e-003
 2.42184404e-003
 1.84971842e-004
 3.44574853e-003
 2.38659684e-003
 1.53870442e-003
 1.16299857e-003
 1.08655583e-003
 1.26924363e-003
 1.70310075e-003
 1.93661789e-003
 2.31811137e-003
 2.01634302e-003
 2.45758766e-003
 3.03251080e-003
 1.54217435e-003
 1.27399412e-003
 1.38771430e-003
 1.06587985e-003
 1.12980226e-003
 1.44866988e-003
 1.79729657e-004
 1.84396576e-003
 1.76224411e-003
 1.29113391e-003
 1.09318725e-003
 1.15431318e-003
 1.13995677e-003
 1.17262807e-003
 1.70645592e-003
 1.30969947e-003
 1.17739174e-003
 1.00610203e-003
 8.67240281e-004
 1.06761929e-003
 1.48812116e-004
 9.51983925e-004
 1.03206515e-003
 1.38556450e-003
 1.81012719e-003
 1.67608321e-003
 1.60483460e-003
 1.62636424e-003
 1.35513246e-003
 1.30491546e-003
 1.22313819e-003
 9.91891869e-004
 1.11852991e-003
 1.28634711e-003
 1.12795300e-003
 1.01908563e-003
 1.10233851e-003
 1.33711153e-003
 1.54406374e-003
 2.49720298e-003
 1.73376092e-004
 1.31830966e-003
 1.02208321e-003
 8.83065901e-004
 8.19373402e-004
 7.66515375e-004
 6.56326823e-004
 6.09942301e-004
 6.95147628e-004
 7.34160351e-004
 6.15344932e-004
 5.35002136e-004
 5.61970421e-004
 5.61840053e-004
 4.68359717e-004
 1.36773891e-004
 5.15374182e-004
 1.17735596e-004
 5.57160912e-004
 5.33064773e-004
 5.43405208e-004
 5.95328160e-004
 4.85071196e-004
 4.62334415e-004
 5.80262528e-004
 6.50285326e-004
 5.26720464e-004
 5.05563146e-004
 5.10417612e-004
 4.96177234e-004
 5.42823584e-004
 5.22673695e-004
 4.76057670e-004
 5.06083788e-004
 4.87696909e-004
 5.25282809e-004
 6.57422637e-004
 8.98370223e-005
 7.23513364e-004
 7.94408965e-004
 7.87446356e-004
 8.54750052e-004
 1.09843273e-003
 1.35315506e-003
 1.25120539e-003
 1.12270052e-003
 9.30149026e-004
 8.22955765e-004
 8.65600942e-004
 7.91011765e-004
 6.43647412e-004
 5.70240401e-004
 4.97930611e-004
 4.84126666e-004
 4.97472168e-004
 4.72000790e-004
 4.70392685e-004
 1.41062322e-004
 5.24688678e-004
 5.45787956e-004
 4.70171918e-004
 4.40292802e-004
 3.95448414e-004
 1.20658984e-004
 4.69501030e-004
 1.28907660e-004
 4.56649130e-004
 3.97609320e-004
 3.74322387e-004
 4.30896820e-004
 1.38669391e-004
 1.37999679e-004
 3.85743848e-004
 3.70452029e-004
 1.32362530e-004
 3.59668070e-004
 1.30838447e-004
 3.54768156e-004
 3.86244589e-004
 4.11859327e-004
 1.35774861e-004
 3.95289793e-004
 1.34548675e-004
 4.04300859e-004
 4.10472231e-004
 4.29269388e-004
 4.36446588e-004
 4.26510938e-004
 4.36194900e-004
 4.48749558e-004
 4.31546887e-004
 3.94715340e-004
 3.76098925e-004
 1.03135832e-004
 3.98716900e-004
 4.69296178e-004
 4.86702927e-004
 4.94039983e-004
 5.09142866e-004
 5.68855248e-004
 6.85302243e-004
 6.57485668e-004
 6.11056474e-004
 5.26300864e-004
 4.68903465e-004
 4.81615764e-004
 5.07473461e-004
 4.56808800e-004
 4.07734446e-004
 1.35418610e-004
 3.83287297e-004
 3.73817243e-004
 3.86083850e-004
 4.21412955e-004
 4.79499448e-004
 5.30290629e-004
 5.93033064e-004
 6.79286128e-004
 8.02367206e-004
 9.09745445e-004
 1.45889667e-004
 9.37675635e-004
 7.83523947e-004
 6.67262146e-004
 1.34588669e-004
 6.07348861e-004
 5.48781004e-004
 5.31603019e-004
 4.79939183e-004
 4.23369151e-004
 4.44747430e-004
 4.61223216e-004
 4.26205242e-004
 4.43666284e-004
 4.50654031e-004
 4.24771229e-004
 4.62010352e-004
 5.05079189e-004
 4.60580759e-004
 4.52952990e-004
 5.59964286e-004
 6.04076337e-004
 5.86563730e-004
 6.45798340e-004
 7.43317457e-004
 8.06011048e-004
 8.86064412e-004
 9.92245736e-004
 9.71873146e-004
 8.65802184e-004
 9.10573031e-004
 1.17518831e-003
 1.74664393e-004
 9.59404773e-004
 8.05027237e-004
 7.04788933e-004
 6.82940841e-004
 6.54166457e-004
 6.35427445e-004
 5.98071921e-004
 5.52521472e-004
 6.37539228e-004
 7.17258496e-004
 1.26723980e-004
 7.21864029e-004
 8.16991952e-004
 8.50713130e-004
 8.22270020e-004
 7.81773258e-004
 7.36667594e-004
 7.27950680e-004
 6.64322482e-004
 6.46443101e-004
 5.66506876e-004
 5.32809877e-004
 6.25744635e-004
 6.57474806e-004
 6.47376106e-004
 6.28118506e-004
 5.44276606e-004
 5.06070201e-004
 4.75749656e-004
 4.90371826e-004
 5.08811417e-004
 1.41417127e-004
 4.74461128e-004
 4.44759649e-004
 4.57657739e-004
 4.98157554e-004
 5.30087128e-004
 1.42588617e-004
 4.92563473e-004
 4.36012198e-004
 4.26203726e-004
 5.23845899e-004
 5.96208161e-004
 5.37863068e-004
 4.71321690e-004
 4.38732756e-004
 4.73160352e-004
 4.89958641e-004
 4.65314022e-004
 4.45813557e-004
 4.58920761e-004
 4.73065294e-004
 4.35499334e-004
 9.91470623e-005
 4.63222328e-004
 4.60920253e-004
 4.57884041e-004
 5.31173893e-004
 5.50547801e-004
 5.17094137e-004
 6.06917037e-004
 1.52585746e-004
 5.85894229e-004
 6.51601292e-004
 6.82895020e-004
 6.03971206e-004
 5.68193400e-004
 6.65455710e-004
 5.91582920e-004
 5.07485896e-004
 5.64416850e-004
 5.47391103e-004
 4.91096102e-004
 5.15908023e-004
 5.92423214e-004
 1.53767184e-004
 6.69059214e-004
 7.63005619e-004
 8.07355255e-004
 7.94627020e-004
 8.54954139e-004
 9.24658151e-004
 8.63506875e-004
 1.66969433e-004
 8.06311950e-004
 8.99029732e-004
 1.01382316e-003
 8.86403856e-004
 7.71270741e-004
 7.39928394e-004
 8.72183736e-004
 1.03917569e-003
 1.19342636e-003
 1.75776426e-004
 1.03212128e-003
 8.40211223e-004
 7.00546439e-004
 6.36302530e-004
 5.30166109e-004
 4.59635850e-004
 5.04408009e-004
 5.75716062e-004
 5.23090135e-004
 5.64742177e-004
 6.90093740e-004
 6.18318472e-004
 5.46722148e-004
 5.36791354e-004
 5.31141934e-004
 5.62493992e-004
 5.75979111e-004
 5.58207470e-004
 5.76763723e-004
 5.27069215e-004
 4.81471486e-004
 5.19876052e-004
 6.51170418e-004
 1.55471426e-004
 5.92932272e-004
 6.29265305e-004
 1.55286060e-004
 7.04643044e-004
 9.54428047e-004
 1.70128833e-004
 1.01027269e-003
 1.20052865e-003
 1.27468039e-003
 1.47026629e-003
 1.40515821e-003
 1.06505466e-003
 1.24209806e-003
 2.06235528e-003
 1.00098572e-004
 1.85193392e-003
 1.62432941e-003
 1.57423821e-003
 2.17336549e-003
 2.50912895e-003
 2.73043568e-003
 3.40019312e-003
 4.01948298e-003
 8.67514228e-003
 3.48972419e-003
 2.07651403e-004
 4.81433347e-003
 1.73102302e-002
 1.86760581e-004
 1.73311822e-002
 4.86295864e-001
 7.90589851e-003
 2.16436737e-002
 3.61192078e-003
 1.91024232e-004
 2.66528277e-003
 2.99150960e-003
 5.56678595e-003
 9.46278943e-003
 7.00068922e-003
 3.14618083e-003
 3.33107263e-003
 3.16451049e-003
 4.16346742e-003
 2.86208329e-003
 1.08770690e-003
 1.68792461e-004
 1.08370038e-003
 7.52598603e-004
 1.57722728e-004
 5.86077533e-004
 5.02002803e-004
 6.01013068e-004
 6.52389652e-004
 5.69074761e-004
 5.96175584e-004
 6.12180376e-004
 5.54377936e-004
 1.48440459e-004
 5.35949143e-004
 4.78669169e-004
 4.58399232e-004
 4.63720842e-004
 4.31880329e-004
 4.39152535e-004
 4.59788979e-004
 4.36601709e-004
 3.95994842e-004
 3.58897982e-004
 3.78961876e-004
 4.26796556e-004
 4.51108646e-004
 4.11391455e-004
 1.08542648e-004
 4.24030978e-004
 4.00116506e-004
 4.36944730e-004
 4.12326998e-004
 3.96278312e-004
 1.35239103e-004
 3.61953336e-004
 3.51556327e-004
 3.54113636e-004
 3.35573717e-004
 3.20514271e-004
 3.35676059e-004
 3.27760240e-004
 3.10609022e-004
 3.26240695e-004
 1.20112853e-004
 3.21888154e-004
 3.45870081e-004
 3.62776832e-004
 3.68231519e-004
 3.88274617e-004
 3.82634683e-004
 3.65227170e-004
 1.30700858e-004
 3.68431668e-004
 3.78636137e-004
 3.68523334e-004
 3.91018876e-004
 4.02410227e-004
 3.68425833e-004
 3.37969042e-004
 3.07542562e-004
 2.98550184e-004
 3.02626309e-004
 3.07751109e-004
 2.91886506e-004
 2.95676456e-004
 3.05629783e-004
 4.00441095e-005
 3.34544696e-004
 3.72643257e-004
 4.07447795e-004
 4.20057095e-004
 3.93739808e-004
 3.75409190e-004
 3.73844522e-004
 3.45153654e-004
 3.41405952e-004
 3.45755420e-004
 3.41795390e-004
 3.51074221e-004
 3.39906318e-004
 3.53389386e-004
 3.83290922e-004
 3.68748260e-004
 1.32462591e-004
 3.72288870e-004
 3.71978052e-004
 3.72873766e-004
 3.74550201e-004
 3.70725315e-004
 3.57210052e-004
 3.91445501e-004
 4.15602519e-004
 3.58046572e-004
 3.10813636e-004
 1.24471197e-004
 3.04272347e-004
 2.86729215e-004
 2.76673003e-004
 2.87868925e-004
 3.03772915e-004
 2.95856950e-004
 2.95323300e-004
 2.88922105e-004
 1.06553948e-004
 2.64770401e-004
 2.61415305e-004
 2.50360586e-004
 2.18373611e-004
 2.06101430e-004
 2.01000218e-004
 2.09444314e-004
 2.04678665e-004
 1.92696383e-004
 1.95874138e-004
 9.95721760e-005
 1.87026125e-004
 1.83509865e-004
 1.73235764e-004
 1.67044042e-004
 1.57626122e-004
 1.52490672e-004
 1.51837425e-004
 1.44814604e-004
 1.39975256e-004
 1.29108147e-004
 1.20550443e-004
 1.19440735e-004
 1.13212839e-004
 1.06638401e-004
 1.04655811e-004
 9.98975618e-005
 9.34942681e-005
 9.24068044e-005
 9.14936871e-005
 8.56654931e-005
 8.23061335e-005
 7.96957019e-005
 7.74224409e-005
 7.68351752e-005
 7.30192979e-005
 6.92657543e-005
 6.62506065e-005
 6.48457964e-005
 6.36279680e-005
 6.04538529e-005
 5.65757705e-005
 5.35689338e-005
 5.09333628e-005
 4.83757878e-005
 4.63509272e-005
 4.44068371e-005
 4.21057388e-005
 4.00517980e-005
 3.94880837e-005
 3.84839561e-005
 3.60504655e-005
 3.42553512e-005
 3.32377217e-005
 3.19494803e-005
 3.06758485e-005
 2.87913349e-005
 2.67709276e-005
 2.48041464e-005
 2.27641709e-005
 2.13575026e-005
 2.10472163e-005
 2.01249003e-005
 1.91011213e-005
 1.87859159e-005
 1.79612438e-005
 1.68334476e-005
 1.57624403e-005
 1.46837842e-005
 1.36311636e-005
 1.31075495e-005
 1.24296014e-005
 1.18736357e-005
 1.19997409e-005
 1.20677815e-005
 1.16266935e-005
 1.14219553e-005
 1.14990381e-005
 1.15527572e-005
 1.16995512e-005
 1.15919504e-005
 1.16259576e-005
 1.16800191e-005
 1.12584543e-005
 1.13272834e-005
 1.15232931e-005
 1.09022544e-005
 1.16504230e-005
 1.17341557e-005
 1.17516179e-005
 1.15165598e-005
 1.11485646e-005
 1.05916298e-005
 1.14236920e-005
 1.13371824e-005
 1.14359829e-005
 1.17338160e-005
 1.20122330e-005
 1.19176597e-005
 1.18779377e-005
 9.53504208e-006
 5.28995212e-006
 3.44883061e-006
 3.25012300e-006
 3.10573589e-006
 3.15225124e-006
 3.16961492e-006
 3.25539727e-006
 2.97372654e-006
 2.54365226e-006
 2.14068093e-006
 1.96320953e-006
 2.12230721e-006
 1.99916548e-006
 1.71015649e-006
 1.46535499e-006
 1.16626897e-006
 7.45417187e-007
 4.73179455e-007
 2.58223641e-005
 2.58225865e-005
 2.58232478e-005
 2.58236691e-005
 2.58249325e-005
 2.58276454e-005
 2.58300400e-005
 2.58331720e-005
 2.58375365e-005
 2.58417507e-005
 2.58499671e-005
 2.58606745e-005
 2.58685406e-005
 2.58823432e-005
 2.58897285e-005
 2.57984810e-005
 2.58980489e-005
 2.59013856e-005
 2.58988650e-005
 2.58876955e-005
 2.58666677e-005
 2.58512898e-005
 2.58429487e-005
 2.58359881e-005
 2.58307114e-005
 2.58277383e-005
 2.58254146e-005
 2.58240254e-005
 2.58232767e-005
 0.00000000e+000
 5.52952675e-007
 1.11422195e-006
 1.57420861e-006
 2.18189081e-006
 2.85327491e-006
 3.18553995e-006
 3.71367567e-006
 4.33284292e-006
 4.70569322e-006
 5.09935055e-006
 5.56726074e-006
 6.28408761e-006
 6.79166177e-006
 6.98400240e-006
 7.16229454e-006
 7.53316233e-006
 7.97984555e-006
 8.55516149e-006
 9.36692340e-006
 9.72261648e-006
 9.78846282e-006
 1.01284200e-005
 1.03830430e-005
 1.07642135e-005
 1.12860039e-005
 1.16207962e-005
 1.18774877e-005
 1.20099648e-005
 1.24999255e-005
 1.27105403e-005
 1.28915403e-005
 1.32723662e-005
 1.35113532e-005
 1.37008361e-005
 1.40769368e-005
 1.44412397e-005
 1.34893563e-005
 1.46379614e-005
 1.42111257e-005
 1.43010846e-005
 1.47569747e-005
 1.49309295e-005
 1.52698999e-005
 1.55454475e-005
 1.44258457e-005
 1.53310249e-005
 1.53042416e-005
 1.52585836e-005
 1.53184352e-005
 1.54120839e-005
 1.54223380e-005
 1.51124495e-005
 1.52790457e-005
 1.51032127e-005
 1.52251318e-005
 1.62296168e-005
 1.49764535e-005
 1.56783354e-005
 1.55800314e-005
 1.56709752e-005
 1.57695615e-005
 1.58222244e-005
 1.57850382e-005
 1.57667831e-005
 1.57082189e-005
 1.55461737e-005
 1.57077025e-005
 1.61425244e-005
 1.49453030e-005
 1.58412531e-005
 1.58075943e-005
 1.62938702e-005
 1.83687284e-005
 1.79667172e-005
 1.63771805e-005
 1.61791273e-005
 1.57212561e-005
 1.61016570e-005
 1.63611098e-005
 1.62190230e-005
 1.56294158e-005
 1.57198487e-005
 1.62558173e-005
 1.61525658e-005
 1.59808897e-005
 1.60927300e-005
 1.64086375e-005
 1.67138378e-005
 1.61914643e-005
 1.60341758e-005
 1.61084378e-005
 1.55956006e-005
 1.56465860e-005
 1.59301801e-005
 1.60741813e-005
 1.63831820e-005
 1.65370103e-005
 1.63585465e-005
 1.59470518e-005
 1.55071328e-005
 1.54431911e-005
 1.54817471e-005
 1.52288948e-005
 1.46277079e-005
 1.41602726e-005
 1.43524337e-005
 1.25266845e-005
 1.40864252e-005
 1.41817618e-005
 1.41966738e-005
 1.39823275e-005
 1.33657629e-005
 1.25257408e-005
 1.32005580e-005
 1.24057529e-005
 1.33510262e-005
 1.29531013e-005
 1.29946739e-005
 1.29657307e-005
 1.27346074e-005
 1.26823343e-005
 1.23828799e-005
 1.22882080e-005
 1.24283642e-005
 1.21690219e-005
 1.14682985e-005
 1.23259767e-005
 1.22878641e-005
 1.23567308e-005
 1.24054880e-005
 1.23823927e-005
 1.21462655e-005
 1.19878208e-005
 1.20927660e-005
 1.19527207e-005
 1.20450126e-005
 1.25644532e-005
 1.22172322e-005
 1.20329733e-005
 1.22519875e-005
 1.21132642e-005
 1.22216617e-005
 1.25854070e-005
 1.27524052e-005
 1.26172047e-005
 1.25060086e-005
 1.21666373e-005
 1.22698658e-005
 1.10853928e-005
 1.21032803e-005
 1.22723973e-005
 1.21914884e-005
 1.18683156e-005
 1.17764173e-005
 1.19822366e-005
 1.16951905e-005
 1.09983842e-005
 1.21125226e-005
 1.25258730e-005
 1.29123304e-005
 1.30851606e-005
 1.30693120e-005
 1.33968005e-005
 1.36951328e-005
 1.33733735e-005
 1.31765816e-005
 1.32350101e-005
 1.34730936e-005
 1.36814914e-005
 1.37398537e-005
 1.40180084e-005
 1.43409794e-005
 1.43876700e-005
 1.44245712e-005
 1.42675453e-005
 1.41851699e-005
 1.42159137e-005
 1.42700903e-005
 1.43842361e-005
 1.48448771e-005
 1.45950602e-005
 1.39103753e-005
 1.40432736e-005
 1.42499177e-005
 1.44444057e-005
 1.46177305e-005
 1.48189607e-005
 1.47372792e-005
 1.42879965e-005
 1.44700908e-005
 1.43330442e-005
 1.41739008e-005
 1.45477728e-005
 1.46731544e-005
 1.45861165e-005
 1.46031365e-005
 1.45514016e-005
 1.49274211e-005
 1.57220185e-005
 1.51426425e-005
 1.45639460e-005
 1.44279254e-005
 1.45279601e-005
 1.47457196e-005
 1.45631367e-005
 1.45857512e-005
 1.43904519e-005
 1.45509797e-005
 1.27230475e-005
 1.41544227e-005
 1.41960247e-005
 1.45738367e-005
 1.44733801e-005
 1.42307522e-005
 1.45709516e-005
 1.41883329e-005
 1.39768249e-005
 1.44294961e-005
 1.45168765e-005
 1.45975848e-005
 1.49599514e-005
 1.53360777e-005
 1.52373616e-005
 1.50261116e-005
 1.51712183e-005
 1.56611486e-005
 1.56296387e-005
 1.58743303e-005
 1.62624724e-005
 1.58228965e-005
 1.59084153e-005
 1.62215044e-005
 1.61118631e-005
 1.61587464e-005
 1.59683825e-005
 1.55405640e-005
 1.58709706e-005
 1.63986939e-005
 1.61781362e-005
 1.62595943e-005
 1.65237992e-005
 1.68762091e-005
 1.71953839e-005
 1.66861463e-005
 1.62514346e-005
 1.64437165e-005
 1.66654949e-005
 1.61945303e-005
 1.49790264e-005
 1.64501551e-005
 1.50981050e-005
 1.65145542e-005
 1.62699251e-005
 1.63356017e-005
 1.68725095e-005
 1.69786069e-005
 1.70669551e-005
 1.68543738e-005
 1.68360402e-005
 1.69289008e-005
 1.68734990e-005
 1.71225636e-005
 1.73353535e-005
 1.76547730e-005
 1.78801670e-005
 1.73533644e-005
 1.69824101e-005
 1.73681663e-005
 1.72026184e-005
 1.69558616e-005
 1.69941378e-005
 1.69063481e-005
 1.65538577e-005
 1.63334423e-005
 1.51021490e-005
 1.62002505e-005
 1.67715181e-005
 1.71192708e-005
 1.67376521e-005
 1.66051278e-005
 1.66590404e-005
 1.66982212e-005
 1.63082236e-005
 1.57583968e-005
 1.59923469e-005
 1.47949498e-005
 1.54949895e-005
 1.42013968e-005
 1.54789514e-005
 1.55731199e-005
 1.56222740e-005
 1.53944425e-005
 1.46802230e-005
 1.43507315e-005
 1.43842087e-005
 1.42760025e-005
 1.44070600e-005
 1.39295625e-005
 1.34090340e-005
 1.33628908e-005
 1.36235347e-005
 1.39144105e-005
 1.38840457e-005
 1.41985626e-005
 1.41028805e-005
 1.41705546e-005
 1.45766861e-005
 1.41572323e-005
 1.45390447e-005
 1.50219429e-005
 1.46011921e-005
 1.50248806e-005
 1.53663350e-005
 1.55062092e-005
 1.56893758e-005
 1.57758538e-005
 1.61771860e-005
 1.67262733e-005
 1.71488306e-005
 1.70667266e-005
 1.72519265e-005
 1.58884828e-005
 1.70542151e-005
 1.71325871e-005
 1.71030563e-005
 1.69490767e-005
 1.70567532e-005
 1.78958509e-005
 1.85448932e-005
 1.82754497e-005
 1.87835668e-005
 1.92547768e-005
 1.75710493e-005
 1.94281740e-005
 1.95691626e-005
 1.96402049e-005
 1.98983395e-005
 2.02980018e-005
 2.00772043e-005
 1.99372657e-005
 1.95183236e-005
 1.96280457e-005
 2.03202829e-005
 2.09490082e-005
 2.16321551e-005
 2.18634928e-005
 2.11787316e-005
 2.08882314e-005
 2.12401686e-005
 2.15719455e-005
 2.25683624e-005
 2.27470433e-005
 2.23685979e-005
 2.25784260e-005
 2.31115230e-005
 2.27635444e-005
 2.23311499e-005
 2.29893807e-005
 2.30971214e-005
 2.32740731e-005
 2.29100549e-005
 2.20892763e-005
 2.26329570e-005
 2.37271080e-005
 2.35295016e-005
 2.30360676e-005
 2.35238141e-005
 2.47065850e-005
 2.50052077e-005
 2.42238298e-005
 2.15022014e-005
 2.45928759e-005
 2.50037429e-005
 2.54215032e-005
 2.51653727e-005
 2.48556184e-005
 2.49611013e-005
 2.51459207e-005
 2.51814024e-005
 2.50144465e-005
 2.52496856e-005
 2.53323824e-005
 2.51513424e-005
 2.50621248e-005
 2.59811553e-005
 2.62111797e-005
 2.57463756e-005
 2.59287316e-005
 2.57116016e-005
 2.60807395e-005
 2.62109610e-005
 2.65225740e-005
 2.71086271e-005
 2.69970044e-005
 2.69326512e-005
 2.67299980e-005
 2.66398431e-005
 2.60935909e-005
 2.64666818e-005
 2.76131361e-005
 2.38618551e-005
 2.75905203e-005
 2.74766463e-005
 2.75269756e-005
 2.73780104e-005
 2.69738098e-005
 2.67710604e-005
 2.69917083e-005
 2.67296951e-005
 2.64247846e-005
 2.62361099e-005
 2.62930445e-005
 2.70008117e-005
 2.37659543e-005
 2.67350655e-005
 2.72880195e-005
 2.80301493e-005
 2.78202578e-005
 2.75969051e-005
 2.79776989e-005
 2.73689665e-005
 2.67114527e-005
 2.69045233e-005
 2.03913031e-005
 2.69417830e-005
 2.70182330e-005
 2.73354816e-005
 2.77412633e-005
 2.74453205e-005
 2.74076058e-005
 2.82050818e-005
 2.78212350e-005
 2.80943221e-005
 2.84321418e-005
 2.79223629e-005
 2.75246934e-005
 2.71732685e-005
 2.78029000e-005
 2.80433033e-005
 2.81761479e-005
 2.82096690e-005
 2.82825016e-005
 2.83056134e-005
 2.78749215e-005
 2.89508387e-005
 3.09579261e-005
 3.16579965e-005
 3.02404399e-005
 2.89428999e-005
 2.95453048e-005
 2.97578424e-005
 2.88424495e-005
 2.87249846e-005
 2.89645524e-005
 2.90656376e-005
 2.54210486e-005
 2.84187283e-005
 2.85180057e-005
 2.88006508e-005
 2.87513900e-005
 2.86550043e-005
 2.89042544e-005
 2.11868895e-005
 2.83967949e-005
 2.87776350e-005
 2.95014737e-005
 2.98362749e-005
 2.92930232e-005
 2.85542360e-005
 2.81671829e-005
 2.47537738e-005
 2.88865509e-005
 2.89869624e-005
 2.85097031e-005
 2.50279003e-005
 2.87191189e-005
 2.81932021e-005
 2.48274027e-005
 2.89960646e-005
 2.86221101e-005
 2.82147878e-005
 2.87067233e-005
 2.92127270e-005
 2.94702597e-005
 2.93960608e-005
 2.89835388e-005
 2.86778263e-005
 2.85585799e-005
 2.79811169e-005
 2.39085814e-005
 2.86738486e-005
 2.52103825e-005
 2.81880278e-005
 2.79070114e-005
 2.80201272e-005
 2.83566580e-005
 2.86594489e-005
 2.87122445e-005
 2.78814296e-005
 2.77083168e-005
 2.75602959e-005
 2.67267899e-005
 2.79801091e-005
 2.87289722e-005
 2.80127384e-005
 2.82537361e-005
 2.79322908e-005
 2.74054683e-005
 2.79400106e-005
 2.46433566e-005
 2.75709607e-005
 2.72451720e-005
 2.68672579e-005
 2.63358711e-005
 2.61230258e-005
 2.59458093e-005
 2.58335678e-005
 2.60223710e-005
 2.62543321e-005
 2.61894649e-005
 2.32361521e-005
 2.62297887e-005
 2.59748659e-005
 2.58974618e-005
 2.53999318e-005
 2.50909360e-005
 2.55503552e-005
 2.57214907e-005
 2.55377270e-005
 2.57442569e-005
 2.55617112e-005
 2.52707054e-005
 2.56421717e-005
 2.53748263e-005
 2.46469933e-005
 2.33437925e-005
 2.17605161e-005
 2.10120011e-005
 2.06098302e-005
 2.01430264e-005
 1.97757567e-005
 1.89700842e-005
 1.83537163e-005
 1.85063846e-005
 1.85676155e-005
 1.87165488e-005
 1.87045457e-005
 1.84653477e-005
 1.83352271e-005
 1.83763304e-005
 1.89849834e-005
 1.70013048e-005
 1.82976213e-005
 1.84182075e-005
 1.84581232e-005
 1.80949464e-005
 1.83620069e-005
 1.87803603e-005
 1.83180410e-005
 1.83901951e-005
 1.91771204e-005
 1.90512612e-005
 1.85154552e-005
 1.90140066e-005
 1.90995507e-005
 1.91282295e-005
 1.98106758e-005
 1.93299043e-005
 1.54442293e-005
 1.95650401e-005
 1.94542965e-005
 1.91395326e-005
 1.89184254e-005
 1.94826189e-005
 1.97071817e-005
 1.90927764e-005
 1.95346292e-005
 1.96664316e-005
 1.94215992e-005
 1.99089902e-005
 1.96477861e-005
 1.94476511e-005
 1.93997786e-005
 1.97887937e-005
 1.98296940e-005
 1.93081560e-005
 1.93871949e-005
 1.93976748e-005
 1.95763245e-005
 2.01062799e-005
 1.99666769e-005
 1.99808375e-005
 1.95479768e-005
 1.78624468e-005
 1.91833998e-005
 1.91329923e-005
 1.96872660e-005
 1.91762061e-005
 1.94350023e-005
 1.97366647e-005
 1.95065128e-005
 1.93480216e-005
 1.93077204e-005
 1.92229910e-005
 1.92772931e-005
 1.93914436e-005
 1.93179481e-005
 1.93839253e-005
 2.00261002e-005
 1.98422399e-005
 1.93155848e-005
 1.90162084e-005
 1.85260196e-005
 1.84447137e-005
 1.86663480e-005
 1.86512471e-005
 1.83879235e-005
 1.51792556e-005
 1.79569449e-005
 1.81212633e-005
 1.80628103e-005
 1.78364268e-005
 1.79693271e-005
 1.82223464e-005
 1.87229314e-005
 1.86869505e-005
 1.92580198e-005
 1.97774456e-005
 1.98732827e-005
 1.99255155e-005
 1.98499377e-005
 1.93082395e-005
 1.90306813e-005
 1.95679731e-005
 1.92853305e-005
 1.90305083e-005
 1.91855875e-005
 1.92060919e-005
 1.93691625e-005
 1.91573528e-005
 1.94204046e-005
 1.92959514e-005
 1.89330026e-005
 1.91708201e-005
 1.89253375e-005
 1.72731096e-005
 1.88208449e-005
 1.86851033e-005
 1.86681914e-005
 1.83179285e-005
 1.89019233e-005
 1.96421881e-005
 1.77681530e-005
 1.99322471e-005
 2.00316623e-005
 1.94335256e-005
 1.77074522e-005
 1.94652843e-005
 1.87433770e-005
 1.89745383e-005
 1.93907699e-005
 1.89870699e-005
 1.88500776e-005
 1.72598116e-005
 1.88780043e-005
 1.90982795e-005
 1.95682966e-005
 1.92232874e-005
 1.89581975e-005
 1.95492846e-005
 1.96964105e-005
 1.96655959e-005
 1.92346740e-005
 1.89726931e-005
 1.73821723e-005
 1.90405725e-005
 1.89503076e-005
 1.87245087e-005
 1.87662066e-005
 1.85430384e-005
 1.86485606e-005
 1.85144534e-005
 1.86060135e-005
 1.84685567e-005
 1.82826742e-005
 1.82627427e-005
 1.81742712e-005
 1.82399427e-005
 1.78983010e-005
 1.80727975e-005
 1.65862755e-005
 1.84991892e-005
 1.89781734e-005
 1.88455688e-005
 1.88702896e-005
 1.90583922e-005
 1.95607733e-005
 1.94836035e-005
 1.95578076e-005
 1.93515208e-005
 1.92342381e-005
 1.95351167e-005
 1.94209870e-005
 2.01667216e-005
 2.02118948e-005
 1.99335280e-005
 1.98167152e-005
 1.95513937e-005
 2.00301651e-005
 2.02908722e-005
 2.09408890e-005
 2.10623600e-005
 2.03044127e-005
 2.03736094e-005
 2.04184904e-005
 2.00739764e-005
 2.00174766e-005
 2.03249857e-005
 2.08621966e-005
 1.89774875e-005
 2.06286458e-005
 2.04809414e-005
 2.06508711e-005
 2.06765046e-005
 2.10644832e-005
 2.14782885e-005
 2.04130085e-005
 2.02005307e-005
 2.09879432e-005
 2.13333049e-005
 2.10935961e-005
 2.08602157e-005
 2.07815013e-005
 2.10885087e-005
 2.14177791e-005
 2.08646033e-005
 2.00903362e-005
 1.97608426e-005
 2.02514585e-005
 2.09369132e-005
 2.12689384e-005
 1.92610800e-005
 2.12567432e-005
 2.09273718e-005
 2.04737039e-005
 2.05492615e-005
 2.08273088e-005
 2.14533326e-005
 2.16543010e-005
 2.13624408e-005
 2.20270684e-005
 2.22585509e-005
 2.18436942e-005
 2.17164958e-005
 2.12224325e-005
 2.12812036e-005
 2.16735658e-005
 2.18921273e-005
 2.19160926e-005
 2.13230191e-005
 1.92923051e-005
 2.13454501e-005
 2.13783532e-005
 2.16045848e-005
 2.14629152e-005
 2.12579181e-005
 2.11738500e-005
 2.13653281e-005
 2.18006216e-005
 2.19504345e-005
 2.21742769e-005
 2.17901267e-005
 2.16427839e-005
 2.19203385e-005
 2.18218396e-005
 2.20406820e-005
 2.22706570e-005
 2.20458380e-005
 2.19467616e-005
 2.19825725e-005
 2.18143385e-005
 2.19950093e-005
 1.97386312e-005
 2.17529566e-005
 2.19741410e-005
 2.22955488e-005
 2.26086549e-005
 2.27844719e-005
 2.27027644e-005
 2.26139345e-005
 2.27368029e-005
 2.32032143e-005
 2.28666566e-005
 2.05992313e-005
 2.34179777e-005
 2.36586463e-005
 2.32316046e-005
 2.08556540e-005
 2.36263073e-005
 2.35380014e-005
 2.35501666e-005
 2.28292833e-005
 2.26276778e-005
 2.26893661e-005
 2.27248685e-005
 2.37628689e-005
 2.41126183e-005
 2.36951845e-005
 2.36296793e-005
 2.39398893e-005
 2.44954609e-005
 2.40004869e-005
 2.40588189e-005
 2.47126615e-005
 2.41818956e-005
 2.38298536e-005
 2.37770252e-005
 2.37394676e-005
 2.39716872e-005
 1.86157689e-005
 2.40625265e-005
 2.43993626e-005
 2.43720325e-005
 2.44136527e-005
 2.42540788e-005
 2.43259988e-005
 2.42762465e-005
 2.43630890e-005
 2.40680312e-005
 2.37356251e-005
 2.36197460e-005
 2.34025183e-005
 2.41060315e-005
 2.46714896e-005
 2.45747193e-005
 2.49049274e-005
 2.48023943e-005
 2.44289279e-005
 2.46622119e-005
 2.44968682e-005
 2.45558638e-005
 2.46725228e-005
 2.42593477e-005
 2.43214169e-005
 2.43460047e-005
 2.46116554e-005
 2.48821110e-005
 2.41101175e-005
 2.36381355e-005
 2.33721777e-005
 2.29579824e-005
 2.27984298e-005
 2.29430835e-005
 2.33436126e-005
 2.31563370e-005
 2.30571188e-005
 2.35948580e-005
 2.39897616e-005
 2.36858296e-005
 2.32713193e-005
 2.34933453e-005
 2.34013875e-005
 2.34317829e-005
 2.38005665e-005
 2.44124710e-005
 2.43316039e-005
 2.36916040e-005
 2.09204503e-005
 2.35214604e-005
 2.34113018e-005
 2.35558407e-005
 2.42472782e-005
 2.44650423e-005
 2.36696191e-005
 2.39617896e-005
 2.41715687e-005
 2.38247335e-005
 2.12959153e-005
 2.43300611e-005
 2.46721927e-005
 2.46212385e-005
 2.50786912e-005
 2.54027964e-005
 2.49445765e-005
 2.21183116e-005
 2.48360702e-005
 2.42827119e-005
 2.51812948e-005
 2.53757765e-005
 2.47812877e-005
 2.50691007e-005
 2.55363856e-005
 2.49355685e-005
 2.43197200e-005
 2.48805567e-005
 2.46586032e-005
 2.50222000e-005
 1.88142215e-005
 2.40473364e-005
 2.14519135e-005
 2.44956865e-005
 2.18233418e-005
 2.44372491e-005
 2.43730745e-005
 2.47459665e-005
 2.51171408e-005
 2.46968070e-005
 2.19924381e-005
 2.46687215e-005
 2.48632423e-005
 2.48161128e-005
 2.45438230e-005
 2.46669942e-005
 2.49990956e-005
 2.41104275e-005
 2.37227771e-005
 2.40479273e-005
 2.32370365e-005
 2.30406256e-005
 2.07347718e-005
 2.29871175e-005
 2.34181945e-005
 2.05953676e-005
 2.29320763e-005
 2.29952377e-005
 2.36568525e-005
 2.41389731e-005
 2.39406759e-005
 2.36907472e-005
 2.35573536e-005
 2.34376877e-005
 2.29063658e-005
 2.26530244e-005
 2.32420255e-005
 2.39077292e-005
 2.34907251e-005
 2.26285997e-005
 2.01281952e-005
 2.30942316e-005
 2.35113446e-005
 2.39354424e-005
 2.12520672e-005
 2.37127591e-005
 2.38589908e-005
 2.36456730e-005
 2.35887400e-005
 2.41156659e-005
 2.37084091e-005
 2.31406649e-005
 2.35947845e-005
 2.38775432e-005
 2.39128851e-005
 2.40714447e-005
 2.39542509e-005
 2.34825441e-005
 2.31794325e-005
 2.32296278e-005
 2.36886081e-005
 2.37675229e-005
 2.37514680e-005
 2.37699503e-005
 2.39044734e-005
 2.36991214e-005
 2.35794508e-005
 2.39666959e-005
 2.38058027e-005
 2.39130625e-005
 2.44126639e-005
 2.18612999e-005
 2.42997548e-005
 2.44178649e-005
 2.43494219e-005
 2.43670615e-005
 2.40320082e-005
 2.41068739e-005
 2.49270869e-005
 2.50317433e-005
 2.46319546e-005
 2.43372655e-005
 2.42596967e-005
 2.41722233e-005
 2.38652730e-005
 2.35398745e-005
 2.40385513e-005
 2.42357377e-005
 2.35980211e-005
 2.30667530e-005
 2.29148606e-005
 2.35723189e-005
 2.29451340e-005
 2.26616677e-005
 2.37715222e-005
 2.30751375e-005
 2.28244907e-005
 2.32162688e-005
 2.34238063e-005
 2.30874794e-005
 2.21937707e-005
 1.66347682e-005
 2.27615082e-005
 2.26814922e-005
 2.20844828e-005
 2.24086307e-005
 2.22082819e-005
 2.20961379e-005
 2.24596115e-005
 2.25095749e-005
 2.25793969e-005
 2.25240154e-005
 2.23808530e-005
 2.23349293e-005
 2.21376708e-005
 2.24048208e-005
 2.27409226e-005
 2.22385903e-005
 2.18687458e-005
 2.20653552e-005
 2.23419322e-005
 2.24066443e-005
 2.22879794e-005
 2.17169181e-005
 2.15208051e-005
 2.21729261e-005
 2.23014359e-005
 2.24309439e-005
 2.29166309e-005
 2.27669496e-005
 2.26439368e-005
 2.26981140e-005
 2.29044381e-005
 2.31602946e-005
 2.33182750e-005
 2.29920605e-005
 2.25849322e-005
 2.28349274e-005
 2.32602719e-005
 2.27342007e-005
 2.22097272e-005
 2.25823400e-005
 2.30769462e-005
 2.30177573e-005
 2.24705436e-005
 2.28003342e-005
 2.30949725e-005
 2.31576032e-005
 2.29184140e-005
 2.29686453e-005
 2.31212373e-005
 2.29870544e-005
 2.27124827e-005
 2.24531141e-005
 2.30286483e-005
 2.34143916e-005
 2.33483232e-005
 2.29577999e-005
 2.30813127e-005
 2.34186044e-005
 2.27389594e-005
 2.24408242e-005
 2.27662081e-005
 2.25794754e-005
 2.23348691e-005
 2.25233801e-005
 2.24684890e-005
 2.18772622e-005
 1.98125971e-005
 2.22910642e-005
 2.26086840e-005
 2.19847114e-005
 2.15130185e-005
 2.15684039e-005
 2.15476033e-005
 2.17845656e-005
 2.21072734e-005
 2.23547858e-005
 2.20253968e-005
 2.16552108e-005
 2.13991315e-005
 2.09831457e-005
 2.03312440e-005
 2.05646214e-005
 2.09100635e-005
 2.07492976e-005
 2.05080947e-005
 2.00856980e-005
 1.96300354e-005
 1.95406394e-005
 1.93075895e-005
 1.89907580e-005
 1.94053044e-005
 1.98527745e-005
 1.96476107e-005
 1.97966521e-005
 1.99553771e-005
 1.96146444e-005
 1.93225379e-005
 1.88827696e-005
 1.91306703e-005
 1.90044147e-005
 1.86818969e-005
 1.91849505e-005
 1.90585448e-005
 1.89253763e-005
 1.85081413e-005
 1.81159607e-005
 1.84568710e-005
 1.85116077e-005
 1.81400588e-005
 1.75989563e-005
 1.76340178e-005
 1.77605518e-005
 1.77196353e-005
 1.80174527e-005
 1.79488397e-005
 1.76424476e-005
 1.62240033e-005
 1.71439306e-005
 1.69526820e-005
 1.68315953e-005
 1.66662338e-005
 1.67982746e-005
 1.70369585e-005
 1.69290961e-005
 1.66954218e-005
 1.65600065e-005
 1.60845878e-005
 1.59405803e-005
 1.60520305e-005
 1.59339435e-005
 1.59441153e-005
 1.61335314e-005
 1.55529699e-005
 1.52052294e-005
 1.49316101e-005
 1.44713690e-005
 1.50988145e-005
 1.47698917e-005
 1.38549850e-005
 1.42267095e-005
 1.50213574e-005
 1.39106451e-005
 1.43283182e-005
 1.42796821e-005
 1.41879364e-005
 1.37515269e-005
 1.36023833e-005
 1.34846122e-005
 1.35415167e-005
 1.35800680e-005
 1.27930077e-005
 1.26668978e-005
 1.27236303e-005
 1.23599276e-005
 1.16565621e-005
 1.22906087e-005
 1.22270779e-005
 1.19953897e-005
 1.18581708e-005
 1.18875621e-005
 1.12898603e-005
 1.06810076e-005
 1.15183400e-005
 1.08657610e-005
 1.04840322e-005
 1.03404758e-005
 1.00845102e-005
 9.80190183e-006
 9.52641623e-006
 9.34889165e-006
 9.40605501e-006
 9.06893916e-006
 8.66341849e-006
 8.48351100e-006
 8.49344007e-006
 8.51945544e-006
 7.90538300e-006
 7.47945295e-006
 7.17368811e-006
 6.93021927e-006
 6.75659158e-006
 6.59747077e-006
 6.68719821e-006
 6.19595230e-006
 5.74473097e-006
 5.90023021e-006
 5.72981728e-006
 5.83713528e-006
 5.92032394e-006
 5.52234757e-006
 5.20212437e-006
 5.07772166e-006
 5.08545086e-006
 5.22400120e-006
 5.07459914e-006
 4.91904782e-006
 4.60916925e-006
 4.23056400e-006
 4.09524443e-006
 4.07208626e-006
 3.96296045e-006
 3.89166889e-006
 3.70558307e-006
 3.59000483e-006
 3.69567024e-006
 3.64412875e-006
 3.27172728e-006
 3.39484080e-006
 3.77690591e-006
 3.72932757e-006
 3.78971988e-006
 3.72653492e-006
 3.51547421e-006
 3.60100800e-006
 3.66079687e-006
 3.73629168e-006
 3.75316326e-006
 3.76159654e-006
 3.88305793e-006
 3.91296343e-006
 3.62614772e-006
 3.16444277e-006
 3.26616091e-006
 3.18970115e-006
 3.25136902e-006
 3.09909872e-006
 2.66430823e-006
 2.63358552e-006
 2.56124785e-006
 2.55490677e-006
 2.34954230e-006
 2.12604408e-006
 1.98356878e-006
 1.78754108e-006
 1.48935452e-006
 1.40389644e-006
 1.23406476e-006
 7.58172536e-007
 6.52395200e-007
 6.66068588e-007
 0.00000000e+000
 2.58225159e-005
 2.58227343e-005
 2.58228507e-005
 2.58230474e-005
 2.58230630e-005
 2.58230985e-005
 2.58230832e-005
 2.58229731e-005
 0.00000000e+000
 0.00000000e+000
 0.00000000e+000
 0.00000000e+000
 0.00000000e+000
 0.00000000e+000
 0.00000000e+000
 0.00000000e+000
 4.85552448e-007
 5.89482193e-007
 7.42185162e-007
 6.74503976e-007
 6.93490203e-007
 8.23193013e-007
 9.49220537e-007
 1.17839459e-006
 1.35294387e-006
 1.42317184e-006
 1.49844643e-006
 1.44025203e-006
 1.38689214e-006
 1.73811164e-006
 1.87256809e-006
 1.86073835e-006
 2.20396964e-006
 2.46667969e-006
 2.42670146e-006
 2.31606703e-006
 2.31357146e-006
 2.45918977e-006
 2.52962527e-006
 2.48810736e-006
 2.42296089e-006
 2.72041523e-006
 2.96043086e-006
 2.87562487e-006
 3.12021770e-006
 3.34044573e-006
 3.73475165e-006
 4.07912648e-006
 3.95581788e-006
 4.14579288e-006
 4.30215456e-006
 4.47394465e-006
 4.59688510e-006
 4.55935904e-006
 4.86017953e-006
 4.97312469e-006
 5.00582016e-006
 4.88968412e-006
 5.17806538e-006
 5.89818020e-006
 6.03274626e-006
 6.02268934e-006
 6.45191893e-006
 6.60603038e-006
 6.34159954e-006
 6.23156777e-006
 6.31377654e-006
 6.41396989e-006
 6.71714993e-006
 6.88853685e-006
 6.76187690e-006
 7.00926914e-006
 7.18612062e-006
 7.14049629e-006
 7.21006102e-006
 7.39862180e-006
 7.41011007e-006
 7.40805678e-006
 7.59360230e-006
 8.12983554e-006
 8.33338521e-006
 8.02520675e-006
 8.16746252e-006
 8.52314973e-006
 8.19831389e-006
 8.53353069e-006
 8.96829518e-006
 9.16260367e-006
 9.00833774e-006
 8.97507149e-006
 9.22562592e-006
 9.62054464e-006
 9.68171405e-006
 9.86933782e-006
 9.75577637e-006
 9.61250502e-006
 9.81445329e-006
 9.89809598e-006
 1.01040273e-005
 1.00685490e-005
 9.97551776e-006
 1.03036558e-005
 1.03923821e-005
 1.02906157e-005
 1.04946933e-005
 1.03471891e-005
 1.05244656e-005
 1.11140182e-005
 1.12101165e-005
 1.11694901e-005
 1.11148777e-005
 1.10698143e-005
 1.13464098e-005
 1.16330898e-005
 1.09888385e-005
 1.17735186e-005
 1.20072673e-005
 1.18283554e-005
 1.16631408e-005
 1.17020188e-005
 1.19322680e-005
 1.20953077e-005
 1.17297726e-005
 1.16337017e-005
 1.19471044e-005
 1.17344607e-005
 1.14607645e-005
 1.14778128e-005
 1.13951298e-005
 1.11270217e-005
 1.09121026e-005
 1.13053476e-005
 1.19965948e-005
 1.20457973e-005
 1.18507370e-005
 1.17147403e-005
 1.17438995e-005
 1.19099262e-005
 1.16582941e-005
 1.17093682e-005
 1.17588525e-005
 1.14583470e-005
 1.13253626e-005
 1.14383763e-005
 1.14653197e-005
 1.15794821e-005
 1.18674707e-005
 1.16337299e-005
 1.13857237e-005
 1.12724975e-005
 1.10203957e-005
 1.10695331e-005
 1.13825376e-005
 1.17067076e-005
 1.15675391e-005
 1.14121780e-005
 1.15403845e-005
 1.13446166e-005
 1.11008797e-005
 1.00201827e-005
 1.09214117e-005
 1.08347319e-005
 1.11072971e-005
 1.13489045e-005
 1.13274792e-005
 1.11079502e-005
 1.08186193e-005
 1.06606467e-005
 1.09184884e-005
 1.10956067e-005
 1.12409875e-005
 1.14069127e-005
 1.10961848e-005
 1.06356041e-005
 1.06764381e-005
 1.07437029e-005
 1.05776655e-005
 1.04449294e-005
 1.02681836e-005
 1.02773152e-005
 1.02837619e-005
 1.02387328e-005
 1.04535895e-005
 1.02951886e-005
 1.02051139e-005
 1.02183124e-005
 1.00821295e-005
 9.89177584e-006
 9.68191897e-006
 9.42780494e-006
 9.26620819e-006
 9.48932868e-006
 9.71186294e-006
 9.92436433e-006
 9.86077341e-006
 9.77543648e-006
 9.28980590e-006
 8.48869584e-006
 9.60117304e-006
 9.26635729e-006
 9.23880310e-006
 9.33793921e-006
 9.28718996e-006
 9.22176510e-006
 9.10005614e-006
 9.04573833e-006
 9.10193722e-006
 8.88216226e-006
 8.68151027e-006
 8.42748026e-006
 8.24461657e-006
 8.35529889e-006
 8.36943182e-006
 8.09147247e-006
 7.85305954e-006
 7.82990010e-006
 7.45507586e-006
 7.29319512e-006
 7.27835641e-006
 7.01693239e-006
 6.71053618e-006
 6.73861511e-006
 6.63438245e-006
 6.25572269e-006
 6.23673192e-006
 6.22978454e-006
 5.96911221e-006
 5.79576579e-006
 5.91862358e-006
 5.81227721e-006
 5.65743705e-006
 5.77076032e-006
 5.63614463e-006
 5.55461185e-006
 5.67692166e-006
 5.71970262e-006
 5.70820497e-006
 5.41734604e-006
 5.12801353e-006
 5.48464045e-006
 5.85512292e-006
 5.71651549e-006
 5.58880981e-006
 5.36915889e-006
 5.13898654e-006
 5.07299353e-006
 5.19079805e-006
 5.19723300e-006
 5.12003092e-006
 5.28589750e-006
 5.32104797e-006
 5.17516964e-006
 5.16407903e-006
 5.36569405e-006
 5.33702977e-006
 5.09815292e-006
 5.01055887e-006
 5.27152498e-006
 5.19880651e-006
 5.01839695e-006
 5.26041342e-006
 5.23517271e-006
 5.14047909e-006
 4.96862627e-006
 4.70603560e-006
 4.59485091e-006
 4.99477295e-006
 4.86811210e-006
 4.91738072e-006
 5.31124525e-006
 9.37573585e-006
 9.10865327e-006
 5.02045239e-006
 5.28422369e-006
 5.15151555e-006
 5.03395435e-006
 5.09953972e-006
 5.09643872e-006
 5.43464988e-006
 5.30056201e-006
 5.32432261e-006
 5.43961929e-006
 5.30200604e-006
 5.40905932e-006
 5.57884515e-006
 5.26869191e-006
 5.36095151e-006
 5.88331258e-006
 5.97559920e-006
 5.96723240e-006
 6.02772386e-006
 6.28442752e-006
 6.64108194e-006
 6.79907789e-006
 6.92632149e-006
 6.83140261e-006
 6.80279830e-006
 7.01292440e-006
 7.54054251e-006
 7.64666733e-006
 7.77795024e-006
 8.34889722e-006
 8.73592825e-006
 8.97267448e-006
 8.94590778e-006
 8.98944473e-006
 9.27838666e-006
 9.53657775e-006
 9.64254996e-006
 9.87368606e-006
 1.01040107e-005
 1.03286792e-005
 1.05107716e-005
 1.05568368e-005
 1.05201405e-005
 1.09817207e-005
 1.12719478e-005
 1.13371984e-005
 1.18894626e-005
 1.19627301e-005
 1.19350285e-005
 1.22925253e-005
 1.30681474e-005
 1.33779780e-005
 1.27377973e-005
 1.28151286e-005
 1.32883783e-005
 1.37777695e-005
 1.42012938e-005
 1.39263698e-005
 1.36354721e-005
 1.35228865e-005
 1.39085998e-005
 1.44008112e-005
 3.80844095e-005
 3.36064497e-005
 1.59692892e-005
 1.44991068e-005
 1.60330852e-005
 1.62407376e-005
 1.64408236e-005
 1.68304770e-005
 1.73613781e-005
 1.74766952e-005
 1.75875218e-005
 1.83296074e-005
 1.84688462e-005
 1.86630016e-005
 1.92690005e-005
 1.75010768e-005
 1.97361617e-005
 1.99742945e-005
 1.97562658e-005
 1.99284861e-005
 2.00050536e-005
 2.03673064e-005
 2.11075180e-005
 2.18452494e-005
 2.17482148e-005
 2.18052079e-005
 2.21071950e-005
 1.99863632e-005
 2.22539519e-005
 2.25956362e-005
 2.33470715e-005
 2.07426498e-005
 2.31308567e-005
 2.42823545e-005
 2.49937353e-005
 2.52697720e-005
 2.57053767e-005
 2.56136984e-005
 2.55478418e-005
 2.53085264e-005
 2.53924985e-005
 2.56911371e-005
 2.62680130e-005
 1.90148873e-005
 2.63140211e-005
 2.69754802e-005
 2.74700026e-005
 2.79885885e-005
 2.81291827e-005
 2.85502932e-005
 2.93060304e-005
 2.98351854e-005
 2.88916128e-005
 2.50431061e-005
 3.04039329e-005
 3.08825645e-005
 3.08053279e-005
 3.05959931e-005
 2.63529191e-005
 3.09105460e-005
 3.13026136e-005
 3.14901772e-005
 3.15515368e-005
 3.22801825e-005
 3.29825794e-005
 3.24637303e-005
 2.71990118e-005
 3.26307796e-005
 3.25857452e-005
 3.26177993e-005
 3.24632286e-005
 3.29695718e-005
 3.40787553e-005
 2.76359098e-005
 3.36077485e-005
 3.40209097e-005
 3.44991395e-005
 3.46366518e-005
 3.46446900e-005
 3.48957215e-005
 3.49611137e-005
 3.54888964e-005
 3.58309363e-005
 3.61390643e-005
 3.68996969e-005
 3.61552475e-005
 3.62564517e-005
 3.62213929e-005
 3.59158720e-005
 3.67330147e-005
 3.64001309e-005
 3.59660225e-005
 3.63840638e-005
 3.66441664e-005
 3.71400921e-005
 3.75440370e-005
 3.83551457e-005
 3.96099442e-005
 3.31290640e-005
 3.86959604e-005
 3.90031163e-005
 3.99585082e-005
 3.83713803e-005
 3.81585776e-005
 3.86135600e-005
 3.77321320e-005
 3.82332383e-005
 3.97187420e-005
 4.09015109e-005
 4.02023378e-005
 4.05513735e-005
 4.15695162e-005
 4.14192881e-005
 4.11942139e-005
 4.14214677e-005
 3.44729588e-005
 4.15483190e-005
 4.20165842e-005
 4.21121477e-005
 4.11796716e-005
 4.20382341e-005
 4.30787392e-005
 4.06542260e-005
 4.09904965e-005
 4.27361967e-005
 4.23654782e-005
 4.20384169e-005
 4.23037714e-005
 4.27001928e-005
 4.29530718e-005
 4.34573539e-005
 4.29955815e-005
 4.32354667e-005
 4.46984469e-005
 4.45060785e-005
 4.49036573e-005
 4.73536583e-005
 4.70746366e-005
 4.53026068e-005
 4.56004754e-005
 4.62888063e-005
 4.64357908e-005
 4.59606621e-005
 4.62010662e-005
 4.61161248e-005
 4.64898964e-005
 4.65870854e-005
 4.64530903e-005
 4.81212312e-005
 4.83996554e-005
 4.85163865e-005
 4.76457368e-005
 4.53333587e-005
 4.47883766e-005
 4.58583680e-005
 4.62567419e-005
 4.61070081e-005
 4.62409923e-005
 4.41175003e-005
 4.28041553e-005
 4.39840156e-005
 4.49318641e-005
 4.44407457e-005
 4.37374094e-005
 4.49089698e-005
 4.62105036e-005
 4.68402410e-005
 4.71336534e-005
 4.69246354e-005
 4.71081545e-005
 4.78866265e-005
 4.87038415e-005
 4.89183623e-005
 4.88339008e-005
 4.82736157e-005
 4.78152368e-005
 4.80952186e-005
 4.81645768e-005
 4.76342346e-005
 3.74040979e-005
 4.88525435e-005
 4.95302089e-005
 5.00849005e-005
 5.10327007e-005
 5.16804537e-005
 5.11444748e-005
 5.07396763e-005
 5.22584806e-005
 5.30356572e-005
 5.35968042e-005
 5.37779726e-005
 5.27105434e-005
 5.15564959e-005
 5.38365336e-005
 5.71228285e-005
 5.91436586e-005
 6.10701177e-005
 6.18069692e-005
 6.03593318e-005
 6.09423749e-005
 6.31963115e-005
 6.36440882e-005
 6.55410465e-005
 6.45130816e-005
 6.59981562e-005
 6.86508322e-005
 6.76014231e-005
 6.63774105e-005
 6.54882297e-005
 6.88204470e-005
 7.11585805e-005
 7.06472593e-005
 6.91994144e-005
 7.07064565e-005
 7.34952553e-005
 7.27597540e-005
 7.25222787e-005
 7.42757390e-005
 7.57056033e-005
 7.46330705e-005
 7.90130980e-005
 8.38281959e-005
 8.18470629e-005
 5.75766556e-005
 8.53290967e-005
 8.35937486e-005
 8.12032370e-005
 8.20156206e-005
 8.05073979e-005
 8.17665100e-005
 8.74052801e-005
 8.58245061e-005
 8.70336747e-005
 6.12842885e-005
 8.64404438e-005
 9.18264499e-005
 9.31333096e-005
 9.33981069e-005
 9.08008246e-005
 8.97704918e-005
 9.52640251e-005
 6.47704055e-005
 9.40667810e-005
 9.62163664e-005
 9.75808239e-005
 1.00267107e-004
 1.05110480e-004
 1.03372824e-004
 1.00656366e-004
 1.06327357e-004
 1.09209582e-004
 1.08273748e-004
 1.11521238e-004
 1.14722063e-004
 1.15880053e-004
 1.14997353e-004
 1.16276791e-004
 1.17088015e-004
 1.14013912e-004
 1.15610767e-004
 1.18851288e-004
 1.16691153e-004
 1.15229643e-004
 1.14528311e-004
 1.11081709e-004
 1.12703224e-004
 6.63057387e-005
 1.09812049e-004
 1.12124409e-004
 1.17099489e-004
 1.19640817e-004
 7.56282071e-005
 1.18362685e-004
 1.17529634e-004
 1.16107242e-004
 1.14548326e-004
 1.16665171e-004
 1.19017789e-004
 1.21719156e-004
 1.20022601e-004
 1.22312013e-004
 1.32794600e-004
 1.24616124e-004
 1.20836317e-004
 1.31707599e-004
 1.36078570e-004
 1.33639121e-004
 1.35294589e-004
 1.40244485e-004
 1.41308726e-004
 1.40214736e-004
 1.38425906e-004
 1.34747758e-004
 1.41086417e-004
 1.49400052e-004
 6.67542730e-005
 1.48119423e-004
 1.46666741e-004
 1.52647044e-004
 1.51320003e-004
 1.40335089e-004
 1.42633896e-004
 1.51077858e-004
 8.66705022e-005
 1.49147059e-004
 7.70548836e-005
 1.48760332e-004
 1.50742370e-004
 1.65333866e-004
 9.10792371e-005
 1.63401350e-004
 1.70749917e-004
 1.76664763e-004
 1.70730979e-004
 9.32963556e-005
 1.82515830e-004
 1.80571407e-004
 1.82741551e-004
 1.84855642e-004
 1.75312925e-004
 1.69492333e-004
 1.61922821e-004
 1.57499953e-004
 1.59169859e-004
 1.52380368e-004
 1.54157386e-004
 1.57269214e-004
 8.90130372e-005
 1.51818573e-004
 1.50749374e-004
 1.66152521e-004
 1.63385795e-004
 1.64446721e-004
 1.60550947e-004
 1.55249156e-004
 1.63521431e-004
 1.70565485e-004
 7.44924515e-005
 1.60986268e-004
 1.65631403e-004
 1.74942676e-004
 1.79145024e-004
 1.86724248e-004
 9.59921423e-005
 1.82025650e-004
 1.79544647e-004
 1.88793521e-004
 1.87309474e-004
 1.88207747e-004
 2.00281447e-004
 1.95733258e-004
 1.90916676e-004
 9.68982960e-005
 1.85416970e-004
 1.81477715e-004
 1.79477752e-004
 1.79883406e-004
 1.78469593e-004
 1.81465128e-004
 1.82928926e-004
 1.86831350e-004
 1.93687294e-004
 1.89708807e-004
 1.83827906e-004
 1.85148207e-004
 1.89071900e-004
 1.90298101e-004
 1.85629895e-004
 1.85249978e-004
 1.87451234e-004
 1.84945925e-004
 1.84198208e-004
 1.80967348e-004
 1.79552805e-004
 1.85437548e-004
 1.89241606e-004
 1.87834913e-004
 1.88289368e-004
 1.81811520e-004
 1.85870423e-004
 1.92355387e-004
 1.91026317e-004
 1.94591295e-004
 1.91038725e-004
 1.92013437e-004
 9.89705334e-005
 1.94959932e-004
 2.07107950e-004
 1.03721758e-004
 2.03079981e-004
 1.98676470e-004
 2.02559415e-004
 2.09115402e-004
 2.16076403e-004
 2.26870723e-004
 2.32408498e-004
 2.29205237e-004
 2.40960669e-004
 2.60452753e-004
 2.54369462e-004
 2.65616162e-004
 2.81866189e-004
 3.65378220e-005
 2.77970205e-004
 2.71983054e-004
 2.98643822e-004
 1.11215746e-004
 2.87087558e-004
 2.90263225e-004
 2.61764923e-004
 1.13574655e-004
 2.88167089e-004
 2.97301760e-004
 2.89104132e-004
 2.86313798e-004
 3.04133464e-004
 2.93422621e-004
 2.80269264e-004
 2.62469049e-004
 2.44669237e-004
 2.48266499e-004
 2.52747481e-004
 2.61439609e-004
 2.47295824e-004
 2.38800409e-004
 2.54780935e-004
 2.50412222e-004
 2.46988972e-004
 2.42499427e-004
 2.52966111e-004
 2.68401253e-004
 2.65125917e-004
 2.74905768e-004
 2.58480047e-004
 2.39566950e-004
 1.11350049e-004
 2.57625771e-004
 2.85992327e-004
 1.19270162e-004
 2.57808563e-004
 2.64502042e-004
 2.81482291e-004
 3.11792372e-004
 3.35607424e-004
 3.19287234e-004
 3.09937498e-004
 3.04569586e-004
 3.18042624e-004
 3.33173941e-004
 3.16716503e-004
 2.99381219e-004
 3.04566288e-004
 3.25563534e-004
 3.63767998e-004
 1.15689004e-004
 3.29623003e-004
 1.04424146e-004
 3.29985195e-004
 3.40284380e-004
 3.68082814e-004
 4.07546500e-004
 4.55665187e-004
 4.13898954e-004
 3.82253685e-004
 1.34334064e-004
 3.63340123e-004
 3.87923163e-004
 4.01399384e-004
 4.28498717e-004
 4.69132931e-004
 1.26505952e-004
 4.72550359e-004
 4.72300890e-004
 5.48586587e-004
 5.33522285e-004
 4.88728902e-004
 4.74039051e-004
 4.63952447e-004
 4.56162921e-004
 4.04669707e-004
 3.95911325e-004
 4.26051021e-004
 4.65898364e-004
 4.44191017e-004
 4.82755183e-004
 1.41839119e-004
 4.57501857e-004
 5.61690209e-004
 1.49293915e-004
 4.83542475e-004
 4.96866344e-004
 4.79914803e-004
 4.91457615e-004
 5.28868265e-004
 1.38263401e-004
 5.22496865e-004
 4.61957864e-004
 4.51617709e-004
 4.63927768e-004
 4.18498822e-004
 3.77520469e-004
 3.88290297e-004
 3.77241557e-004
 3.60888092e-004
 3.71677391e-004
 3.57496064e-004
 3.50840920e-004
 3.62811306e-004
 3.43051099e-004
 3.13519149e-004
 3.32438796e-004
 3.46417611e-004
 3.41412517e-004
 3.27722365e-004
 3.01247804e-004
 2.91539657e-004
 2.77693287e-004
 2.69082155e-004
 2.80252633e-004
 2.69551281e-004
 2.59436756e-004
 2.68108404e-004
 2.45229735e-004
 2.36474014e-004
 2.53811897e-004
 2.32545296e-004
 2.27826496e-004
 2.37419144e-004
 2.13373436e-004
 2.07277457e-004
 2.30228437e-004
 2.62307394e-004
 2.81831125e-004
 2.78564030e-004
 2.80626623e-004
 2.88106059e-004
 2.77638081e-004
 2.65473278e-004
 2.62737666e-004
 2.62452965e-004
 2.59966849e-004
 2.53379646e-004
 2.43423062e-004
 2.40493618e-004
 2.55376891e-004
 2.59052777e-004
 2.40080461e-004
 1.02990502e-004
 2.58283864e-004
 2.63944995e-004
 2.69730212e-004
 2.80923014e-004
 1.03848488e-004
 2.75307445e-004
 2.95314085e-004
 3.12886277e-004
 2.94111891e-004
 2.98502032e-004
 2.86526135e-004
 2.77229984e-004
 2.85020378e-004
 2.83016121e-004
 3.02626869e-004
 3.46442789e-004
 1.28008638e-004
 3.49818333e-004
 3.80376493e-004
 3.69920070e-004
 1.22901266e-004
 4.04497152e-004
 4.24273679e-004
 4.13425690e-004
 4.33260628e-004
 4.77462872e-004
 5.02524849e-004
 4.75714333e-004
 5.18012819e-004
 6.19880561e-004
 1.41377862e-004
 6.46293888e-004
 7.72395837e-004
 8.54123152e-004
 9.24950279e-004
 1.03551154e-003
 9.80264060e-004
 1.68300502e-004
 9.64239271e-004
 9.66674604e-004
 1.13438174e-003
 1.09543949e-003
 1.18393309e-003
 1.44452704e-003
 1.66023906e-003
 1.49316813e-003
 1.13535913e-003
 9.22214604e-004
 9.66242091e-004
 1.01253954e-003
 9.83229429e-004
 9.86566651e-004
 1.05159205e-003
 1.12362095e-003
 1.29857644e-003
 1.50933758e-003
 9.59932162e-004
 7.03450859e-004
 8.48000673e-004
 1.12948575e-003
 7.78050271e-004
 6.64000712e-004
 7.90843553e-004
 7.07727619e-004
 5.65521596e-004
 6.13935580e-004
 6.33162106e-004
 6.15077223e-004
 7.22603337e-004
 6.98501970e-004
 7.75688954e-004
 8.85702407e-004
 8.01807397e-004
 8.47251052e-004
 8.22119330e-004
 7.78679222e-004
 6.74774643e-004
 6.34894270e-004
 6.39442159e-004
 5.23291103e-004
 4.58865141e-004
 1.42336004e-004
 4.53909102e-004
 4.17570473e-004
 3.92729026e-004
 4.28672396e-004
 5.11922950e-004
 5.55277733e-004
 5.27356413e-004
 5.04557613e-004
 5.87270638e-004
 5.66273530e-004
 5.23302007e-004
 6.42269767e-004
 8.14540225e-004
 6.91385416e-004
 7.39995911e-004
 8.66796241e-004
 6.84763766e-004
 6.04721814e-004
 6.45261477e-004
 7.55001558e-004
 7.90925304e-004
 7.30511605e-004
 6.07625364e-004
 6.35526635e-004
 6.11603727e-004
 5.56428760e-004
 6.46475572e-004
 8.02751546e-004
 6.70587920e-004
 5.65454948e-004
 6.68975302e-004
 7.97980208e-004
 8.68069621e-004
 8.30790158e-004
 1.57295739e-004
 9.51652590e-004
 1.50938770e-004
 9.12663044e-004
 8.16660659e-004
 6.72022736e-004
 6.37296052e-004
 6.58086899e-004
 8.56691033e-004
 1.07051816e-003
 8.88056375e-004
 7.97151647e-004
 1.08058366e-003
 1.22366243e-003
 9.97266396e-004
 1.47053746e-004
 9.96745122e-004
 1.12160727e-003
 1.11633846e-003
 9.54104961e-004
 1.03932523e-003
 1.69856212e-004
 9.61140582e-004
 8.92958300e-004
 9.15637573e-004
 8.51352266e-004
 8.17687744e-004
 1.03492807e-003
 1.70958000e-004
 1.23077360e-003
 1.75640651e-003
 1.99827030e-003
 1.46247111e-003
 1.41099924e-003
 1.23094196e-003
 1.09122851e-003
 9.34684740e-004
 8.91170110e-004
 1.12753472e-003
 1.25930680e-003
 1.11060175e-003
 8.19780025e-004
 7.39874996e-004
 9.10890240e-004
 1.10213096e-003
 1.33931502e-003
 1.17596524e-003
 1.01348266e-003
 1.68807980e-004
 8.83452061e-004
 8.37972873e-004
 8.64645620e-004
 1.46464141e-004
 1.07922276e-003
 1.82208521e-003
 2.81359736e-003
 7.43906741e-003
 9.73750360e-003
 5.10433175e-003
 4.94794243e-003
 2.01037898e-003
 1.68141997e-003
 1.54292423e-003
 1.30156030e-003
 8.85134930e-004
 8.43033283e-004
 8.08116001e-004
 8.43088397e-004
 9.40122377e-004
 8.80743414e-004
 1.00144596e-003
 1.16971284e-003
 1.08768231e-003
 1.04947541e-003
 9.68658552e-004
 1.24271623e-003
 2.32164681e-003
 1.85980118e-003
 1.84463075e-004
 2.10882627e-003
 1.34187384e-004
 1.79588582e-003
 1.91102810e-003
 2.25454145e-003
 1.95687218e-003
 3.82710354e-003
 2.69381575e-002
 2.03865712e-004
 6.10246023e-003
 9.90462058e-003
 1.88121044e-002
 6.87180586e-003
 4.86029606e-003
 2.47624184e-003
 1.68265301e-003
 1.82881930e-003
 1.66078055e-003
 1.52965507e-003
 2.56396584e-003
 1.92658416e-004
 3.71603016e-003
 2.28150535e-002
 3.81798011e-003
 3.11734732e-003
 1.73484228e-004
 4.11186797e-003
 2.64672142e-003
 1.76240814e-003
 2.66651590e-003
 1.73735211e-003
 2.11375217e-003
 1.17975702e-002
 1.93002615e-004
 7.67333543e-003
 1.63895585e-002
 4.58644984e-002
 4.25003210e-003
 2.56163917e-003
 4.03875102e-003
 2.88054834e-003
 1.83950640e-003
 1.83694342e-004
 2.23548028e-003
 1.58263618e-003
 1.83565090e-003
 2.52602410e-002
 8.89058298e-005
 1.89962317e-002
 7.77215245e-003
 3.54543026e-003
 4.16221976e-003
 9.60304558e-003
 1.17754180e-002
 2.08323041e-004
 4.36704285e-003
 1.76855984e-002
 1.79090838e-002
 8.44433702e-003
 5.29279361e-003
 6.27891317e-003
 5.57527566e-003
 8.35927655e-003
 2.84151071e-001
 1.33682356e-002
 3.68538772e-002
 1.19475042e-002
 7.90804863e-003
 4.26896454e-003
 6.07481562e-003
 1.60026261e-002
 3.02093070e-003
 2.17793363e-003
 2.10707849e-003
 1.52217342e-003
 1.76312065e-003
 1.37402379e-003
 8.92727355e-004
 7.91079271e-004
 1.64284425e-004
 7.57509763e-004
 6.68904979e-004
 6.54788626e-004
 6.55478052e-004
 6.47283531e-004
 6.52994289e-004
 1.55955184e-004
 5.87118628e-004
 6.02999985e-004
 6.04342062e-004
 5.51558698e-004
 5.14537191e-004
 5.40503450e-004
 6.02007216e-004
 6.23457362e-004
 6.66295472e-004
 6.25233878e-004
 5.75545254e-004
 1.47089651e-004
 5.76449596e-004
 6.37016488e-004
 6.78346802e-004
 7.02885951e-004
 7.19297828e-004
 1.57963125e-004
 6.85391882e-004
 7.27018815e-004
 8.24988610e-004
 1.59127028e-004
 9.37079314e-004
 1.07736360e-003
 9.92587000e-004
 8.74620041e-004
 9.07840844e-004
 8.18090832e-004
 7.18096148e-004
 7.81582007e-004
 8.14757476e-004
 7.69740048e-004
 8.13225501e-004
 8.40852150e-004
 7.87506356e-004
 9.34505914e-004
 9.70447948e-004
 8.54719881e-004
 8.29896353e-004
 7.53476663e-004
 7.77968838e-004
 9.26271049e-004
 1.65833716e-004
 8.52232252e-004
 8.36242008e-004
 8.45439308e-004
 8.57023756e-004
 7.83733364e-004
 8.02182973e-004
 8.57093079e-004
 8.00561175e-004
 7.09497521e-004
 8.80606672e-004
 1.06885977e-003
 1.04180794e-003
 1.26610957e-003
 1.16920766e-003
 1.08668632e-003
 1.39409455e-003
 1.57677153e-004
 1.31878840e-003
 1.05097158e-003
 8.18615332e-004
 7.47601620e-004
 8.62598251e-004
 1.08913033e-003
 1.19282503e-003
 1.04950636e-003
 8.77955174e-004
 9.16581424e-004
 1.01628548e-003
 1.11450929e-003
 1.33371045e-004
 1.04612205e-003
 1.16156565e-003
 1.38349068e-003
 1.66480285e-003
 2.15447572e-003
 1.29484554e-003
 1.76866227e-004
 1.40368745e-003
 1.66466778e-004
 1.47099101e-003
 1.22987844e-003
 1.39757866e-003
 1.15018767e-003
 1.08922029e-003
 1.25027725e-003
 1.06344428e-003
 8.70194658e-004
 8.50342904e-004
 9.27986301e-004
 1.06839838e-003
 1.28736467e-003
 1.43552395e-003
 1.25189308e-003
 9.41868965e-004
 7.87480025e-004
 1.58911718e-004
 1.05120471e-003
 1.21081817e-003
 1.01087831e-003
 1.11239306e-003
 1.00772295e-003
 8.84504572e-004
 1.02402171e-003
 9.11632023e-004
 8.87789566e-004
 1.13426084e-003
 1.33112321e-003
 2.33182967e-003
 1.81352018e-004
 2.00506769e-003
 1.91155296e-003
 1.28639472e-003
 1.78568979e-003
 9.96096737e-003
 2.02337706e-004
 3.25828579e-003
 1.66963553e-004
 4.11081600e-003
 1.86148251e-004
 7.16655082e-003
 3.45508167e-002
 6.00553122e-003
 1.41390067e-002
 9.21323042e-003
 3.03499531e-002
 2.49702427e-002
 6.96312429e-003
 3.56418099e-003
 1.75520067e-004
 2.78454203e-003
 1.88925085e-003
 1.72211293e-003
 1.20389874e-003
 8.27643278e-004
 7.64484121e-004
 8.14561617e-004
 7.90540015e-004
 7.14589412e-004
 6.56713638e-004
 6.04523510e-004
 5.63258794e-004
 3.18785321e-004
 6.28392919e-004
 6.67980378e-004
 6.20272395e-004
 6.02787597e-004
 6.64966251e-004
 3.95802474e-005
 6.47661825e-004
 6.22578225e-004
 1.98960737e-004
 6.29550673e-004
 6.61178057e-004
 2.75694917e-004
 5.95525390e-004
 6.24737780e-004
 3.02194629e-004
 6.28848090e-004
 7.53108368e-004
 2.81708546e-004
 7.70288302e-004
 7.43320987e-004
 7.31107323e-004
 6.54937190e-004
 6.19714516e-004
 6.09450887e-004
 5.54251683e-004
 2.08373882e-004
 5.73807382e-004
 6.34079673e-004
 6.14582816e-004
 5.94897137e-004
 6.18965242e-004
 6.57321355e-004
 6.98869200e-004
 7.37679463e-004
 2.50362405e-004
 7.16573484e-004
 8.07453287e-004
 8.78937052e-004
 7.74461501e-004
 8.09868592e-004
 8.24514568e-004
 7.73276767e-004
 2.32349614e-004
 7.90853438e-004
 2.35095563e-004
 6.37977759e-004
 7.13339076e-004
 7.81452624e-004
 6.44303823e-004
 2.48802892e-004
 6.17189892e-004
 6.45499699e-004
 6.93362802e-004
 6.54653742e-004
 2.14278736e-004
 7.53007636e-004
 8.80899665e-004
 1.99796734e-004
 7.97757660e-004
 6.83387912e-004
 6.33583449e-004
 5.58283908e-004
 4.82157184e-004
 5.04101405e-004
 5.21729100e-004
 4.64940501e-004
 4.34714319e-004
 4.42205242e-004
 4.70491793e-004
 3.57697943e-004
 4.93453540e-004
 5.67449902e-004
 5.04534657e-004
 4.52557622e-004
 4.78993052e-004
 5.07512270e-004
 5.20358712e-004
 5.41473365e-004
 5.61678275e-004
 2.53654390e-004
 5.61808540e-004
 5.63636031e-004
 5.36543080e-004
 5.52415790e-004
 6.30752755e-004
 6.67831520e-004
 6.94153175e-004
 6.77446510e-004
 7.11349879e-004
 8.04311704e-004
 1.92748433e-004
 9.14455689e-004
 8.89526380e-004
 7.89931239e-004
 7.97311728e-004
 8.55962318e-004
 9.44375090e-004
 8.06934472e-004
 7.51404627e-004
 8.25775064e-004
 7.85190960e-004
 7.38000896e-004
 6.88603864e-004
 2.51103950e-004
 7.04876236e-004
 6.52241151e-004
 6.29583771e-004
 6.93415427e-004
 7.90092024e-004
 7.53140309e-004
 2.85609047e-004
 7.12609903e-004
 6.17793686e-004
 6.82018274e-004
 7.77824010e-004
 8.23369450e-004
 8.75564631e-004
 8.59112726e-004
 8.18910944e-004
 2.73179011e-004
 8.34782671e-004
 7.89669876e-004
 8.18082723e-004
 9.70714677e-004
 2.33201685e-004
 1.00462695e-003
 1.30664776e-003
 2.07102250e-004
 1.24665316e-003
 1.30614027e-003
 1.39313852e-003
 1.77552166e-003
 2.30221431e-004
 1.65890804e-003
 2.75784189e-003
 2.22083741e-004
 1.76327991e-003
 5.16449733e-003
 6.75134735e-003
 3.92908017e-003
 5.19799045e-003
 1.02915309e-002
 1.82398990e-004
 4.59106416e-003
 1.98438204e-004
 3.31983100e-003
 1.93384422e-004
 2.41376813e-003
 2.67960112e-003
 5.06213106e-002
 8.80419447e-003
 1.35403486e-004
 4.53026040e-003
 2.04464103e-003
 1.86434743e-003
 2.32891955e-003
 2.27331950e-004
 1.99857253e-003
 1.45121165e-003
 2.40627080e-004
 1.53644390e-003
 1.65306396e-003
 2.29247955e-004
 1.72455552e-003
 7.06389328e-003
 3.43182429e-002
 3.96090750e-003
 2.90634760e-003
 1.69139363e-003
 1.44296581e-003
 2.58945207e-003
 2.17884500e-003
 1.43718020e-003
 1.21033134e-003
 1.27545137e-003
 5.07600449e-005
 1.16893311e-003
 1.12019374e-003
 1.01066926e-003
 8.54563796e-004
 8.69709365e-004
 8.57311040e-004
 9.11338855e-004
 1.10154296e-003
 9.43637523e-004
 1.07495524e-003
 1.66231814e-003
 1.87529934e-004
 1.35117746e-003
 1.27473681e-003
 1.94953186e-003
 2.25710323e-003
 2.18625625e-003
 2.50270926e-003
 1.42189799e-003
 1.28114962e-003
 2.40316976e-004
 1.00279378e-003
 8.66150482e-004
 1.95937335e-004
 1.00352813e-003
 1.74089963e-003
 2.20152814e-004
 1.09229785e-003
 1.00435123e-003
 9.13530648e-004
 8.85493093e-004
 9.99989818e-004
 1.22545716e-003
 1.03569577e-003
 9.85081731e-004
 1.12630969e-003
 9.82804450e-004
 1.00472102e-003
 1.16961093e-003
 2.49869538e-004
 1.10137524e-003
 9.41990372e-004
 7.62198401e-004
 2.43720777e-004
 7.78229696e-004
 8.78153898e-004
 8.43733969e-004
 7.11668047e-004
 8.93466862e-004
 9.93832307e-004
 7.42996831e-004
 7.10177432e-004
 8.59147908e-004
 2.68045062e-004
 8.18693953e-004
 8.39350198e-004
 8.31895304e-004
 8.32164569e-004
 9.16303489e-004
 9.41745448e-004
 8.79039445e-004
 8.77625935e-004
 8.94190799e-004
 9.98910283e-004
 8.97258666e-004
 7.40813972e-004
 8.14058643e-004
 7.28486186e-004
 6.97907142e-004
 7.48045875e-004
 6.43806039e-004
 6.54558990e-004
 7.46183670e-004
 8.34022868e-004
 9.09913678e-004
 8.59152336e-004
 8.35907225e-004
 8.13890164e-004
 8.28468751e-004
 9.69786327e-004
 9.30338948e-004
 9.43110200e-004
 9.79273857e-004
 9.80356645e-004
 1.19766137e-003
 1.36304727e-003
 1.51591053e-003
 1.46130099e-003
 2.35252599e-004
 1.35724058e-003
 9.54895433e-004
 1.07633165e-003
 1.29813735e-003
 1.14578797e-003
 1.29287043e-003
 1.83110934e-004
 1.52502444e-003
 2.16421919e-003
 2.05183233e-004
 1.85761425e-003
 1.58731798e-003
 2.17209467e-003
 2.38644648e-003
 2.54741923e-003
 2.10188321e-003
 1.96092912e-003
 2.14472193e-003
 2.22482860e-003
 2.71012488e-003
 3.66090731e-003
 2.19874330e-003
 2.00302394e-004
 5.02031133e-003
 4.29688947e-002
 4.88708523e-003
 4.09019328e-003
 6.68117699e-003
 6.97318410e-003
 1.14616440e-002
 3.71534851e-003
 2.86589933e-003
 2.16672098e-004
 2.22774947e-003
 1.34916492e-003
 2.29809063e-004
 2.33815448e-003
 1.40385290e-004
 2.23282087e-003
 2.56447616e-003
 2.39581128e-003
 2.76124094e-003
 4.00041452e-003
 3.50777169e-003
 4.40473512e-003
 8.66394848e-003
 8.48789643e-003
 3.80336061e-003
 1.48782211e-002
 1.00363752e-002
 1.27530567e-002
 1.50208385e-002
 1.93564192e-004
 1.02843163e-001
 6.06763528e-002
 1.37038185e-002
 9.94911515e-003
 1.22493614e-002
 4.88470332e-003
 1.66880136e-002
 5.94276370e-003
 3.31198974e-003
 5.16882361e-003
 3.20130036e-003
 2.34900157e-003
 4.39566211e-003
 1.92771577e-004
 3.16236530e-003
 2.89296667e-003
 1.89579652e-003
 2.73096921e-003
 1.27402310e-002
 3.44198672e-003
 5.95681391e-002
 1.89414504e-004
 1.26677499e-002
 2.73545316e-001
 1.05566120e-002
 2.02291079e-004
 2.10627881e-002
 1.37105320e-002
 6.11615837e-003
 8.50510271e-003
 6.32669065e-002
 1.91579652e-004
 2.71344727e-002
 4.42445963e-003
 3.57553719e-003
 4.38990650e-003
 6.83819709e-003
 2.70082123e-002
 1.04097143e-002
 5.84688524e-003
 1.13948917e-002
 2.79978857e-003
 1.48706599e-003
 2.26814961e-004
 1.64719476e-003
 1.20692722e-003
 9.42218695e-004
 8.36727174e-004
 7.78224026e-004
 8.68261152e-004
 7.51016833e-004
 6.93993615e-004
 7.90162493e-004
 8.40829950e-004
 8.69492621e-004
 9.08045988e-004
 8.24071447e-004
 7.25300271e-004
 8.70371043e-004
 1.15161650e-003
 8.28451079e-004
 1.09731410e-004
 9.04840393e-004
 8.62464196e-004
 1.01804747e-003
 1.40726157e-003
 1.83820838e-003
 1.28095164e-003
 1.01659534e-003
 1.18863472e-003
 1.65251368e-003
 2.33658594e-003
 2.02568298e-004
 1.46465718e-003
 1.07744633e-003
 9.39096538e-004
 1.09791951e-003
 1.14716881e-003
 9.89621541e-004
 1.03998776e-003
 1.05337588e-003
 1.16033890e-003
 1.04412197e-003
 9.22194603e-004
 1.11385974e-003
 1.41501219e-003
 1.56906663e-003
 5.71576306e-003
 1.37210449e-004
 2.29031042e-003
 4.11368720e-003
 5.68955953e-003
 1.11814632e-002
 5.71770502e-003
 8.27224074e-003
 3.52520956e-003
 2.92908182e-003
 1.74024347e-003
 1.60220043e-004
 2.05301323e-003
 1.81046012e-003
 3.02894020e-003
 4.44439365e-003
 1.96891823e-004
 4.41123703e-003
 1.52981137e-002
 5.34832319e-003
 1.65826929e-002
 1.61755391e-002
 1.03940064e-002
 5.80579494e-003
 3.37939193e-003
 3.06730095e-003
 3.49684883e-003
 8.36133117e-003
 6.30491584e-002
 6.50933414e-003
 1.50575760e-002
 1.49827625e-001
 6.02552629e-003
 8.67506948e-003
 1.29232064e-004
 2.22491320e-002
 4.12793611e+000
 1.37492885e-002
 1.33810122e-002
 4.42878758e-003
 5.36533733e-003
