0.000219907
0.000451389
0.000682870
0.000914352
0.001145833
0.001377315
0.001608796
0.001840278
0.002071759
0.002303241
0.002534722
0.002766204
0.002997685
0.003229167
0.003460648
0.003692130
0.003923611
0.004155093
0.004386574
0.004618056
0.004849537
0.005081019
0.005312500
0.005543981
0.005775463
0.006006944
0.006238426
0.006469907
0.006701389
0.006932870
0.007164352
0.007395833
0.007627315
0.007858796
0.008090278
0.008321759
0.008553241
0.008784722
0.009016204
0.009247685
0.009479167
0.009710648
0.009942130
0.010173611
0.010405093
0.010636574
0.010879630
0.011111111
0.011342593
0.011574074
0.011805556
0.012037037
0.012268519
0.012500000
0.012731481
0.012962963
0.013194444
0.013425926
0.013657407
0.013888889
0.014120370
0.014351852
0.014583333
0.014814815
0.015046296
0.015277778
0.015509259
0.015740741
0.015972222
0.016203704
0.016435185
0.016666667
0.016898148
0.017129630
0.017361111
0.017592593
0.017824074
0.018055556
0.018287037
0.018518519
0.018750000
0.018981481
0.019212963
0.019444444
0.019675926
0.019907407
0.020138889
0.020370370
0.020601852
0.020833333
0.021064815
0.021296296
0.021527778
0.021759259
0.021990741
0.022222222
0.022453704
0.022685185
0.022928241
0.023159722
0.023391204
0.023622685
0.023854167
0.024085648
0.024317130
0.024548611
0.024780093
0.025011574
0.025243056
0.025474537
0.025706019
0.025937500
0.026168981
0.026400463
0.026631944
0.026863426
0.027094907
0.027326389
0.027557870
0.027789352
0.028020833
0.028252315
0.028483796
0.028715278
0.028946759
0.029178241
0.029409722
0.029641204
0.029872685
0.030104167
0.030335648
0.030567130
0.030798611
0.031030093
0.031261574
0.031493056
0.031724537
0.031956019
0.032187500
0.032418981
0.032650463
0.032881944
0.033113426
0.033344907
0.033576389
0.033807870
0.034039352
0.034270833
0.034502315
0.034745370
0.034976852
0.035208333
0.035439815
0.035671296
0.035902778
0.036134259
0.036365741
0.036597222
0.036828704
0.037060185
0.037291667
0.037523148
0.037754630
0.037986111
0.038217593
0.038449074
0.038680556
0.038912037
0.039143519
0.039375000
0.039606481
0.039837963
0.040069444
0.040300926
0.040532407
0.040763889
0.040995370
0.041226852
0.041458333
0.041689815
0.041921296
0.042152778
0.042384259
0.042615741
0.042847222
0.043078704
0.043310185
0.043541667
0.043773148
0.044004630
0.044236111
0.044467593
0.044699074
0.044930556
0.045162037
0.045393519
0.045625000
0.045856481
0.046099537
0.046331019
0.046562500
0.046793981
0.047025463
0.047256944
0.047488426
0.047719907
0.047951389
0.048182870
0.048414352
0.048645833
0.048877315
0.049108796
0.049340278
0.049571759
0.049803241
0.050034722
0.050266204
0.050497685
0.050729167
0.050960648
0.051192130
0.051423611
0.051655093
0.051886574
0.052118056
0.052349537
0.052581019
0.052812500
0.053043981
0.053275463
0.053506944
0.053738426
0.053969907
0.054201389
0.054432870
0.054664352
0.054895833
0.055127315
0.055358796
0.055590278
0.055821759
0.056053241
0.056284722
0.056516204
0.056747685
0.056979167
0.057210648
0.057442130
0.057673611
0.057905093
0.058136574
0.058368056
0.058611111
0.058842593
0.059074074
0.059305556
0.059537037
0.059768519
0.060000000
0.060231481
0.060462963
0.060694444
0.060925926
0.061157407
0.061388889
0.061620370
0.061851852
0.062083333
0.062314815
0.062546296
0.062777778
0.063009259
0.063240741
0.063472222
0.063703704
0.063935185
0.064166667
0.064398148
0.064629630
0.064861111
0.065092593
0.065324074
0.065555556
0.065787037
0.066018519
0.066250000
0.066481481
0.066712963
0.066944444
0.067175926
0.067407407
0.067638889
0.067870370
0.068101852
0.068333333
0.068564815
0.068796296
0.069027778
0.069259259
0.069490741
0.069722222
0.069965278
0.070196759
0.070428241
0.070659722
0.070891204
0.071122685
0.071354167
0.071585648
0.071817130
0.072048611
0.072280093
0.072511574
0.072743056
0.072974537
0.073206019
0.073437500
0.073668981
0.073900463
0.074131944
0.074363426
0.074594907
0.074826389
0.075057870
0.075289352
0.075520833
0.075752315
0.075983796
0.076215278
0.076446759
0.076678241
0.076909722
0.077141204
0.077372685
0.077604167
0.077835648
0.078067130
0.078298611
0.078530093
0.078761574
0.078993056
0.079224537
0.079456019
0.079687500
0.079918981
0.080150463
0.080393519
0.080625000
0.080856481
0.081087963
0.081319444
0.081550926
0.081782407
0.082013889
0.082245370
0.082476852
0.082708333
0.082939815
0.083171296
0.083402778
0.083634259
0.083865741
0.084097222
0.084328704
0.084560185
0.084791667
0.085023148
0.085254630
0.085486111
0.085717593
0.085949074
0.086180556
0.086412037
0.086643519
0.086875000
0.087106481
0.087337963
0.087569444
0.087800926
0.088032407
0.088263889
0.088495370
0.088726852
0.088958333
0.089189815
0.089421296
0.089652778
0.089884259
0.090115741
0.090347222
0.090578704
0.090810185
0.091053241
0.091284722
0.091516204
0.091747685
0.091979167
0.092210648
0.092442130
0.092673611
0.092905093
0.093136574
0.093368056
0.093599537
0.093831019
0.094062500
0.094293981
0.094525463
0.094756944
0.094988426
0.095219907
0.095451389
0.095682870
0.095914352
0.096145833
0.096377315
0.096608796
0.096840278
0.097071759
0.097303241
0.097534722
0.097766204
0.097997685
0.098229167
0.098460648
0.098692130
0.098923611
0.099155093
0.099386574
0.099618056
0.099849537
0.100081019
0.100312500
0.100543981
0.100775463
0.101006944
0.101250000
0.101481481
0.101712963
0.101944444
0.102175926
0.102407407
0.102638889
0.102870370
0.103101852
0.103333333
0.103564815
0.103796296
0.104027778
0.104259259
0.104490741
0.104722222
0.104953704
0.105185185
0.105416667
0.105648148
0.105879630
0.106111111
0.106342593
0.106574074
0.106805556
0.107037037
0.107268519
0.107500000
0.107731481
0.107962963
0.108194444
0.108425926
0.108657407
0.108888889
0.109120370
0.109351852
0.109583333
0.109814815
0.110046296
0.110277778
0.110509259
0.110740741
0.110972222
0.111203704
0.111435185
0.111666667
0.111898148
0.112129630
0.112361111
0.112604167
0.112835648
0.113067130
0.113298611
0.113530093
0.113761574
0.113993056
0.114224537
0.114456019
0.114687500
0.114918981
0.115150463
0.115381944
0.115613426
0.115844907
0.116076389
0.116307870
0.116539352
0.116770833
0.117002315
0.117233796
0.117465278
0.117696759
0.117928241
0.117928241
0.118391204
0.118622685
0.118854167
0.119085648
0.119317130
0.119548611
0.119780093
0.120011574
0.120243056
0.120474537
0.120706019
0.120937500
0.121168981
0.121400463
0.121631944
0.121863426
0.122094907
0.122326389
0.122557870
0.122789352
0.123020833
0.123252315
0.123483796
0.123715278
0.123946759
0.124178241
0.124421296
0.124652778
0.124884259
0.125115741
0.125347222
0.125578704
0.125810185
0.126041667
0.126273148
0.126504630
0.126736111
0.126967593
0.127199074
0.127430556
0.127662037
0.127893519
0.128125000
0.128356481
0.128587963
0.128819444
0.129050926
0.129282407
0.129513889
0.129745370
0.129976852
0.130208333
0.130439815
0.130671296
0.130902778
0.131134259
0.131365741
0.131597222
0.131828704
0.132060185
0.132291667
0.132523148
0.132754630
0.132986111
0.133217593
0.133449074
0.133680556
0.133912037
0.134143519
0.134375000
0.134606481
0.134837963
0.135069444
0.135300926
0.135532407
0.135763889
0.135995370
0.136238426
0.136469907
0.136701389
0.136932870
0.137164352
0.137395833
0.137627315
0.137858796
0.138090278
0.138321759
0.138553241
0.138784722
0.139016204
0.139247685
0.139479167
0.139710648
0.139942130
0.140173611
0.140405093
0.140636574
0.140868056
0.141099537
0.141331019
0.141562500
0.141793981
0.142025463
0.142256944
0.142488426
0.142719907
0.142951389
0.143182870
0.143414352
0.143645833
0.143877315
0.144108796
0.144340278
0.144571759
0.144803241
0.145034722
0.145266204
0.145497685
0.145729167
0.145960648
0.146192130
0.146423611
0.146655093
0.146886574
0.147118056
0.147349537
0.147581019
0.147812500
0.148043981
0.148275463
0.148506944
0.148738426
0.148981481
0.149212963
0.149444444
0.149675926
0.149907407
0.150138889
0.150370370
0.150601852
0.150833333
0.151064815
0.151296296
0.151527778
0.151759259
0.151990741
0.152222222
0.152453704
0.152685185
0.152916667
0.153148148
0.153379630
0.153611111
0.153842593
0.154074074
0.154305556
0.154537037
0.154768519
0.155000000
0.155231481
0.155462963
0.155694444
0.155925926
0.156157407
0.156388889
0.156620370
0.156851852
0.157083333
0.157314815
0.157546296
0.157777778
0.158009259
0.158240741
0.158472222
0.158703704
0.158935185
0.159166667
0.159398148
0.159629630
0.159861111
0.160092593
0.160324074
0.160555556
0.160787037
0.161030093
0.161261574
0.161493056
0.161724537
0.161956019
0.162187500
0.162418981
0.162650463
0.162881944
0.163113426
0.163344907
0.163576389
0.163807870
0.164039352
0.164270833
0.164502315
0.164733796
0.164965278
0.165196759
0.165428241
0.165659722
0.165891204
0.166122685
0.166354167
0.166585648
0.166817130
0.167048611
0.167280093
0.167511574
0.167743056
0.167974537
0.168206019
0.168437500
0.168668981
0.168900463
0.169131944
0.169363426
0.169594907
0.169826389
0.170057870
0.170289352
0.170520833
0.170752315
0.170983796
0.171226852
0.171458333
0.171689815
0.171921296
0.172152778
0.172384259
0.172615741
0.172847222
0.173078704
0.173310185
0.173541667
0.173773148
0.174004630
0.174236111
0.174467593
0.174699074
0.174930556
0.175162037
0.175393519
0.175625000
0.175856481
0.176087963
0.176319444
0.176550926
0.176782407
0.177013889
0.177245370
0.177476852
0.177708333
0.177939815
0.178171296
0.178402778
0.178634259
0.178865741
0.179097222
0.179328704
0.179560185
0.179791667
0.180023148
0.180254630
0.180486111
0.180717593
0.180949074
0.181180556
0.181412037
0.181643519
0.181875000
0.182106481
0.182337963
0.182581019
0.182812500
0.183043981
0.183275463
0.183506944
0.183738426
0.183969907
0.184201389
0.184432870
0.184664352
0.184895833
0.185127315
0.185358796
0.185590278
0.185821759
0.186053241
0.186284722
0.186516204
0.186747685
0.186979167
0.187210648
0.187442130
0.187673611
0.187905093
0.188136574
0.188368056
0.188599537
0.188831019
0.189062500
0.189293981
0.189525463
0.189756944
0.189988426
0.190219907
0.190451389
0.190682870
0.190914352
0.191145833
0.191377315
0.191608796
0.191840278
0.192071759
0.192303241
0.192534722
0.192766204
0.192997685
0.193229167
0.193460648
0.193692130
0.193935185
0.194166667
0.194398148
0.194629630
0.194861111
0.195092593
0.195324074
0.195555556
0.195787037
0.196018519
0.196250000
0.196481481
0.196712963
0.196944444
0.197175926
0.197407407
0.197638889
0.197870370
0.198101852
0.198333333
0.198564815
0.198796296
0.199027778
0.199259259
0.199490741
0.199722222
0.199953704
0.200185185
0.200416667
0.200648148
0.200879630
0.201111111
0.201342593
0.201574074
0.201805556
0.202037037
0.202268519
0.202500000
0.202731481
0.202962963
0.203194444
0.203425926
0.203657407
0.203888889
0.204120370
0.204351852
0.204583333
0.204826389
0.205057870
0.205289352
0.205520833
0.205752315
0.205983796
0.206215278
0.206446759
0.206678241
0.206909722
0.207141204
0.207372685
0.207604167
0.207835648
0.208067130
0.208298611
0.208530093
0.208761574
0.208993056
0.209224537
0.209456019
0.209687500
0.209918981
0.210150463
0.210381944
0.210613426
0.210844907
0.211076389
0.211307870
0.211539352
0.211770833
0.212002315
0.212233796
0.212465278
0.212696759
0.212928241
0.213159722
0.213391204
0.213622685
0.213854167
0.214085648
0.214317130
0.214548611
0.214780093
0.215011574
0.215243056
0.215474537
0.215706019
0.215937500
0.216168981
0.216400463
0.216631944
0.216863426
0.217094907
0.217326389
0.217557870
0.217789352
0.218020833
0.218252315
0.218483796
0.218715278
0.218946759
0.219178241
0.219421296
0.219652778
0.219884259
0.220115741
0.220347222
0.220578704
0.220810185
0.221041667
0.221273148
0.221504630
0.221736111
0.221967593
0.222199074
0.222430556
0.222662037
0.222893519
0.223125000
0.223356481
0.223587963
0.223819444
0.224050926
0.224282407
0.224513889
0.224745370
0.224976852
0.225208333
0.225439815
0.225671296
0.225902778
0.226134259
0.226365741
0.226597222
0.226828704
0.227060185
0.227291667
0.227523148
0.227754630
0.227986111
0.228217593
0.228449074
0.228680556
0.228912037
0.229143519
0.229375000
0.229606481
0.229837963
0.230069444
0.230300926
0.230532407
0.230775463
0.231006944
0.231238426
0.231469907
0.231701389
0.231932870
0.232164352
0.232395833
0.232627315
0.232858796
0.233090278
0.233321759
0.233553241
0.233784722
0.234016204
0.234247685
0.234479167
0.234710648
0.234942130
0.235173611
0.235405093
0.235636574
0.235868056
0.236099537
0.236331019
0.236562500
0.236793981
0.237025463
0.237256944
0.237488426
0.237719907
0.237951389
0.238182870
0.238414352
0.238645833
0.238877315
0.239108796
0.239340278
0.239571759
0.239803241
0.240046296
0.240277778
0.240509259
0.240740741
0.240972222
0.241203704
0.241435185
0.241666667
0.241898148
0.242129630
0.242361111
0.242592593
0.242824074
0.243055556
0.243287037
0.243518519
0.243750000
0.243981481
0.244212963
0.244444444
0.244675926
0.244907407
0.245138889
0.245370370
0.245601852
0.245833333
0.246064815
0.246296296
0.246527778
0.246759259
0.246990741
0.247222222
0.247453704
0.247685185
0.247916667
0.248148148
0.248379630
0.248611111
0.248842593
0.249074074
0.249305556
0.249537037
0.249768519
0.250000000
0.250231481
0.250462963
0.250694444
0.250937500
0.251168981
0.251400463
0.251631944
0.251863426
0.252094907
0.252326389
0.252557870
0.252789352
0.253020833
0.253252315
0.253483796
0.253715278
0.253946759
0.254178241
0.254409722
0.254641204
0.254872685
0.255104167
0.255335648
0.255567130
0.255798611
0.256030093
0.256261574
0.256493056
0.256724537
0.256956019
0.257187500
0.257418981
0.257650463
0.257881944
0.258113426
0.258344907
0.258576389
0.258807870
0.259039352
0.259270833
0.259502315
0.259733796
0.259965278
0.260196759
0.260428241
0.260659722
0.260891204
0.261122685
0.261354167
0.261585648
0.261817130
0.262048611
0.262280093
0.262511574
0.262743056
0.262974537
0.263206019
0.263437500
0.263668981
0.263900463
0.264131944
0.264363426
0.264594907
0.264826389
0.265057870
0.265289352
0.265520833
0.265752315
0.265983796
0.266226852
0.266458333
0.266689815
0.266921296
0.267152778
0.267384259
0.267615741
0.267847222
0.268078704
0.268310185
0.268541667
0.268773148
0.269004630
0.269236111
0.269467593
0.269699074
0.269930556
0.270162037
0.270393519
0.270625000
0.270856481
0.271087963
0.271319444
0.271550926
0.271782407
0.272013889
0.272245370
0.272476852
0.272708333
0.272939815
0.273171296
0.273402778
0.273634259
0.273865741
0.274097222
0.274328704
0.274560185
0.274791667
0.275023148
0.275254630
0.275486111
0.275717593
0.275949074
0.276180556
0.276412037
0.276643519
0.276875000
0.277106481
0.277337963
0.277569444
0.277800926
0.278032407
0.278275463
0.278506944
0.278738426
0.278969907
0.279201389
0.279432870
0.279664352
0.279895833
0.280127315
0.280358796
0.280590278
0.280821759
0.281053241
0.281284722
0.281516204
0.281747685
0.281979167
0.282210648
0.282442130
0.282673611
0.282905093
0.283136574
0.283368056
0.283599537
0.283831019
0.284062500
0.284293981
0.284525463
0.284756944
0.284988426
0.285219907
0.285451389
0.285682870
0.285914352
0.286145833
0.286377315
0.286608796
0.286840278
0.287071759
0.287303241
0.287534722
0.287766204
0.288009259
0.288240741
0.288472222
0.288703704
0.288935185
0.289166667
0.289398148
0.289629630
0.289861111
0.290092593
0.290324074
0.290555556
0.290787037
0.291018519
0.291250000
0.291481481
0.291712963
0.291944444
0.292175926
0.292407407
0.292638889
0.292870370
0.293101852
0.293333333
0.293564815
0.293796296
0.294027778
0.294259259
0.294490741
0.294722222
0.294953704
0.295185185
0.295416667
0.295648148
0.295879630
0.296111111
0.296342593
0.296574074
0.296805556
0.297037037
0.297268519
0.297500000
0.297731481
0.297962963
0.298194444
0.298425926
0.298657407
0.298888889
0.299120370
0.299351852
0.299583333
0.299814815
0.300046296
0.300277778
0.300509259
0.300740741
0.300983796
0.301215278
0.301446759
0.301678241
0.301909722
0.302141204
0.302372685
0.302604167
0.302835648
0.303067130
0.303298611
0.303530093
0.303761574
0.303993056
0.304224537
0.304456019
0.304687500
0.304918981
0.305150463
0.305381944
0.305613426
0.305844907
0.306076389
0.306307870
0.306539352
0.306770833
0.307002315
0.307233796
0.307465278
0.307696759
0.307928241
0.308159722
0.308391204
0.308622685
0.308854167
0.309085648
0.309317130
0.309548611
0.309780093
0.310011574
0.310243056
0.310474537
0.310706019
0.310937500
0.311180556
0.311412037
0.311643519
0.311875000
0.312106481
0.312337963
0.312569444
0.312800926
0.313032407
0.313263889
0.313495370
0.313726852
0.313958333
0.314189815
0.314421296
0.314652778
0.314884259
0.315115741
0.315347222
0.315578704
0.315810185
0.316041667
0.316273148
0.316504630
0.316736111
0.316967593
0.317199074
0.317430556
0.317662037
0.317893519
0.318125000
0.318356481
0.318587963
0.318819444
0.319050926
0.319282407
0.319513889
0.319745370
0.319976852
0.320208333
0.320439815
0.320671296
0.320902778
0.321134259
0.321365741
0.321597222
0.321828704
0.322060185
0.322291667
0.322523148
0.322754630
0.322986111
0.323217593
0.323449074
0.323680556
0.323912037
0.324143519
0.324375000
0.324606481
0.324849537
0.325081019
0.325312500
0.325543981
0.325775463
0.326006944
0.326238426
0.326469907
0.326701389
0.326932870
0.327164352
0.327395833
0.327627315
0.327858796
0.328090278
0.328321759
0.328553241
0.328784722
0.329016204
0.329247685
0.329479167
0.329710648
0.329942130
0.330173611
0.330405093
0.330636574
0.330868056
0.331099537
0.331331019
0.331562500
0.331793981
0.332025463
0.332256944
0.332488426
0.332719907
0.332951389
0.333182870
0.333414352
0.333645833
0.333877315
0.334108796
0.334340278
0.334571759
0.334803241
0.335034722
0.335266204
0.335497685
0.335729167
0.335960648
0.336192130
0.336423611
0.336655093
0.336886574
0.337118056
0.337361111
0.337592593
0.337824074
0.338055556
0.338287037
0.338518519
0.338750000
0.338981481
0.339212963
0.339444444
0.339675926
0.339907407
0.340138889
0.340370370
0.340601852
0.340833333
0.341064815
0.341296296
0.341527778
0.341759259
0.341990741
0.342222222
0.342453704
0.342685185
0.342916667
0.343148148
0.343379630
0.343611111
0.343842593
0.344074074
0.344305556
0.344537037
0.344768519
0.345000000
0.345231481
0.345462963
0.345694444
0.345925926
0.346157407
0.346388889
0.346620370
0.346851852
0.347083333
0.347314815
0.347546296
0.347777778
0.348009259
0.348240741
0.348472222
0.348703704
0.348935185
0.349166667
0.349398148
0.349629630
0.349872685
0.350104167
0.350335648
0.350567130
0.350798611
0.351030093
0.351261574
0.351493056
0.351724537
0.351956019
0.352187500
0.352418981
0.352650463
0.352881944
0.353113426
0.353344907
0.353576389
0.353807870
0.354039352
0.354270833
0.354502315
0.354733796
0.354965278
0.355196759
0.355428241
0.355659722
0.355891204
0.356122685
0.356354167
0.356585648
0.356817130
0.357048611
0.357280093
0.357511574
0.357743056
0.357974537
0.358206019
0.358437500
0.358668981
0.358900463
0.359131944
0.359363426
0.359594907
0.359826389
0.360057870
0.360289352
0.360520833
0.360752315
0.360983796
0.361226852
0.361458333
0.361689815
0.361921296
0.362152778
0.362384259
0.362615741
0.362847222
0.363078704
0.363310185
0.363541667
0.363773148
0.364004630
0.364236111
0.364467593
0.364699074
0.364930556
0.365162037
0.365393519
0.365625000
0.365856481
0.366087963
0.366319444
0.366550926
0.366782407
0.367013889
0.367245370
0.367476852
0.367708333
0.367939815
0.368171296
0.368402778
0.368634259
0.368865741
0.369097222
0.369328704
0.369560185
0.369791667
0.370023148
0.370254630
0.370486111
0.370717593
0.370949074
0.371180556
0.371412037
0.371643519
0.371875000
0.372106481
0.372337963
0.372569444
0.372800926
0.373043981
0.373275463
0.373506944
0.373738426
0.373969907
0.374201389
0.374432870
0.374664352
0.374895833
0.375127315
0.375358796
0.375590278
0.375821759
0.376053241
0.376284722
0.376516204
0.376747685
0.376979167
0.377210648
0.377442130
0.377673611
0.377905093
0.378136574
0.378368056
0.378599537
0.378831019
0.379062500
0.379293981
0.379525463
0.379756944
0.379988426
0.380219907
0.380451389
0.380682870
0.380914352
0.381145833
0.381377315
0.381608796
0.381840278
0.382071759
0.382303241
0.382534722
0.382766204
0.382997685
0.383229167
0.383460648
0.383692130
0.383923611
0.384155093
0.384386574
0.384618056
0.384849537
0.385081019
0.385312500
0.385543981
0.385775463
0.386006944
0.386238426
0.386481481
0.386712963
0.386944444
0.387175926
0.387407407
0.387638889
0.387870370
0.388101852
0.388333333
0.388564815
0.388796296
0.389027778
0.389259259
0.389490741
0.389722222
0.389953704
0.390185185
0.390416667
0.390648148
0.390879630
0.391111111
0.391342593
0.391574074
0.391805556
0.392037037
0.392268519
0.392500000
0.392731481
0.392962963
0.393194444
0.393425926
0.393657407
0.393888889
0.394120370
0.394351852
0.394583333
0.394814815
0.395046296
0.395277778
0.395509259
0.395740741
0.395972222
0.396203704
0.396435185
0.396666667
0.396898148
0.397129630
0.397361111
0.397592593
0.397824074
0.398055556
0.398298611
0.398530093
0.398761574
0.398993056
0.399224537
0.399456019
0.399687500
0.399918981
0.400150463
0.400381944
0.400613426
0.400844907
0.401076389
0.401307870
0.401539352
0.401770833
0.402002315
0.402233796
0.402465278
0.402696759
0.402928241
0.403159722
0.403391204
0.403622685
0.403854167
0.404085648
0.404317130
0.404548611
0.404780093
0.405011574
0.405243056
0.405474537
0.405706019
0.405937500
0.406168981
0.406400463
0.406631944
0.406863426
0.407094907
0.407337963
0.407569444
0.407800926
0.408032407
0.408263889
0.408495370
0.408726852
0.408958333
0.409189815
0.409421296
0.409652778
0.409884259
0.410115741
0.410347222
0.410578704
0.410810185
0.411041667
0.411273148
0.411504630
0.411736111
0.411967593
0.412199074
0.412430556
0.412662037
0.412893519
0.413125000
0.413356481
0.413587963
0.413819444
0.414050926
0.414282407
0.414513889
0.414745370
0.414976852
0.415208333
0.415439815
0.415671296
0.415902778
0.416134259
0.416365741
0.416597222
0.416828704
0.417060185
0.417291667
0.417523148
0.417754630
0.417986111
0.418217593
0.418449074
0.418680556
0.418912037
0.419155093
0.419386574
0.419618056
0.419849537
0.420081019
0.420312500
0.420543981
0.420775463
0.421006944
0.421238426
0.421469907
0.421701389
0.421932870
0.422164352
0.422395833
0.422627315
0.422858796
0.423090278
0.423321759
0.423553241
0.423784722
0.424016204
0.424247685
0.424479167
0.424710648
0.424942130
0.425173611
0.425405093
0.425636574
0.425868056
0.426099537
0.426331019
0.426562500
0.426793981
0.427025463
0.427256944
0.427488426
0.427719907
0.427951389
0.428182870
0.428414352
0.428645833
0.428877315
0.429108796
0.429340278
0.429571759
0.429803241
0.430034722
0.430266204
0.430497685
0.430729167
0.430960648
0.431192130
0.431423611
0.431655093
0.431898148
0.432129630
0.432361111
0.432592593
0.432824074
0.433055556
0.433287037
0.433518519
0.433750000
0.433981481
0.434212963
0.434444444
0.434675926
0.434907407
0.435138889
0.435370370
0.435601852
0.435833333
0.436064815
0.436296296
0.436527778
0.436759259
0.436990741
0.437222222
0.437453704
0.437685185
0.437916667
0.438148148
0.438379630
0.438611111
0.438842593
0.439074074
0.439305556
0.439537037
0.439768519
0.440000000
0.440231481
0.440462963
0.440694444
0.440925926
0.441157407
0.441388889
0.441620370
0.441851852
0.442083333
0.442314815
0.442546296
0.442777778
0.443009259
0.443240741
0.443472222
0.443703704
0.443935185
0.444166667
0.444398148
0.444629630
0.444872685
0.445104167
0.445335648
0.445567130
0.445798611
0.446030093
0.446261574
0.446493056
0.446724537
0.446956019
0.447187500
0.447418981
0.447650463
0.447881944
0.448113426
0.448344907
0.448576389
0.448807870
0.449039352
0.449270833
0.449502315
0.449733796
0.449965278
0.450196759
0.450428241
0.450659722
0.450891204
0.451122685
0.451354167
0.451585648
0.451817130
0.452048611
0.452280093
0.452511574
0.452743056
0.452974537
0.453206019
0.453437500
0.453668981
0.453900463
0.454131944
0.454363426
0.454606481
0.454837963
0.455069444
0.455300926
0.455532407
0.455763889
0.455995370
0.456226852
0.456458333
0.456689815
0.456921296
0.457152778
0.457384259
0.457615741
0.457847222
0.458078704
0.458310185
0.458541667
0.458773148
0.459004630
0.459236111
0.459467593
0.459699074
0.459930556
0.460162037
0.460393519
0.460625000
0.460856481
0.461087963
0.461319444
0.461550926
0.461782407
0.462013889
0.462245370
0.462476852
0.462708333
0.462939815
0.463171296
0.463402778
0.463634259
0.463865741
0.464097222
0.464328704
0.464560185
0.464791667
0.465023148
0.465254630
0.465486111
0.465717593
0.465949074
0.466180556
0.466412037
0.466643519
0.466875000
0.467118056
0.467349537
0.467581019
0.467812500
0.468043981
0.468275463
0.468506944
0.468738426
0.468969907
0.469201389
0.469432870
0.469664352
0.469895833
0.470127315
0.470358796
0.470590278
0.470821759
0.471053241
0.471284722
0.471516204
0.471747685
0.471979167
0.472210648
0.472442130
0.472673611
0.472905093
0.473136574
0.473368056
0.473599537
0.473831019
0.474062500
0.474293981
0.474525463
0.474756944
0.474988426
0.475219907
0.475451389
0.475682870
0.475914352
0.476145833
0.476377315
0.476608796
0.476840278
0.477071759
0.477303241
0.477534722
0.477766204
0.477997685
0.478229167
0.478472222
0.478703704
0.478935185
0.479166667
0.479398148
0.479629630
0.479861111
0.480092593
0.480324074
0.480555556
0.480787037
0.481018519
0.481250000
0.481481481
0.481712963
0.481944444
0.482175926
0.482407407
0.482638889
0.482870370
0.483101852
0.483333333
0.483564815
0.483796296
0.484027778
0.484259259
0.484490741
0.484722222
0.484953704
0.485185185
0.485416667
0.485648148
0.485879630
0.486111111
0.486342593
0.486574074
0.486805556
0.487037037
0.487268519
0.487500000
0.487731481
0.487962963
0.488194444
0.488425926
0.488657407
0.488900463
0.489131944
0.489363426
0.489594907
0.489826389
0.490057870
0.490289352
0.490520833
0.490752315
0.490983796
0.491215278
0.491446759
0.491678241
0.491909722
0.492141204
0.492372685
0.492604167
0.492835648
0.493067130
0.493298611
0.493530093
0.493761574
0.493993056
0.494224537
0.494456019
0.494687500
0.494918981
0.495150463
0.495381944
0.495613426
0.495844907
0.496076389
0.496307870
0.496539352
0.496770833
0.497002315
0.497233796
0.497465278
0.497696759
0.497928241
0.498159722
0.498391204
0.498622685
0.498854167
0.499085648
0.499317130
0.499548611
0.499780093
0.500011574
0.500243056
0.500474537
0.500717593
0.500949074
0.501180556
0.501412037
0.501643519
0.501875000
0.502106481
0.502337963
0.502569444
0.502800926
0.503032407
0.503263889
0.503495370
0.503726852
0.503958333
0.504189815
0.504421296
0.504652778
0.504884259
0.505115741
0.505347222
0.505578704
0.505810185
0.506041667
0.506273148
0.506504630
0.506736111
0.506967593
0.507199074
0.507430556
0.507662037
0.507893519
0.508125000
0.508356481
0.508587963
0.508819444
0.509050926
0.509282407
0.509513889
0.509745370
0.509976852
0.510208333
0.510439815
0.510671296
0.510914352
0.511145833
0.511377315
0.511608796
0.511840278
0.512071759
0.512303241
0.512534722
0.512766204
0.512997685
0.513229167
0.513460648
0.513692130
0.513923611
0.514155093
0.514386574
0.514618056
0.514849537
0.515081019
0.515312500
0.515543981
0.515775463
0.516006944
0.516238426
0.516469907
0.516701389
0.516932870
0.517164352
0.517395833
0.517627315
0.517858796
0.518090278
0.518321759
0.518553241
0.518784722
0.519016204
0.519247685
0.519479167
0.519710648
0.519942130
0.520173611
0.520405093
0.520636574
0.520868056
0.521099537
0.521342593
0.521574074
0.521805556
0.522037037
0.522268519
0.522500000
0.522731481
0.522962963
0.523194444
0.523425926
0.523657407
0.523888889
0.524120370
0.524351852
0.524583333
0.524814815
0.525046296
0.525277778
0.525509259
0.525740741
0.525972222
0.526203704
0.526435185
0.526666667
0.526898148
0.527129630
0.527361111
0.527592593
0.527824074
0.528055556
0.528287037
0.528518519
0.528750000
0.528981481
0.529212963
0.529444444
0.529675926
0.529907407
0.530138889
0.530370370
0.530601852
0.530833333
0.531064815
0.531296296
0.531527778
0.531759259
0.531990741
0.532222222
0.532453704
0.532685185
0.532916667
0.533148148
0.533379630
0.533611111
0.533842593
0.534085648
0.534317130
0.534548611
0.534780093
0.535011574
0.535243056
0.535474537
0.535706019
0.535937500
0.536168981
0.536400463
0.536631944
0.536863426
0.537094907
0.537326389
0.537557870
0.537789352
0.538020833
0.538252315
0.538483796
0.538715278
0.538946759
0.539178241
0.539409722
0.539641204
0.539872685
0.540104167
0.540335648
0.540567130
0.540798611
0.541030093
0.541261574
0.541493056
0.541724537
0.541956019
0.542187500
0.542418981
0.542650463
0.542881944
0.543113426
0.543344907
0.543576389
0.543807870
0.544039352
0.544270833
0.544502315
0.544733796
0.544965278
0.545196759
0.545428241
0.545659722
0.545891204
0.546134259
0.546365741
0.546597222
0.546828704
0.547060185
0.547291667
0.547523148
0.547754630
0.547986111
0.548217593
0.548449074
0.548680556
0.548912037
0.549143519
0.549375000
0.549606481
0.549837963
0.550069444
0.550300926
0.550532407
0.550763889
0.550995370
0.551226852
0.551458333
0.551689815
0.551921296
0.552152778
0.552384259
0.552615741
0.552847222
0.553078704
0.553310185
0.553541667
0.553773148
0.554004630
0.554236111
0.554467593
0.554699074
0.554930556
0.555162037
0.555393519
0.555625000
0.555856481
0.556087963
0.556319444
0.556550926
0.556782407
0.557013889
0.557245370
0.557476852
0.557708333
0.557939815
0.558182870
0.558414352
0.558645833
0.558877315
0.559108796
0.559340278
0.559571759
0.559803241
0.560034722
0.560266204
0.560497685
0.560729167
0.560960648
0.561192130
0.561423611
0.561655093
0.561886574
0.562118056
0.562349537
0.562581019
0.562812500
0.563043981
0.563275463
0.563506944
0.563738426
0.563969907
0.564201389
0.564432870
0.564664352
0.564895833
0.565127315
0.565358796
0.565590278
0.565821759
0.566053241
0.566284722
0.566516204
0.566747685
0.566979167
0.567210648
0.567442130
0.567673611
0.567905093
0.568136574
0.568379630
0.568611111
0.568842593
0.569074074
0.569305556
0.569537037
0.569768519
0.570000000
0.570231481
0.570462963
0.570694444
0.570925926
0.571157407
0.571388889
0.571620370
0.571851852
0.572083333
0.572314815
0.572546296
0.572777778
0.573009259
0.573240741
0.573472222
0.573703704
0.573935185
0.574166667
0.574398148
0.574629630
0.574861111
0.575092593
0.575324074
0.575555556
0.575787037
0.576018519
0.576250000
0.576481481
0.576712963
0.576944444
0.577175926
0.577407407
0.577638889
0.577870370
0.578101852
0.578333333
0.578564815
0.578796296
0.579027778
0.579259259
0.579490741
0.579733796
0.579965278
0.580196759
0.580428241
0.580659722
0.580891204
0.581122685
0.581354167
0.581585648
0.581817130
0.582048611
0.582280093
0.582511574
0.582743056
0.582974537
0.583206019
0.583437500
0.583668981
0.583900463
0.584131944
0.584363426
0.584594907
0.584826389
0.585057870
0.585289352
0.585520833
0.585752315
0.585983796
0.586215278
0.586446759
0.586678241
0.586909722
0.587141204
0.587372685
0.587604167
0.587835648
0.588067130
0.588298611
0.588530093
0.588761574
0.588993056
0.589224537
0.589456019
0.589687500
0.589918981
0.590150463
0.590381944
0.590613426
0.590844907
0.591076389
0.591307870
0.591539352
0.591770833
0.592002315
0.592233796
0.592465278
0.592696759
0.592928241
0.593159722
0.593402778
0.593634259
0.593865741
0.594097222
0.594328704
0.594560185
0.594791667
0.595023148
0.595254630
0.595486111
0.595717593
0.595949074
0.596180556
0.596412037
0.596643519
0.596875000
0.597106481
0.597337963
0.597569444
0.597800926
0.598032407
0.598263889
0.598495370
0.598726852
0.598958333
0.599189815
0.599421296
0.599652778
0.599884259
0.600115741
0.600347222
0.600578704
0.600810185
0.601041667
0.601273148
0.601504630
0.601736111
0.601967593
0.602199074
0.602430556
0.602662037
0.602893519
0.603125000
0.603356481
0.603599537
0.603831019
0.604062500
0.604293981
0.604525463
0.604756944
0.604988426
0.605219907
0.605451389
0.605682870
0.605914352
0.606145833
0.606377315
0.606608796
0.606840278
0.607071759
0.607303241
0.607534722
0.607766204
0.607997685
0.608229167
0.608460648
0.608692130
0.608923611
0.609155093
0.609386574
0.609618056
0.609849537
0.610081019
0.610312500
0.610543981
0.610775463
0.611006944
0.611238426
0.611469907
0.611701389
0.611932870
0.612164352
0.612395833
0.612627315
0.612858796
0.613090278
0.613321759
0.613553241
0.613784722
0.614027778
0.614259259
0.614490741
0.614722222
0.614953704
0.615185185
0.615416667
0.615648148
0.615879630
0.616111111
0.616342593
0.616574074
0.616805556
0.617037037
0.617268519
0.617500000
0.617731481
0.617962963
0.618194444
0.618425926
0.618657407
0.618888889
0.619120370
0.619351852
0.619583333
0.619814815
0.620046296
0.620277778
0.620509259
0.620740741
0.620972222
0.621203704
0.621435185
0.621666667
0.621898148
0.622129630
0.622361111
0.622592593
0.622824074
0.623055556
0.623287037
0.623518519
0.623750000
0.623981481
0.624212963
0.624444444
0.624675926
0.624907407
0.625150463
0.625381944
0.625613426
0.625844907
0.626076389
0.626307870
0.626539352
0.626770833
0.627002315
0.627233796
0.627465278
0.627696759
0.627928241
0.628159722
0.628391204
0.628622685
0.628854167
0.629085648
0.629317130
0.629548611
0.629780093
0.630011574
0.630243056
0.630474537
0.630706019
0.630937500
0.631168981
0.631400463
0.631631944
0.631863426
0.632094907
0.632326389
0.632557870
0.632789352
0.633020833
0.633252315
0.633483796
0.633715278
0.633946759
0.634178241
0.634409722
0.634641204
0.634872685
0.635104167
0.635335648
0.635567130
0.635798611
0.636030093
0.636261574
0.636493056
0.636724537
0.636956019
0.637187500
0.637418981
0.637650463
0.637881944
0.638113426
0.638356481
0.638587963
0.638819444
0.639050926
0.639282407
0.639513889
0.639745370
0.639976852
0.640208333
0.640439815
0.640671296
0.640902778
0.641134259
0.641365741
0.641597222
0.641828704
0.642060185
0.642291667
0.642523148
0.642754630
0.642986111
0.643217593
0.643449074
0.643680556
0.643912037
0.644143519
0.644375000
0.644606481
0.644837963
0.645069444
0.645300926
0.645532407
0.645763889
0.645995370
0.646226852
0.646458333
0.646689815
0.646921296
0.647152778
0.647384259
0.647615741
0.647847222
0.648078704
0.648310185
0.648553241
0.648784722
0.649016204
0.649247685
0.649479167
0.649710648
0.649942130
0.650173611
0.650405093
0.650636574
0.650868056
0.651099537
0.651331019
0.651562500
0.651793981
0.652025463
0.652256944
0.652488426
0.652719907
0.652951389
0.653182870
0.653414352
0.653645833
0.653877315
0.654108796
0.654340278
0.654571759
0.654803241
0.655034722
0.655266204
0.655497685
0.655729167
0.655960648
0.656192130
0.656423611
0.656655093
0.656886574
0.657118056
0.657349537
0.657581019
0.657812500
0.658043981
0.658275463
0.658506944
0.658738426
0.658969907
0.659201389
0.659432870
0.659664352
0.659895833
0.660127315
0.660358796
0.660590278
0.660821759
0.661064815
0.661296296
0.661527778
0.661759259
0.661990741
0.662222222
0.662453704
0.662685185
0.662916667
0.663148148
0.663379630
0.663611111
0.663842593
0.664074074
0.664305556
0.664537037
0.664768519
0.665000000
0.665231481
0.665462963
0.665694444
0.665925926
0.666157407
0.666388889
0.666620370
0.666851852
0.667083333
0.667314815
0.667546296
0.667777778
0.668009259
0.668240741
0.668472222
0.668703704
0.668935185
0.669166667
0.669398148
0.669629630
0.669861111
0.670092593
0.670324074
0.670555556
0.670787037
0.671018519
0.671250000
0.671481481
0.671712963
0.671944444
0.672175926
0.672407407
0.672638889
0.672870370
0.673101852
0.673333333
0.673564815
0.673796296
0.674027778
0.674259259
0.674490741
0.674733796
0.674965278
0.675196759
0.675428241
0.675659722
0.675891204
0.676122685
0.676354167
0.676585648
0.676817130
0.677048611
0.677280093
0.677511574
0.677743056
0.677974537
0.678206019
0.678437500
0.678668981
0.678900463
0.679131944
0.679363426
0.679594907
0.679826389
0.680057870
0.680289352
0.680520833
0.680752315
0.680983796
0.681215278
0.681446759
0.681678241
0.681909722
0.682141204
0.682372685
0.682604167
0.682835648
0.683067130
0.683298611
0.683530093
0.683761574
0.683993056
0.684224537
0.684456019
0.684687500
0.684918981
0.685150463
0.685381944
0.685613426
0.685844907
0.686087963
0.686319444
0.686550926
0.686782407
0.687013889
0.687245370
0.687476852
0.687708333
0.687939815
0.688171296
0.688402778
0.688634259
0.688865741
0.689097222
0.689328704
0.689560185
0.689791667
0.690023148
0.690254630
0.690486111
0.690717593
0.690949074
0.691180556
0.691412037
0.691643519
0.691875000
0.692106481
0.692337963
0.692569444
0.692800926
0.693032407
0.693263889
0.693495370
0.693726852
0.693958333
0.694189815
0.694421296
0.694652778
0.694884259
0.695115741
0.695347222
0.695578704
0.695810185
0.696041667
0.696273148
0.696504630
0.696747685
0.696979167
0.697210648
0.697442130
0.697673611
0.697905093
0.698136574
0.698368056
0.698599537
0.698831019
0.699062500
0.699293981
0.699525463
0.699756944
0.699988426
0.700219907
0.700451389
0.700682870
0.700914352
0.701145833
0.701377315
0.701608796
0.701840278
0.702071759
0.702303241
0.702534722
0.702766204
0.702997685
0.703229167
0.703460648
0.703692130
0.703923611
0.704155093
0.704386574
0.704618056
0.704849537
0.705081019
0.705312500
0.705543981
0.705775463
0.706006944
0.706238426
0.706469907
0.706701389
0.706932870
0.707164352
0.707395833
0.707627315
0.707858796
0.708090278
0.708333333
0.708564815
0.708796296
0.709027778
0.709259259
0.709490741
0.709722222
0.709953704
0.710185185
0.710416667
0.710648148
0.710879630
0.711111111
0.711342593
0.711574074
0.711805556
0.712037037
0.712268519
0.712500000
0.712731481
0.712962963
0.713194444
0.713425926
0.713657407
0.713888889
0.714120370
0.714351852
0.714583333
0.714814815
0.715046296
0.715277778
0.715509259
0.715740741
0.715972222
0.716203704
0.716435185
0.716666667
0.716898148
0.717129630
0.717361111
0.717592593
0.717824074
0.718055556
0.718287037
0.718518519
0.718750000
0.718981481
0.719212963
0.719444444
0.719687500
0.719918981
0.720150463
0.720381944
0.720613426
0.720844907
0.721076389
0.721307870
0.721539352
0.721770833
0.722002315
0.722233796
0.722465278
0.722696759
0.722928241
0.723159722
0.723391204
0.723622685
0.723854167
0.724085648
0.724317130
0.724548611
0.724780093
0.725011574
0.725243056
0.725474537
0.725706019
0.725937500
0.726168981
0.726400463
0.726631944
0.726863426
0.727094907
0.727326389
0.727557870
0.727789352
0.728020833
0.728252315
0.728483796
0.728715278
0.728946759
0.729178241
0.729409722
0.729641204
0.729872685
0.730104167
0.730335648
0.730567130
0.730798611
0.731030093
0.731261574
0.731493056
0.731724537
0.731956019
0.732199074
0.732430556
0.732662037
0.732893519
0.733125000
0.733356481
0.733587963
0.733819444
0.734050926
0.734282407
0.734513889
0.734745370
0.734976852
0.735208333
0.735439815
0.735671296
0.735902778
0.736134259
0.736365741
0.736597222
0.736828704
0.737060185
0.737291667
0.737523148
0.737754630
0.737986111
0.738217593
0.738449074
0.738680556
0.738912037
0.739143519
0.739375000
0.739606481
0.739837963
0.740069444
0.740300926
0.740532407
0.740763889
0.740995370
0.741226852
0.741458333
0.741689815
0.741921296
0.742152778
0.742395833
0.742627315
0.742858796
0.743090278
0.743321759
0.743553241
0.743784722
0.744016204
0.744247685
0.744479167
0.744710648
0.744942130
0.745173611
0.745405093
0.745636574
0.745868056
0.746099537
0.746331019
0.746562500
0.746793981
0.747025463
0.747256944
0.747488426
0.747719907
0.747951389
0.748182870
0.748414352
0.748645833
0.748877315
0.749108796
0.749340278
0.749571759
0.749803241
0.750034722
0.750266204
0.750497685
0.750729167
0.750960648
0.751192130
0.751423611
0.751655093
0.751886574
0.752118056
0.752349537
0.752581019
0.752812500
0.753043981
0.753275463
0.753506944
0.753738426
0.753969907
0.754201389
0.754432870
0.754664352
0.754907407
0.755138889
0.755370370
0.755601852
0.755833333
0.756064815
0.756296296
0.756527778
0.756759259
0.756990741
0.757222222
0.757453704
0.757685185
0.757916667
0.758148148
0.758379630
0.758611111
0.758842593
0.759074074
0.759305556
0.759537037
0.759768519
0.760000000
0.760231481
0.760462963
0.760694444
0.760925926
0.761157407
0.761388889
0.761620370
0.761851852
0.762083333
0.762314815
0.762546296
0.762777778
0.763009259
0.763240741
0.763472222
0.763703704
0.763935185
0.764166667
0.764398148
0.764629630
0.764861111
0.765092593
0.765335648
0.765567130
0.765798611
0.766030093
0.766261574
0.766493056
0.766724537
0.766956019
0.767187500
0.767418981
0.767650463
0.767881944
0.768113426
0.768344907
0.768576389
0.768807870
0.769039352
0.769270833
0.769502315
0.769733796
0.769965278
0.770196759
0.770428241
0.770659722
0.770891204
0.771122685
0.771354167
0.771585648
0.771817130
0.772048611
0.772280093
0.772511574
0.772743056
0.772974537
0.773206019
0.773437500
0.773668981
0.773900463
0.774131944
0.774363426
0.774594907
0.774837963
0.775069444
0.775300926
0.775532407
0.775763889
0.775995370
0.776226852
0.776458333
0.776689815
0.776921296
0.777152778
0.777384259
0.777615741
0.777847222
0.778078704
0.778310185
0.778541667
0.778773148
0.779004630
0.779236111
0.779467593
0.779699074
0.779930556
0.780162037
0.780393519
0.780625000
0.780856481
0.781087963
0.781319444
0.781550926
0.781782407
0.782013889
0.782245370
0.782476852
0.782708333
0.782939815
0.783171296
0.783402778
0.783634259
0.783865741
0.784097222
0.784328704
0.784560185
0.784791667
0.785023148
0.785254630
0.785486111
0.785717593
0.785949074
0.786180556
0.786412037
0.786643519
0.786875000
0.787106481
0.787349537
0.787581019
0.787812500
0.788043981
0.788275463
0.788506944
0.788738426
0.788969907
0.789201389
0.789432870
0.789664352
0.789895833
0.790127315
0.790358796
0.790590278
0.790821759
0.791053241
0.791284722
0.791516204
0.791747685
0.791979167
0.792210648
0.792442130
0.792673611
0.792905093
0.793136574
0.793368056
0.793599537
0.793831019
0.794062500
0.794293981
0.794525463
0.794756944
0.794988426
0.795219907
0.795451389
0.795682870
0.795914352
0.796145833
0.796377315
0.796608796
0.796840278
0.797071759
0.797303241
0.797534722
0.797766204
0.797997685
0.798229167
0.798460648
0.798692130
0.798923611
0.799155093
0.799386574
0.799618056
0.799849537
0.800092593
0.800324074
0.800555556
0.800787037
0.801018519
0.801250000
0.801481481
0.801712963
0.801944444
0.802175926
0.802407407
0.802638889
0.802870370
0.803101852
0.803333333
0.803564815
0.803796296
0.804027778
0.804259259
0.804490741
0.804722222
0.804953704
0.805185185
0.805416667
0.805648148
0.805879630
0.806111111
0.806342593
0.806574074
0.806805556
0.807037037
0.807268519
0.807500000
0.807731481
0.807962963
0.808194444
0.808425926
0.808657407
0.808888889
0.809120370
0.809351852
0.809583333
0.809814815
0.810046296
0.810277778
0.810509259
0.810740741
0.810972222
0.811203704
0.811435185
0.811666667
0.811909722
0.812141204
0.812372685
0.812604167
0.812835648
0.813067130
0.813298611
0.813530093
0.813761574
0.813993056
0.814224537
0.814456019
0.814687500
0.814918981
0.815150463
0.815381944
0.815613426
0.815844907
0.816076389
0.816307870
0.816539352
0.816770833
0.817002315
0.817233796
0.817465278
0.817696759
0.817928241
0.818159722
0.818391204
0.818622685
0.818854167
0.819085648
0.819317130
0.819548611
0.819780093
0.820011574
0.820243056
0.820474537
0.820706019
0.820937500
0.821168981
0.821400463
0.821631944
0.821863426
0.822094907
0.822326389
0.822557870
0.822789352
0.823032407
0.823263889
0.823495370
0.823726852
0.823958333
0.824189815
0.824421296
0.824652778
0.824884259
0.825115741
0.825347222
0.825578704
0.825810185
0.826041667
0.826273148
0.826504630
0.826736111
0.826967593
0.827199074
0.827430556
0.827662037
0.827893519
0.828125000
0.828356481
0.828587963
0.828819444
0.829050926
0.829282407
0.829513889
0.829745370
0.829976852
0.830208333
0.830439815
0.830671296
0.830902778
0.831134259
0.831365741
0.831597222
0.831828704
0.832060185
0.832291667
0.832523148
0.832754630
0.832986111
0.833217593
0.833449074
0.833680556
0.833912037
0.834143519
0.834375000
0.834606481
0.834837963
0.835081019
0.835312500
0.835543981
0.835775463
0.836006944
0.836238426
0.836469907
0.836701389
0.836932870
0.837164352
0.837395833
0.837627315
0.837858796
0.838090278
0.838321759
0.838553241
0.838784722
0.839016204
0.839247685
0.839479167
0.839710648
0.839942130
0.840173611
0.840405093
0.840636574
0.840868056
0.841099537
0.841331019
0.841562500
0.841793981
0.842025463
0.842256944
0.842488426
0.842719907
0.842951389
0.843182870
0.843414352
0.843645833
0.843877315
0.844108796
0.844340278
0.844571759
0.844803241
0.845034722
0.845266204
0.845497685
0.845729167
0.845960648
0.846192130
0.846423611
0.846655093
0.846886574
0.847129630
0.847361111
0.847592593
0.847824074
0.848055556
0.848287037
0.848518519
0.848750000
0.848981481
0.849212963
0.849444444
0.849675926
0.849907407
0.850138889
0.850370370
0.850601852
0.850833333
0.851064815
0.851296296
0.851527778
0.851759259
0.851990741
0.852222222
0.852453704
0.852685185
0.852916667
0.853148148
0.853379630
0.853611111
0.853842593
0.854074074
0.854305556
0.854537037
0.854768519
0.855000000
0.855231481
0.855462963
0.855694444
0.855925926
0.856157407
0.856388889
0.856620370
0.856851852
0.857083333
0.857314815
0.857546296
0.857777778
0.858009259
0.858240741
0.858472222
0.858703704
0.858935185
0.859166667
0.859398148
0.859641204
0.859872685
0.860104167
0.860335648
0.860567130
0.860798611
0.861030093
0.861261574
0.861493056
0.861724537
0.861956019
0.862187500
0.862418981
0.862650463
0.862881944
0.863113426
0.863344907
0.863576389
0.863807870
0.864039352
0.864270833
0.864502315
0.864733796
0.864965278
0.865196759
0.865428241
0.865659722
0.865891204
0.866122685
0.866354167
0.866585648
0.866817130
0.867048611
0.867280093
0.867511574
0.867743056
0.867974537
0.868206019
0.868437500
0.868668981
0.868900463
0.869131944
0.869363426
0.869594907
0.869826389
0.870069444
0.870300926
0.870532407
0.870763889
0.870995370
0.871226852
0.871458333
0.871689815
0.871921296
0.872152778
0.872384259
0.872615741
0.872847222
0.873078704
0.873310185
0.873541667
0.873773148
0.874004630
0.874236111
0.874467593
0.874699074
0.874930556
0.875162037
0.875393519
0.875625000
0.875856481
0.876087963
0.876319444
0.876550926
0.876782407
0.877013889
0.877245370
0.877476852
0.877708333
0.877939815
0.878171296
0.878402778
0.878634259
0.878865741
0.879097222
0.879328704
0.879571759
0.879803241
0.880034722
0.880266204
0.880497685
0.880729167
0.880960648
0.881192130
0.881423611
0.881655093
0.881886574
0.882118056
0.882349537
0.882581019
0.882812500
0.883043981
0.883275463
0.883506944
0.883738426
0.883969907
0.884201389
0.884432870
0.884664352
0.884895833
0.885127315
0.885358796
0.885590278
0.885821759
0.886053241
0.886284722
0.886516204
0.886747685
0.886979167
0.887210648
0.887442130
0.887673611
0.887905093
0.888136574
0.888368056
0.888599537
0.888831019
0.889062500
0.889293981
0.889525463
0.889756944
0.889988426
0.890219907
0.890451389
0.890682870
0.890914352
0.891145833
0.891377315
0.891620370
0.891851852
0.892083333
0.892314815
0.892546296
0.892777778
0.893009259
0.893240741
0.893472222
0.893703704
0.893935185
0.894166667
0.894398148
0.894629630
0.894861111
0.895092593
0.895324074
0.895555556
0.895787037
0.896018519
0.896250000
0.896481481
0.896712963
0.896944444
0.897175926
0.897407407
0.897638889
0.897870370
0.898101852
0.898333333
0.898564815
0.898796296
0.899027778
0.899259259
0.899490741
0.899722222
0.899953704
0.900185185
0.900416667
0.900648148
0.900879630
0.901111111
0.901342593
0.901574074
0.901805556
0.902037037
0.902280093
0.902511574
0.902743056
0.902974537
0.903206019
0.903437500
0.903668981
0.903900463
0.904131944
0.904363426
0.904594907
0.904826389
0.905057870
0.905289352
0.905520833
0.905752315
0.905983796
0.906215278
0.906446759
0.906678241
0.906909722
0.907141204
0.907372685
0.907604167
0.907835648
0.908067130
0.908298611
0.908530093
0.908761574
0.908993056
0.909224537
0.909456019
0.909687500
0.909918981
0.910150463
0.910381944
0.910613426
0.910844907
0.911076389
0.911307870
0.911539352
0.911770833
0.912002315
0.912233796
0.912465278
0.912708333
0.912939815
0.913171296
0.913402778
0.913634259
0.913865741
0.914097222
0.914328704
0.914560185
0.914791667
0.915023148
0.915254630
0.915486111
0.915717593
0.915949074
0.916180556
0.916412037
0.916643519
0.916875000
0.917106481
0.917337963
0.917569444
0.917800926
0.918032407
0.918263889
0.918495370
0.918726852
0.918958333
0.919189815
0.919421296
0.919652778
0.919884259
0.920115741
0.920347222
0.920578704
0.920810185
0.921041667
0.921273148
0.921504630
0.921736111
0.921967593
0.922199074
0.922430556
0.922662037
0.922893519
0.923125000
0.923356481
0.923587963
0.923819444
0.924050926
0.924282407
0.924525463
0.924756944
0.924988426
0.925219907
0.925451389
0.925682870
0.925914352
0.926145833
0.926377315
0.926608796
0.926840278
0.927071759
0.927303241
0.927534722
0.927766204
0.927997685
0.928229167
0.928460648
0.928692130
0.928923611
0.929155093
0.929386574
0.929618056
0.929849537
0.930081019
0.930312500
0.930543981
0.930775463
0.931006944
0.931238426
0.931469907
0.931701389
0.931932870
0.932164352
0.932395833
0.932627315
0.932858796
0.933090278
0.933321759
0.933553241
0.933784722
0.934016204
0.934247685
0.934479167
0.934722222
0.934953704
0.935185185
0.935416667
0.935648148
0.935879630
0.936111111
0.936342593
0.936574074
0.936805556
0.937037037
0.937268519
0.937500000
0.937731481
0.937962963
0.938194444
0.938425926
0.938657407
0.938888889
0.939120370
0.939351852
0.939583333
0.939814815
0.940046296
0.940277778
0.940509259
0.940740741
0.940972222
0.941203704
0.941435185
0.941666667
0.941898148
0.942129630
0.942361111
0.942592593
0.942824074
0.943055556
0.943287037
0.943518519
0.943750000
0.943981481
0.944212963
0.944444444
0.944675926
0.944907407
0.945138889
0.945370370
0.945601852
0.945833333
0.946064815
0.946296296
0.946527778
0.946759259
0.946990741
0.947222222
0.947453704
0.947696759
0.947928241
0.948159722
0.948391204
0.948622685
0.948854167
0.949085648
0.949317130
0.949548611
0.949780093
0.950011574
0.950243056
0.950474537
0.950706019
0.950937500
0.951168981
0.951400463
0.951631944
0.951863426
0.952094907
0.952326389
0.952557870
0.952789352
0.953020833
0.953252315
0.953483796
0.953715278
0.953946759
0.954178241
0.954409722
0.954641204
0.954872685
0.955104167
0.955335648
0.955567130
0.955798611
0.956030093
0.956261574
0.956493056
0.956724537
0.956956019
0.957187500
0.957418981
0.957650463
0.957881944
0.958113426
0.958356481
0.958587963
0.958819444
0.959050926
0.959282407
0.959513889
0.959745370
0.959976852
0.960208333
0.960439815
0.960671296
0.960902778
0.961134259
0.961365741
0.961597222
0.961828704
0.962060185
0.962291667
0.962523148
0.962754630
0.962986111
0.963217593
0.963449074
0.963680556
0.963912037
0.964143519
0.964375000
0.964606481
0.964837963
0.965069444
0.965300926
0.965532407
0.965763889
0.965995370
0.966226852
0.966458333
0.966689815
0.966921296
0.967152778
0.967384259
0.967615741
0.967847222
0.968078704
0.968310185
0.968541667
0.968773148
0.969004630
0.969236111
0.969479167
0.969710648
0.969942130
0.970173611
0.970405093
0.970636574
0.970868056
0.971099537
0.971331019
0.971562500
0.971793981
0.972025463
0.972256944
0.972488426
0.972719907
0.972951389
0.973182870
0.973414352
0.973645833
0.973877315
0.974108796
0.974340278
0.974571759
0.974803241
0.975034722
0.975266204
0.975497685
0.975729167
0.975960648
0.976192130
0.976423611
0.976655093
0.976886574
0.977118056
0.977349537
0.977581019
0.977812500
0.978043981
0.978275463
0.978506944
0.978738426
0.978969907
0.979201389
0.979432870
0.979675926
0.979907407
0.980138889
0.980370370
0.980601852
0.980833333
0.981064815
0.981296296
0.981527778
0.981759259
0.981990741
0.982222222
0.982453704
0.982685185
0.982916667
0.983148148
0.983379630
0.983611111
0.983842593
0.984074074
0.984305556
0.984537037
0.984768519
0.985000000
0.985231481
0.985462963
0.985694444
0.985925926
0.986157407
0.986388889
0.986620370
0.986851852
0.987083333
0.987314815
0.987546296
0.987777778
0.988009259
0.988240741
0.988472222
0.988703704
0.988935185
0.989166667
0.989398148
0.989629630
0.989861111
0.990092593
0.990324074
0.990555556
0.990787037
0.991018519
0.991250000
0.991481481
0.991712963
0.991944444
0.992175926
0.992407407
0.992638889
0.992870370
0.993101852
0.993344907
0.993576389
0.993807870
0.994039352
0.994270833
0.994502315
0.994733796
0.994965278
0.995196759
0.995428241
0.995659722
0.995891204
0.996122685
0.996354167
0.996585648
0.996817130
0.997048611
0.997280093
0.997511574
0.997743056
0.997974537
0.998206019
0.998437500
0.998668981
0.998900463
0.999131944
0.999363426
0.999594907
0.999826389
