-91.173
-91.374
-91.67
-91.54
-91.414
-91.458
-91.46
-91.309
-91.279
-91.194
-90.81
-90.773
-91.079
-91.255
-91.346
-91.112
-90.949
-90.828
-90.887
-90.41
-89.716
-89.893
-90.421
-90.896
-91.041
-91.056
-90.912
-90.893
-91.0
-90.99
-90.932
-91.063
-90.886
-90.743
-90.954
-91.123
-91.194
-91.118
-91.247
-91.357
-91.267
-91.072
-90.935
-90.855
-91.088
-91.28
-91.265
-91.408
-91.617
-91.569
-91.545
-91.416
-91.239
-91.48
-91.841
-91.69
-91.53
-91.584
-91.613
-91.651
-91.77
-91.828
-91.666
-91.943
-91.919
-91.567
-91.525
-91.727
-91.866
-91.825
-91.806
-91.819
-91.792
-91.947
-92.004
-91.949
-91.812
-91.8
-91.974
-92.016
-91.87
-91.59
-90.867
-90.065
-89.046
-85.783
-83.245
-83.8
-83.8
-83.087
-84.465
-86.473
-88.885
-91.172
-91.901
-92.124
-92.058
-91.909
-91.842
-92.021
-92.196
-92.126
-92.209
-92.198
-91.987
-91.913
-91.747
-91.706
-91.846
-91.921
-91.887
-91.838
-91.974
-92.018
-91.792
-91.8
-91.902
-91.999
-91.808
-90.846
-90.059
-89.676
-89.372
-90.383
-91.54
-91.589
-91.301
-91.051
-91.33
-91.515
-91.406
-91.441
-91.254
-91.02
-90.936
-90.882
-91.088
-91.194
-91.325
-91.502
-91.568
-91.57
-91.564
-91.294
-91.4
-91.698
-91.442
-91.326
-91.381
-91.477
-91.59
-91.561
-91.5
-91.258
-90.917
-90.617
-90.53
-90.725
-90.574
-90.587
-91.099
-91.171
-90.899
-91.025
-91.224
-91.453
-91.532
-91.409
-91.464
-91.804
-91.999
-92.023
-92.1
-92.09
-92.181
-92.217
-92.1
-92.18
-92.223
-92.179
-92.141
-92.12
-92.036
-92.195
-92.548
-92.43
-92.097
-92.244
-92.032
-91.125
-90.912
-90.866
-90.836
-90.762
-90.369
-90.617
-91.421
-91.953
-92.193
-92.364
-92.531
-92.696
-92.332
-91.997
-92.451
-92.777
-92.934
-92.794
-92.493
-92.541
-92.463
-92.569
-92.606
-92.592
-92.794
-93.069
-93.258
-93.358
-93.125
-92.618
-92.58
-92.985
-93.367
-93.344
-93.172
-92.978
-93.199
-93.228
-92.798
-92.607
-92.847
-93.283
-93.16
-92.872
-92.659
-92.95
-93.04
-93.013
-93.21
-92.813
-93.053
-93.268
-93.037
-92.815
-92.972
-92.887
-92.862
-92.887
-92.604
-93.011
-92.722
-92.507
-92.5
-92.3
-92.579
-92.509
-92.248
-92.126
-92.506
-92.769
-93.043
-93.108
-92.757
-92.95
-92.899
-92.246
-91.356
-91.048
-91.379
-91.337
-90.39
-90.131
-90.357
-90.792
-90.908
-90.625
-91.234
-91.53
-91.888
-92.264
-92.073
-92.047
-92.268
-92.384
-92.295
-92.178
-92.258
-92.152
-92.109
-92.342
-92.33
-92.028
-91.763
-91.792
-91.712
-91.729
-91.625
-91.53
-91.72
-91.749
-91.725
-91.638
-91.484
-91.612
-92.024
-92.03
-91.736
-91.35
-91.323
-91.675
-91.609
-91.601
-91.515
-91.46
-91.602
-91.617
-91.714
-91.602
-91.278
-91.054
-91.01
-90.987
-91.12
-91.071
-91.259
-91.441
-91.325
-91.27
-91.244
-91.138
-91.112
-91.49
-91.432
-91.24
-91.494
-91.656
-91.45
-91.551
-91.683
-91.5
-91.51
-91.523
-91.491
-91.331
-91.315
-91.012
-91.144
-91.608
-91.547
-91.386
-91.165
-91.257
-91.312
-91.246
-91.157
-91.253
-91.414
-91.466
-91.381
-91.176
-91.111
-91.322
-91.338
-91.002
-91.163
-91.431
-91.358
-91.488
-91.544
-91.458
-91.486
-91.443
-91.415
-91.16
-91.295
-91.656
-91.182
-90.742
-90.917
-91.212
-91.213
-91.144
-91.097
-91.304
-91.543
-91.49
-91.47
-91.335
-91.301
-91.179
-91.02
-91.053
-91.075
-90.761
-90.527
-90.517
-90.475
-90.696
-90.563
-90.647
-90.68
-89.871
-88.732
-88.911
-90.095
-89.728
-88.754
-89.091
-89.313
-88.572
-88.749
-89.743
-90.459
-90.88
-90.917
-90.864
-90.89
-90.755
-90.963
-91.065
-91.11
-91.26
-91.273
-91.471
-91.485
-91.327
-91.11
-91.148
-91.135
-91.127
-91.159
-91.167
-91.368
-91.308
-91.132
-90.931
-91.054
-91.316
-91.282
-91.027
-90.94
-91.118
-91.498
-91.691
-91.511
-91.535
-91.408
-91.462
-91.616
-91.453
-91.409
-91.533
-91.491
-91.194
-91.172
-91.326
-91.102
-91.054
-91.373
-91.555
-91.193
-91.165
-91.42
-91.104
-90.94
-90.373
-89.174
-89.022
-89.393
-89.464
-89.328
-89.302
-90.086
-90.686
-90.939
-91.124
-90.957
-90.892
-90.853
-90.702
-90.686
-90.859
-91.181
-91.323
-91.389
-91.47
-91.478
-91.238
-90.93
-91.209
-90.992
-90.721
-90.953
-90.842
-90.886
-91.032
-91.211
-91.479
-91.592
-91.48
-91.251
-91.289
-91.42
-91.298
-91.291
-91.175
-91.299
-91.288
-91.286
-91.286
-91.674
-91.721
-91.762
-91.809
-91.691
-91.389
-91.279
-91.24
-91.198
-91.151
-90.932
-91.1
-91.381
-91.133
-91.17
-91.274
-91.146
-90.848
-90.795
-90.961
-90.934
-90.979
-91.199
-91.394
-91.224
-91.129
-91.245
-91.264
-91.352
-91.459
-91.403
-91.333
-91.359
-91.383
-91.346
-91.124
-91.201
-91.509
-91.629
-92.025
-91.608
-90.262
-89.387
-89.073
-89.122
-89.851
-90.841
-91.734
-91.957
-91.665
-92.029
-91.976
-91.623
-92.108
-92.618
-92.787
-92.534
-92.81
-92.863
-92.31
-92.4
-92.598
-92.581
-92.658
-92.733
-92.495
-92.454
-92.484
-92.007
-91.739
-91.624
-91.115
-90.751
-89.697
-88.057
-85.264
-82.907
-82.947
-82.756
-82.792
-82.435
-81.398
-81.583
-82.187
-82.297
-82.424
-82.372
-82.657
-84.17
-84.339
-83.711
-83.988
-84.576
-83.901
-83.966
-84.622
-84.679
-84.479
-85.045
-85.862
-86.015
-86.962
-87.375
-86.544
-86.0
-84.656
-83.097
-83.14
-83.26
-84.738
-84.504
-83.298
-83.126
-81.913
-81.291
-81.629
-81.752
-81.665
-82.655
-82.622
-82.691
-83.21
-82.222
-81.704
-83.006
-84.104
-84.02
-84.724
-86.456
-88.763
-90.041
-90.462
-91.071
-91.321
-91.828
-92.366
-92.104
-91.943
-92.397
-92.606
-93.022
-93.002
-92.704
-93.179
-93.229
-93.16
-92.762
-92.288
-92.349
-92.595
-92.903
-93.275
-93.496
-92.924
-92.582
-92.854
-93.072
-93.264
-93.176
-92.919
-92.461
-92.363
-92.343
-92.168
-91.985
-92.174
-92.671
-92.59
-92.205
-91.873
-91.356
-90.985
-90.622
-90.237
-90.456
-90.651
-90.309
-90.227
-90.462
-91.068
-91.625
-92.011
-92.122
-91.726
-91.535
-91.674
-91.916
-91.794
-91.621
-91.558
-91.493
-91.612
-91.828
-91.927
-92.056
-91.678
-91.439
-91.654
-91.671
-91.846
-91.748
-91.85
-91.802
-91.124
-90.988
-90.955
-90.61
-91.11
-91.708
-91.623
-91.811
-91.765
-91.733
-91.59
-91.357
-91.534
-91.456
-91.489
-91.69
-91.562
-91.396
-91.618
-91.789
-91.774
-91.941
-91.557
-91.393
-91.553
-91.169
-90.993
-90.97
-90.922
-91.39
-91.616
-91.359
-91.599
-91.732
-91.485
-91.517
-91.61
-91.356
-91.509
-91.585
-91.713
-91.576
-91.285
-91.621
-91.665
-91.481
-91.648
-91.606
-91.147
-91.514
-91.843
-91.584
-91.358
-91.176
-91.302
-91.448
-91.336
-91.515
-91.458
-91.339
-91.575
-91.441
-91.412
-91.384
-91.286
-91.509
-91.612
-91.563
-91.563
-91.591
-91.554
-91.541
-91.615
-91.557
-91.674
-91.826
-91.872
-91.938
-91.93
-91.946
-92.036
-91.961
-91.871
-91.769
-91.813
-92.178
-92.192
-92.003
-92.095
-91.997
-91.676
-91.768
-92.054
-92.031
-91.923
-91.75
-91.64
-91.779
-91.646
-91.454
-91.632
-91.437
-91.205
-91.279
-91.231
-91.544
-91.742
-91.572
-91.594
-91.71
-91.561
-91.758
-92.098
-91.693
-91.249
-91.19
-91.526
-91.67
-91.667
-91.773
-91.489
-91.418
-91.709
-91.745
-91.747
-91.825
-91.889
-92.069
-92.097
-92.121
-91.986
-91.989
-92.286
-91.44
-90.708
-90.56
-90.379
-90.942
-90.603
-90.029
-90.919
-91.446
-91.596
-91.904
-91.907
-92.21
-92.54
-92.395
-92.266
-92.307
-92.931
-92.945
-92.733
-93.073
-93.243
-93.271
-93.13
-92.932
-92.586
-92.406
-92.484
-92.397
-91.917
-91.374
-88.909
-84.683
-82.839
-83.131
-83.029
-83.927
-86.445
-87.977
-87.162
-86.897
-87.38
-87.295
-88.362
-90.156
-91.161
-91.953
-92.674
-92.788
-93.051
-93.147
-92.819
-92.912
-93.241
-93.083
-93.107
-93.032
-92.449
-92.368
-92.833
-93.527
-93.492
-93.405
-93.164
-92.608
-92.606
-92.758
-92.67
-92.318
-92.184
-92.197
-92.287
-92.343
-92.366
-92.515
-92.295
-92.2
-92.587
-92.812
-92.558
-92.202
-92.618
-92.917
-92.394
-92.337
-92.891
-92.661
-92.273
-92.486
-92.708
-92.588
-92.504
-92.991
-93.306
-92.62
-92.181
-92.378
-92.153
-91.969
-92.459
-92.59
-92.32
-92.318
-92.325
-92.364
-92.632
-92.654
-92.54
-92.462
-92.25
-92.332
-92.438
-92.117
-91.643
-91.617
-91.823
-92.115
-91.917
-91.583
-91.445
-91.399
-91.598
-92.133
-92.07
-91.787
-91.941
-91.732
-91.663
-92.254
-92.55
-92.119
-91.916
-91.962
-92.107
-92.23
-91.932
-91.72
-91.852
-92.102
-91.613
-91.307
-91.901
-91.831
-91.856
-92.027
-92.112
-92.517
-92.304
-92.171
-92.631
-92.724
-92.6
-92.796
-92.979
-92.951
-93.053
-93.19
-93.203
-93.146
-93.462
-93.369
-93.103
-93.122
-93.275
-93.285
-93.138
-93.108
-92.953
-92.95
-93.024
-93.185
-93.006
-93.0
-92.98
-92.758
-93.079
-93.224
-93.273
-93.502
-93.392
-93.202
-93.076
-92.834
-92.847
-93.069
-93.265
-93.219
-92.982
-92.861
-92.874
-92.944
-93.326
-93.378
-93.117
-93.509
-93.77
-93.631
-93.076
-92.729
-92.841
-93.299
-93.449
-93.38
-93.301
-93.206
-93.559
-93.448
-93.237
-93.401
-93.579
-93.94
-93.662
-93.603
-93.944
-93.767
-93.505
-93.422
-93.467
-92.983
-91.957
-90.734
-89.545
-88.093
-87.497
-88.711
-88.817
-88.669
-88.519
-85.975
-84.559
-84.285
-84.602
-88.127
-91.389
-92.499
-93.039
-93.133
-93.429
-93.521
-93.546
-93.464
-93.618
-93.746
-93.383
-93.074
-92.769
-92.798
-92.928
-92.618
-92.691
-93.065
-92.741
-92.514
-92.422
-92.183
-91.731
-91.098
-91.105
-91.32
-91.44
-91.596
-92.35
-92.703
-92.742
-92.971
-92.588
-92.613
-92.793
-92.652
-92.725
-92.606
-92.34
-92.19
-91.939
-91.625
-91.796
-92.217
-92.452
-92.58
-92.217
-92.208
-92.202
-92.028
-92.161
-92.034
-92.135
-92.438
-92.28
-91.977
-91.863
-91.801
-91.824
-91.833
-91.838
-92.002
-92.273
-92.34
-92.302
-92.256
-92.248
-92.232
-92.128
-92.017
-92.036
-91.964
-91.762
-91.99
-92.056
-92.04
-92.175
-92.074
-91.913
-91.859
-91.807
-92.063
-92.188
-91.812
-91.832
-92.127
-92.216
-92.155
-92.088
-92.101
-92.069
-92.0
-92.009
-92.108
-91.997
-91.782
-91.666
-91.512
-91.362
-91.635
-91.884
-91.804
-92.037
-92.003
-91.609
-91.901
-92.289
-92.149
-91.88
-91.472
-91.332
-91.71
-91.917
-91.852
-92.029
-91.728
-90.533
-90.451
-90.855
-90.939
-91.275
-91.596
-92.12
-91.997
-91.787
-92.046
-92.083
-92.049
-92.232
-92.199
-92.029
-92.212
-92.319
-92.076
-91.815
-91.97
-92.133
-92.108
-92.208
-92.119
-92.115
-92.201
-92.265
-92.264
-91.917
-91.828
-92.282
-92.423
-92.249
-92.02
-92.049
-91.562
-91.013
-91.218
-91.217
-91.573
-92.131
-91.907
-91.705
-91.673
-90.923
-88.734
-85.775
-84.256
-84.65
-84.966
-84.346
-83.976
-84.668
-84.673
-83.892
-84.178
-85.614
-88.009
-89.794
-90.339
-90.52
-90.279
-90.246
-90.407
-90.885
-91.308
-91.063
-91.098
-91.25
-91.451
-91.838
-91.924
-91.783
-91.92
-91.959
-91.602
-91.473
-91.517
-91.551
-91.611
-91.31
-91.271
-91.221
-90.544
-90.346
-90.952
-90.754
-89.745
-88.561
-86.925
-84.944
-83.989
-84.38
-83.604
-82.818
-82.901
-82.893
-82.934
-84.358
-84.062
-82.621
-83.762
-86.306
-89.287
-91.192
-91.81
-92.139
-92.64
-92.749
-92.808
-92.458
-92.595
-92.726
-92.555
-92.653
-92.623
-92.56
-92.423
-92.392
-92.463
-92.67
-92.583
-92.55
-92.748
-92.605
-92.322
-92.353
-92.576
-92.694
-92.547
-92.27
-92.383
-92.489
-92.295
-92.241
-92.325
-92.336
-92.191
-91.861
-91.477
-90.761
-89.966
-89.567
-90.075
-90.567
-90.413
-90.871
-91.592
-91.994
-91.819
-91.506
-91.525
-91.627
-91.632
-91.967
-92.154
-92.061
-92.126
-92.331
-92.452
-92.392
-92.496
-92.478
-92.442
-92.213
-92.119
-91.906
-91.905
-92.047
-92.049
-92.152
-91.922
-91.771
-91.668
-91.606
-91.642
-91.788
-92.179
-92.223
-91.836
-91.749
-92.183
-92.298
-92.117
-92.264
-92.425
-92.397
-92.132
-92.304
-92.261
-92.159
-92.334
-92.402
-92.525
-92.419
-92.342
-92.215
-92.127
-91.992
-92.129
-92.332
-92.233
-92.352
-92.22
-91.998
-92.425
-92.514
-92.167
-91.925
-91.85
-91.879
-92.01
-91.974
-92.035
-92.183
-92.105
-91.972
-91.823
-91.73
-91.508
-91.872
-92.006
-91.611
-91.787
-92.003
-91.947
-91.816
-91.872
-92.077
-92.256
-92.572
-92.657
-92.334
-92.149
-92.293
-92.229
-92.265
-92.655
-92.65
-92.467
-92.448
-92.213
-92.174
-92.19
-92.064
-92.047
-92.215
-92.06
-91.703
-91.652
-91.741
-91.835
-91.901
-92.106
-92.153
-91.751
-91.652
-91.599
-91.295
-90.904
-91.032
-91.043
-90.804
-90.71
-90.329
-90.786
-91.364
-91.709
-91.857
-92.058
-92.357
-92.359
-92.434
-92.368
-92.42
-92.68
-92.574
-92.203
-92.149
-92.19
-92.404
-92.462
-92.272
-92.427
-92.524
-92.347
-92.131
-92.277
-92.361
-92.347
-92.082
-91.966
-91.96
-92.277
-92.823
-93.021
-92.933
-92.527
-92.583
-92.864
-92.671
-92.45
-92.596
-92.598
-92.598
-90.876
-91.096
-92.944
-92.895
-92.874
-92.852
-92.916
-92.563
-92.487
-92.646
-92.407
-92.051
-91.637
-91.29
-90.685
-89.986
-88.405
-87.107
-85.964
-85.096
-84.615
-83.924
-84.248
-85.018
-84.779
-84.183
-84.073
-83.989
-84.083
-83.936
-84.267
-84.888
-84.921
-84.515
-84.502
-84.359
-84.399
-84.229
-84.204
-84.611
-84.492
-84.529
-84.606
-85.979
-86.331
-85.476
-86.942
-87.813
-89.48
-91.166
-90.993
-91.624
-92.407
-92.716
-92.954
-93.244
-93.452
-93.4
-93.235
-93.429
-93.452
-93.45
-93.661
-93.702
-93.483
-93.42
-93.561
-93.517
-93.369
-93.52
-93.567
-93.73
-93.738
-93.468
-93.423
-93.559
-93.633
-93.504
-93.542
-93.575
-93.476
-93.516
-93.551
-93.522
-93.497
-93.566
-93.591
-93.518
-93.552
-93.335
-93.342
-93.655
-93.661
-93.627
-93.443
-93.296
-93.241
-93.148
-92.712
-92.701
-92.91
-92.557
-92.218
-92.336
-92.796
-93.262
-93.435
-93.13
-93.016
-92.968
-92.985
-92.971
-93.052
-93.151
-93.137
-93.348
-93.548
-93.383
-92.728
-92.253
-92.265
-92.409
-92.544
-92.587
-92.811
-93.223
-93.335
-93.283
-93.254
-93.289
-93.511
-93.452
-93.253
-93.325
-93.409
-93.176
-93.069
-93.111
-93.069
-93.245
-93.319
-93.323
-93.291
-93.142
-93.028
-93.143
-93.412
-93.357
-93.111
-93.283
-93.486
-93.531
-93.554
-92.816
-92.193
-92.252
-92.091
-92.069
-92.093
-91.764
-91.602
-91.489
-91.626
-91.765
-91.66
-91.853
-92.197
-92.255
-92.04
-91.978
-92.038
-91.974
-92.006
-91.828
-91.954
-92.202
-91.877
-91.909
-91.822
-91.839
-92.182
-92.175
-92.061
-92.205
-91.949
-91.777
-92.432
-92.728
-92.229
-91.68
-91.001
-90.838
-90.789
-90.548
-90.629
-90.656
-91.075
-91.234
-91.872
-92.576
-92.684
-92.74
-93.022
-92.79
-92.797
-93.266
-93.239
-93.084
-93.11
-93.244
-93.353
-93.582
-93.427
-93.651
-93.979
-93.491
-93.13
-93.138
-93.15
-92.88
-91.822
-91.232
-89.84
-86.529
-84.872
-84.862
-84.329
-84.199
-83.99
-84.134
-85.459
-87.649
-87.924
-87.511
-87.914
-87.468
-87.743
-87.755
-87.491
-88.094
-90.177
-91.953
-92.637
-93.335
-92.733
-92.438
-92.964
-93.146
-93.216
-92.646
-92.409
-92.908
-92.961
-92.823
-92.825
-92.191
-92.087
-92.416
-92.389
-92.596
-92.714
-92.631
-92.497
-92.481
-92.943
-93.315
-93.254
-92.743
-92.527
-92.541
-92.759
-93.036
-92.82
-92.846
-92.841
-92.67
-92.448
-92.76
-92.952
-92.726
-92.854
-92.847
-92.485
-92.351
-92.91
-93.066
-92.589
-92.786
-92.769
-92.556
-92.553
-92.344
-92.277
-91.96
-92.192
-92.284
-91.942
-92.237
-92.577
-92.223
-91.75
-91.771
-91.664
-91.68
-92.087
-92.46
-92.146
-92.104
-92.175
-91.765
-91.934
-92.545
-92.4
-91.893
-91.643
-92.294
-92.27
-91.683
-91.804
-91.386
-91.454
-91.864
-92.078
-92.085
-92.181
-92.562
-92.527
-92.268
-92.3
-92.109
-91.335
-91.015
-91.112
-91.078
-91.248
-91.749
-92.139
-92.287
-91.768
-91.868
-92.416
-92.224
-91.253
-91.023
-91.684
-91.569
-91.851
-91.963
-91.602
-91.821
-92.183
-91.969
-91.873
-91.674
-91.615
-92.481
-92.573
-92.16
-92.307
-92.242
-91.852
-91.846
-91.826
-92.084
-92.278
-91.972
-92.121
-92.15
-92.023
-91.97
-91.985
-91.623
-91.383
-91.913
-92.179
-91.825
-92.153
-92.281
-91.706
-91.775
-91.94
-92.091
-92.358
-92.626
-92.471
-92.441
-92.441
-92.169
-92.128
-92.101
-92.156
-92.075
-92.162
-92.438
-92.328
-92.271
-92.198
-92.096
-92.307
-92.134
-92.097
-92.02
-91.987
-92.261
-92.045
-91.863
-91.716
-91.463
-90.968
-91.054
-91.825
-92.116
-92.152
-91.899
-91.968
-92.164
-91.785
-91.707
-92.128
-92.328
-92.188
-91.872
-92.027
-92.117
-91.748
-91.936
-91.936
-92.002
-92.251
-92.237
-92.032
-91.801
-92.244
-92.514
-92.065
-91.946
-91.723
-91.696
-91.828
-91.451
-91.647
-91.862
-91.48
-91.527
-91.852
-91.753
-91.708
-91.482
-91.226
-91.533
-91.674
-91.897
-92.18
-91.983
-91.666
-91.864
-92.135
-92.019
-92.011
-91.924
-92.25
-92.441
-92.372
-92.594
-92.122
-91.298
-91.018
-91.032
-91.17
-91.426
-91.964
-92.243
-92.193
-92.397
-92.544
-92.105
-91.997
-92.229
-92.294
-92.208
-92.514
-92.462
-92.109
-92.116
-91.631
-92.012
-92.313
-92.51
-92.671
-92.367
-92.629
-92.475
-91.943
-92.024
-92.283
-92.119
-92.011
-91.748
-91.861
-92.531
-92.836
-92.259
-91.836
-91.953
-91.872
-91.937
-92.138
-91.985
-91.704
-91.754
-91.635
-91.887
-91.741
-91.695
-91.914
-91.54
-91.493
-91.544
-91.699
-91.526
-91.199
-91.259
-91.512
-91.678
-91.707
-91.758
-92.201
-92.267
-91.858
-91.833
-91.76
-91.878
-91.729
-91.628
-91.935
-91.747
-91.873
-92.2
-91.848
-91.605
-91.784
-92.059
-92.176
-92.022
-92.326
-92.554
-92.274
-91.987
-91.809
-92.031
-92.576
-92.587
-92.163
-92.332
-92.646
-92.335
-92.569
-92.782
-92.769
-93.167
-92.485
-91.854
-92.121
-92.622
-92.872
-92.642
-92.276
-92.437
-92.625
-92.621
-92.749
-92.76
-92.596
-92.594
-92.707
-92.333
-92.065
-92.299
-92.267
-92.514
-92.528
-92.329
-92.598
-92.355
-92.441
-92.504
-92.366
-92.272
-92.299
-92.436
-92.503
-92.802
-92.795
-92.704
-93.206
-93.51
-92.927
-92.497
-92.402
-92.553
-93.268
-93.334
-92.606
-92.868
-92.881
-92.205
-91.517
-90.245
-87.84
-86.398
-85.354
-84.265
-84.923
-85.681
-86.447
-84.602
-82.936
-82.624
-82.401
-83.755
-83.389
-85.068
-89.022
-90.689
-91.538
-92.218
-92.675
-92.579
-92.305
-92.461
-92.317
-91.941
-92.895
-93.246
-92.572
-92.698
-92.635
-92.312
-92.503
-92.782
-92.269
-92.159
-92.18
-91.961
-91.703
-91.311
-91.034
-90.781
-90.458
-89.898
-89.596
-90.29
-90.09
-89.571
-90.801
-91.509
-91.614
-91.769
-91.498
-91.519
-91.204
-90.851
-90.86
-90.662
-90.943
-91.236
-91.41
-91.304
-91.201
-91.393
-91.395
-91.318
-91.288
-91.408
-91.393
-91.362
-91.432
-91.233
-90.949
-90.906
-90.8
-90.892
-91.077
-90.904
-90.791
-90.767
-90.846
-90.675
-90.376
-90.69
-90.969
-90.894
-90.769
-90.587
-90.67
-90.835
-91.108
-91.215
-90.981
-91.124
-91.139
-91.032
-91.138
-91.115
-91.146
-91.166
-90.818
-90.685
-91.024
-91.094
-91.107
-91.239
-90.918
-90.885
-91.241
-91.262
-91.161
-91.103
-91.282
-91.063
-91.077
-91.587
-91.807
-91.746
-91.508
-91.51
-91.53
-91.389
-91.435
-91.424
-91.169
-90.847
-90.696
-91.026
-91.044
-90.865
-90.937
-90.867
-90.575
-90.613
-90.585
-90.347
-90.265
-90.409
-90.666
-90.533
-90.439
-90.887
-91.412
-91.219
-91.076
-91.149
-91.206
-91.399
-91.341
-91.255
-91.389
-91.348
-91.175
-91.024
-90.766
-90.863
-91.171
-91.231
-91.158
-91.138
-91.2
-90.771
-90.549
-90.183
-89.836
-89.749
-89.419
-89.389
-89.925
-91.018
-91.094
-91.078
-91.294
-91.256
-91.448
-91.285
-91.243
-91.19
-90.994
-91.02
-91.17
-91.492
-91.629
-91.562
-91.507
-91.579
-91.635
-91.397
-91.467
-91.511
-91.319
-91.209
-91.32
-91.527
-91.547
-91.737
-91.281
-90.954
-91.079
-91.194
-91.49
-91.323
-91.492
-91.737
-91.912
-92.031
-91.836
-91.805
-91.855
-91.774
-91.717
-91.82
-91.811
-91.758
-91.616
-91.688
-91.927
-91.585
-91.317
-91.381
-91.187
-91.057
-91.206
-91.133
-90.652
-90.472
-90.73
-90.361
-90.096
-89.887
-89.537
-90.018
-90.102
-89.794
-89.974
-90.466
-90.677
-90.866
-90.816
-90.901
-91.061
-91.103
-91.496
-91.415
-91.45
-91.511
-91.616
-92.053
-92.153
-92.043
-92.033
-91.967
-91.963
-92.059
-92.23
-92.475
-92.529
-92.445
-92.294
-92.311
-92.214
-92.127
-92.252
-92.03
-92.127
-92.412
-92.458
-92.425
-92.137
-92.246
-92.338
-92.086
-92.066
-92.24
-92.454
-92.686
-92.682
-92.407
-92.479
-92.541
-92.354
-92.276
-92.152
-91.942
-92.134
-92.367
-92.119
-91.568
-90.671
-89.567
-90.129
-91.245
-91.222
-91.527
-91.915
-91.834
-91.761
-91.617
-91.545
-91.815
-91.792
-91.569
-91.652
-91.938
-91.577
-90.83
-90.548
-90.592
-90.716
-91.331
-92.092
-92.02
-91.7
-91.757
-91.845
-91.82
-92.012
-92.268
-91.996
-91.795
-91.624
-91.654
-91.777
-91.808
-91.793
-91.799
-92.075
-91.9
-91.728
-91.655
-91.839
-91.991
-91.58
-91.423
-91.716
-91.681
-91.398
-91.289
-91.389
-91.551
-91.672
-92.078
-92.313
-92.35
-92.305
-92.187
-92.156
-92.049
-92.251
-92.107
-91.912
-92.095
-92.107
-91.993
-91.779
-91.844
-92.141
-92.416
-92.222
-92.099
-92.223
-91.992
-91.749
-91.241
-90.398
-90.38
-90.577
-89.998
-90.085
-90.666
-91.36
-92.053
-92.253
-92.518
-92.388
-92.505
-92.844
-92.253
-92.139
-92.517
-92.707
-92.699
-92.708
-92.803
-93.018
-93.589
-93.39
-93.067
-93.006
-92.812
-93.105
-92.886
-92.812
-93.145
-93.158
-93.401
-93.628
-93.686
-93.377
-93.305
-93.452
-93.498
-93.402
-93.064
-92.978
-93.003
-92.945
-92.93
-92.874
-93.235
-93.54
-93.427
-93.717
-93.784
-93.783
-93.4
-93.251
-93.567
-93.325
-93.127
-93.135
-93.316
-93.362
-93.138
-93.327
-93.276
-93.229
-93.1
-92.714
-92.782
-92.899
-93.198
-93.437
-93.512
-93.254
-93.103
-93.316
-93.386
-93.306
-93.829
-93.514
-92.806
-93.223
-93.18
-92.676
-92.427
-92.577
-93.145
-93.228
-93.456
-93.717
-92.875
-92.632
-93.082
-93.023
-92.665
-92.182
-92.317
-92.776
-93.051
-92.664
-91.916
-92.347
-92.584
-92.762
-92.921
-92.144
-92.111
-92.61
-92.373
-92.429
-93.085
-92.96
-92.42
-92.338
-92.16
-92.808
-93.243
-92.318
-92.301
-92.655
-92.354
-92.49
-92.982
-93.223
-93.569
-92.818
-92.57
-93.18
-92.843
-92.372
-92.645
-92.763
-92.816
-92.963
-93.051
-92.869
-92.051
-92.055
-91.631
-90.967
-90.651
-88.535
-85.742
-84.571
-83.077
-82.699
-84.147
-84.04
-83.788
-84.12
-83.415
-85.331
-88.071
-88.463
-87.928
-87.52
-87.237
-86.365
-86.197
-86.601
-87.141
-87.903
-89.385
-90.457
-90.763
-91.487
-92.047
-91.915
-91.889
-92.214
-92.322
-92.711
-93.093
-93.165
-92.926
-92.557
-92.592
-92.305
-91.739
-91.396
-91.574
-92.113
-91.793
-91.415
-92.042
-92.495
-92.117
-91.853
-92.27
-92.422
-92.159
-92.046
-92.447
-92.133
-91.997
-92.306
-91.949
-91.824
-91.901
-91.909
-91.88
-91.596
-91.928
-92.49
-92.137
-92.244
-91.793
-91.753
-92.386
-91.79
-91.737
-92.039
-91.78
-91.612
-92.048
-92.126
-91.733
-91.808
-91.959
-91.901
-91.642
-91.748
-92.209
-92.175
-91.785
-91.491
-92.18
-92.076
-91.36
-91.749
-91.977
-91.805
-91.892
-92.009
-91.971
-92.034
-91.867
-91.732
-91.827
-91.665
-91.611
-91.698
-91.653
-91.976
-92.055
-91.531
-91.285
-91.547
-91.778
-91.443
-91.153
-91.193
-90.652
-90.398
-90.455
-90.232
-90.87
-91.453
-91.619
-91.681
-91.315
-91.279
-91.768
-92.126
-91.707
-91.54
-91.701
-91.967
-92.105
-91.868
-91.835
-91.989
-91.733
-91.509
-91.647
-91.74
-91.648
-91.542
-91.648
-91.58
-91.762
-91.737
-91.71
-91.899
-91.671
-91.37
-91.732
-92.023
-91.913
-91.936
-91.61
-91.505
-92.125
-92.334
-92.139
-91.838
-91.488
-91.634
-91.905
-91.742
-91.637
-91.735
-91.823
-91.838
-91.258
-91.273
-91.76
-91.95
-92.0
-91.714
-91.649
-91.644
-91.582
-91.193
-90.933
-91.246
-91.139
-91.285
-91.889
-92.061
-91.532
-91.403
-91.872
-92.372
-92.377
-91.979
-92.451
-92.592
-91.891
-91.207
-91.371
-92.072
-92.399
-92.232
-92.181
-92.285
-92.084
-91.924
-91.797
-91.909
-91.993
-91.967
-91.711
-91.525
-91.712
-91.786
-91.583
-91.323
-91.439
-91.583
-91.51
-91.189
-91.362
-91.887
-92.178
-92.188
-92.136
-91.823
-91.752
-92.066
-91.609
-91.046
-91.314
-91.345
-91.311
-91.567
-91.828
-91.828
-91.659
-92.108
-91.803
-91.132
-91.261
-91.594
-91.406
-91.238
-91.234
-91.57
-92.012
-91.792
-91.616
-91.717
-91.798
-91.593
-91.357
-91.445
-91.639
-91.25
-91.663
-91.699
-91.123
-91.285
-91.411
-91.582
-91.084
-90.953
-91.432
-91.278
-91.153
-91.357
-91.572
-91.624
-91.241
-91.096
-91.169
-91.234
-90.968
-91.239
-91.635
-91.478
-91.855
-92.34
-92.247
-91.77
-91.439
-91.539
-92.118
-90.333
-89.869
-91.229
-91.354
-90.993
-90.14
-90.051
-90.588
-91.198
-91.552
-91.613
-91.606
-92.048
-91.703
-91.1
-90.844
-91.411
-91.679
-91.301
-91.643
-91.529
-90.958
-91.005
-91.169
-91.295
-91.816
-91.965
-91.541
-91.297
-91.687
-92.297
-92.07
-91.899
-92.052
-91.901
-91.782
-91.507
-91.652
-91.998
-91.853
-91.682
-91.692
-91.649
-91.681
-91.769
-91.633
-91.789
-92.102
-91.771
-91.733
-92.06
-92.181
-92.071
-91.548
-91.197
-91.299
-91.344
-91.311
-91.695
-91.415
-91.044
-91.127
-90.998
-90.954
-91.172
-91.362
-91.403
-91.701
-91.711
-91.205
-90.777
-91.201
-91.458
-91.324
-91.366
-90.856
-90.449
-90.741
-90.737
-90.122
-89.426
-89.625
-90.11
-90.417
-90.812
-90.94
-90.87
-90.796
-91.016
-91.193
-90.8
-90.517
-90.458
-90.359
-90.282
-90.357
-90.766
-90.838
-90.759
-90.962
-91.009
-90.981
-91.658
-92.422
-92.933
-92.884
-92.436
-92.617
-92.805
-92.694
-92.387
-92.374
-92.977
-92.837
-92.347
-92.388
-92.36
-92.636
-92.886
-92.46
-92.509
-93.079
-93.253
-92.787
-92.637
-92.786
-92.56
-92.777
-92.83
-92.4
-92.807
-92.978
-92.52
-92.445
-92.51
-92.757
-92.509
-92.206
-92.476
-92.623
-92.848
-92.892
-92.685
-92.589
-92.686
-92.733
-92.735
-92.865
-92.737
-92.56
-92.447
-92.577
-92.867
-92.905
-93.249
-93.033
-92.921
-93.038
-92.644
-92.863
-93.183
-93.045
-93.044
-92.81
-92.727
-92.617
-91.643
-91.387
-90.894
-89.32
-86.789
-85.96
-86.613
-85.933
-85.528
-84.571
-84.306
-83.908
-83.501
-82.948
-83.115
-87.422
-90.324
-90.968
-91.918
-92.431
-92.738
-92.985
-93.381
-93.531
-92.891
-92.682
-92.924
-93.279
-93.496
-93.224
-92.988
-92.674
-92.612
-92.748
-92.56
-92.248
-92.084
-91.614
-90.633
-89.541
-88.944
-89.413
-90.108
-90.286
-90.646
-91.755
-92.501
-92.342
-92.497
-92.674
-92.451
-92.31
-92.139
-92.175
-92.22
-92.089
-92.088
-92.19
-92.167
-92.162
-92.193
-92.235
-92.412
-92.386
-92.126
-91.955
-91.835
-91.851
-91.941
-92.123
-92.082
-91.562
-91.4
-91.632
-91.838
-91.842
-91.669
-91.78
-91.827
-91.646
-91.622
-91.968
-92.27
-92.153
-92.132
-92.11
-91.844
-91.982
-92.258
-92.292
-92.274
-92.024
-92.042
-92.061
-91.979
-91.966
-91.925
-91.959
-92.019
-92.019
-91.976
-91.864
-92.072
-92.348
-92.103
-92.072
-92.333
-92.104
-92.1
-92.4
-92.33
-92.224
-92.283
-92.414
-92.35
-92.251
-92.103
-92.179
-92.275
-92.385
-92.562
-92.485
-92.368
-92.327
-92.383
-92.265
-92.261
-92.346
-92.431
-92.499
-92.314
-92.328
-92.303
-92.068
-92.14
-92.094
-91.979
-91.887
-92.069
-92.462
-92.387
-91.915
-91.621
-92.097
-92.252
-92.0
-92.297
-92.593
-92.411
-92.184
-92.387
-92.611
-92.464
-92.385
-92.518
-92.487
-92.192
-91.484
-90.855
-90.735
-90.956
-90.918
-90.768
-90.665
-90.908
-91.339
-91.247
-91.2
-91.673
-92.409
-92.806
-92.496
-92.59
-92.844
-92.522
-92.651
-92.937
-93.071
-93.136
-93.398
-93.343
-93.299
-93.623
-93.581
-93.328
-93.304
-93.314
-93.045
-92.91
-92.751
-92.295
-91.546
-89.759
-86.987
-84.226
-83.514
-83.997
-83.738
-84.004
-86.648
-89.386
-88.438
-87.774
-87.277
-86.23
-87.307
-87.65
-88.89
-91.535
-92.044
-92.221
-93.183
-93.276
-92.947
-92.938
-92.75
-92.805
-92.985
-93.113
-93.176
-93.073
-92.997
-92.92
-92.795
-92.869
-92.965
-92.665
-92.825
-92.796
-92.558
-92.762
-92.754
-92.757
-93.064
-93.17
-92.905
-93.057
-92.896
-92.183
-92.452
-92.849
-92.366
-92.371
-92.424
-92.539
-92.592
-92.378
-92.543
-92.38
-92.463
-92.285
-92.034
-92.508
-92.554
-92.195
-92.425
-92.814
-93.112
-93.241
-92.967
-93.31
-93.477
-93.029
-92.833
-92.441
-92.737
-92.796
-92.531
-92.935
-93.3
-92.921
-92.661
-92.661
-92.899
-93.011
-92.986
-93.354
-93.104
-92.974
-92.64
-92.861
-93.334
-92.885
-92.973
-93.338
-93.041
-92.632
-92.487
-93.072
-93.08
-92.384
-92.342
-92.576
-92.476
-92.342
-92.16
-92.184
-92.808
-92.846
-92.704
-92.887
-92.926
-92.658
-92.673
-92.867
-92.612
-92.541
-92.711
-92.645
-92.359
-92.404
-92.465
-92.596
-92.813
-92.666
-92.736
-92.809
-92.733
-92.697
-92.534
-92.721
-92.951
-92.864
-92.872
-92.998
-93.011
-92.875
-92.894
-93.029
-92.889
-92.832
-93.072
-92.961
-93.262
-93.221
-92.96
-93.085
-93.136
-93.045
-92.757
-92.837
-92.751
-93.038
-92.995
-92.596
-92.587
-92.734
-92.923
-92.975
-92.524
-92.268
-92.693
-92.874
-92.736
-92.687
-93.339
-93.406
-93.014
-93.049
-93.04
-92.893
-92.884
-92.882
-92.512
-93.074
-93.365
-92.809
-93.081
-93.04
-92.533
-92.64
-92.373
-92.42
-92.611
-92.312
-92.154
-92.338
-92.805
-92.957
-93.199
-93.118
-92.9
-93.211
-92.837
-92.191
-92.626
-93.505
-93.66
-92.992
-92.761
-92.517
-92.74
-92.537
-91.632
-92.407
-93.009
-92.797
-92.5
-92.617
-93.291
-93.186
-92.73
-92.614
-93.017
-93.121
-92.93
-92.807
-92.772
-92.293
-92.169
-92.784
-92.935
-93.015
-93.157
-92.739
-92.373
-92.663
-92.981
-92.751
-92.325
-92.325
-92.655
-93.057
-92.982
-92.456
-92.38
-92.515
-92.24
-92.525
-92.757
-92.42
-92.387
-92.489
-92.337
-92.54
-92.715
-92.751
-92.49
-92.116
-92.163
-92.067
-92.073
-91.755
-91.957
-92.455
-92.403
-92.352
-92.488
-92.388
-92.43
-92.864
-92.568
-92.165
-92.264
-92.346
-92.303
-92.27
-92.393
-92.656
-92.576
-92.407
-92.212
-92.4
-92.789
-92.514
-91.676
-91.693
-92.269
-92.094
-92.161
-92.469
-92.342
-92.42
-92.61
-92.466
-92.327
-92.453
-92.242
-91.97
-92.604
-92.799
-92.239
-92.194
-92.204
-92.212
-92.471
-92.698
-92.712
-92.531
-92.313
-92.317
-92.459
-92.345
-92.677
-92.609
-92.552
-92.833
-92.716
-92.959
-92.964
-92.193
-92.168
-92.526
-92.136
-92.297
-92.495
-92.431
-92.517
-92.21
-92.053
-92.446
-92.767
-93.001
-92.956
-92.876
-93.47
-93.416
-93.158
-93.205
-92.843
-92.47
-92.825
-93.253
-92.825
-92.804
-92.556
-91.826
-91.315
-90.826
-88.564
-86.29
-85.885
-86.613
-86.951
-85.938
-86.872
-88.082
-87.164
-85.097
-83.4
-82.132
-82.044
-82.008
-83.326
-87.1
-90.031
-91.476
-92.07
-92.405
-92.578
-93.246
-93.451
-93.329
-93.347
-92.886
-93.235
-93.804
-93.683
-93.844
-93.861
-93.318
-92.493
-92.429
-92.95
-92.551
-92.067
-92.372
-92.709
-92.542
-91.927
-91.255
-90.713
-89.916
-89.451
-90.077
-90.249
-90.627
-91.234
-91.568
-92.229
-92.471
-92.293
-91.91
-91.877
-92.044
-91.993
-92.269
-92.147
-91.59
-91.798
-91.894
-91.712
-91.868
-91.389
-91.063
-91.244
-91.376
-91.633
-91.884
-92.102
-92.063
-91.977
-91.925
-92.122
-92.345
-92.404
-92.391
-92.215
-92.063
-92.15
-92.064
-91.85
-91.829
-91.496
-91.402
-91.653
-91.71
-91.807
-91.803
-91.795
-91.926
-92.01
-92.04
-91.936
-91.974
-91.931
-91.59
-91.54
-91.741
-91.865
-91.569
-91.488
-91.708
-91.645
-91.63
-91.546
-91.416
-91.471
-91.664
-91.65
-91.404
-91.398
-91.667
-91.753
-91.634
-91.69
-91.643
-91.739
-92.009
-91.694
-91.612
-91.79
-91.398
-91.451
-91.607
-91.414
-91.461
-91.561
-91.712
-91.71
-91.44
-91.506
-91.692
-91.522
-91.395
-91.614
-91.935
-92.053
-92.022
-92.081
-92.09
-92.037
-92.084
-92.101
-92.173
-92.315
-92.416
-92.141
-92.089
-92.348
-92.044
-91.685
-91.459
-91.653
-91.905
-91.683
-91.522
-91.296
-91.351
-91.676
-91.79
-91.582
-91.322
-91.687
-91.943
-91.698
-91.539
-91.396
-91.749
-91.805
-91.765
-92.006
-92.069
-92.225
-92.031
-91.795
-92.082
-92.393
-92.036
-91.791
-91.758
-91.465
-91.512
-91.959
-92.202
-91.794
-91.668
-91.999
-91.828
-91.48
-91.52
-91.36
-90.341
-89.588
-89.519
-89.601
-90.047
-90.473
-91.014
-91.572
-92.042
-92.269
-92.108
-92.064
-91.802
-91.511
-92.103
-92.675
-92.673
-92.946
-92.78
-92.743
-93.297
-93.342
-93.058
-92.827
-92.762
-92.813
-92.256
-91.444
-91.214
-90.535
-89.709
-86.746
-83.312
-82.752
-83.238
-82.313
-80.726
-80.981
-81.097
-82.969
-86.793
-86.863
-85.718
-85.576
-85.456
-85.433
-85.26
-85.021
-83.887
-83.561
-85.192
-86.369
-87.959
-88.588
-88.121
-89.217
-89.415
-89.071
-89.551
-90.577
-90.826
-90.753
-90.58
-90.972
-91.432
-91.997
-92.223
-91.422
-91.896
-92.886
-92.511
-91.836
-91.651
-92.115
-92.507
-92.286
-91.693
-92.06
-92.342
-92.223
-92.057
-91.555
-91.957
-91.087
-90.863
-91.128
-90.462
-90.815
-91.162
-89.821
-88.907
-90.138
-89.96
-88.515
-87.617
-87.097
-87.14
-87.028
-86.338
-85.11
-85.716
-87.051
-86.341
-86.103
-85.2
-84.528
-87.327
-87.418
-86.717
-87.945
-87.244
-85.362
-83.945
-82.436
-82.246
-81.913
-81.15
-82.32
-82.257
-81.897
-83.722
-86.756
-88.769
-89.86
-90.594
-91.37
-91.796
-91.628
-91.648
-91.981
-92.323
-92.528
-92.528
-92.824
-92.976
-92.772
-92.931
-92.307
-92.258
-92.7
-92.391
-92.504
-92.439
-92.149
-92.093
-91.728
-91.019
-91.696
-91.867
-91.31
-91.421
-91.208
-91.092
-90.918
-90.98
-90.399
-89.616
-89.435
-89.185
-88.868
-89.274
-89.688
-89.779
-90.482
-91.131
-91.252
-91.202
-91.511
-91.622
-91.625
-91.839
-91.774
-91.506
-91.524
-91.556
-91.476
-91.588
-91.63
-91.079
-90.869
-91.08
-91.078
-91.31
-91.447
-91.599
-91.751
-91.664
-91.722
-91.476
-91.35
-91.583
-91.454
-91.4
-91.282
-91.123
-91.075
-91.046
-90.89
-90.718
-90.82
-90.964
-90.944
-91.039
-91.202
-91.21
-91.076
-91.011
-91.376
-91.268
-91.112
-91.406
-91.366
-91.393
-91.41
-91.375
-91.415
-91.333
-91.265
-91.445
-91.562
-91.367
-91.316
-91.221
-91.361
-91.676
-91.596
-91.271
-90.907
-91.01
-91.365
-91.145
-90.824
-90.966
-91.107
-91.267
-91.189
-91.075
-91.203
-91.219
-91.208
-91.195
-91.134
-91.092
-91.191
-91.248
-91.251
-91.365
-91.359
-91.33
-91.218
-91.202
-91.352
-91.133
-90.961
-91.252
-91.264
-90.914
-91.082
-91.046
-90.883
-91.004
-90.93
-91.029
-91.04
-90.789
-90.798
-90.911
-90.869
-90.705
-90.615
-90.762
-90.734
-90.509
-90.506
-90.422
-90.469
-90.756
-91.075
-91.231
-91.182
-91.113
-90.929
-90.865
-90.904
-91.024
-90.943
-90.74
-91.049
-91.253
-91.271
-91.405
-91.442
-91.593
-91.509
-91.164
-91.052
-91.26
-91.098
-90.737
-90.82
-91.174
-91.036
-90.873
-91.175
-90.741
-90.658
-91.286
-91.577
-91.686
-90.6
-89.217
-89.14
-89.372
-89.146
-89.682
-90.234
-90.579
-91.462
-91.388
-91.148
-91.701
-91.651
-91.853
-92.47
-92.135
-92.258
-92.593
-92.969
-92.843
-92.45
-92.954
-93.365
-93.002
-92.575
-92.245
-91.677
-91.706
-91.043
-90.064
-87.851
-84.232
-82.353
-81.405
-81.409
-82.992
-83.671
-85.665
-86.049
-84.595
-84.91
-84.768
-85.473
-86.813
-88.489
-90.073
-91.134
-91.304
-91.452
-92.219
-91.916
-90.708
-91.347
-92.567
-91.985
-91.673
-91.885
-92.092
-91.731
-91.204
-91.471
-91.934
-92.332
-92.203
-92.309
-92.099
-91.368
-92.127
-92.274
-91.425
-91.551
-92.06
-92.228
-91.692
-91.485
-91.739
-91.552
-91.39
-91.362
-91.553
-91.445
-91.528
-91.636
-91.388
-91.619
-91.662
-91.336
-90.82
-90.741
-90.725
-90.351
-90.924
-91.627
-91.576
-91.844
-91.654
-91.038
-90.663
-90.683
-91.207
-91.452
-91.198
-90.654
-90.828
-91.282
-91.294
-91.549
-91.353
-91.657
-92.327
-91.942
-91.349
-91.488
-91.374
-91.176
-91.038
-90.403
-90.426
-90.523
-90.828
-91.528
-91.953
-91.783
-91.579
-91.764
-91.638
-91.679
-91.591
-91.392
-91.625
-91.83
-92.053
-91.689
-91.337
-91.346
-91.626
-91.767
-91.478
-91.636
-91.856
-92.106
-91.735
-91.418
-91.606
-91.554
-91.711
-91.893
-91.924
-91.941
-91.591
-90.932
-90.41
-90.37
-90.754
-91.059
-91.163
-91.158
-91.348
-91.186
-91.014
-90.951
-90.809
-91.224
-91.728
-91.643
-91.215
-90.972
-90.874
-90.986
-91.681
-91.827
-91.462
-91.123
-91.011
-90.875
-91.049
-91.625
-91.043
-90.343
-90.381
-91.052
-91.258
-91.018
-91.044
-91.441
-91.523
-91.275
-91.542
-91.299
-91.145
-91.236
-91.575
-91.662
-91.087
-91.645
-91.958
-91.275
-90.914
-90.922
-91.061
-91.419
-91.791
-91.514
-91.331
-91.372
-91.157
-91.149
-91.352
-91.281
-91.368
-91.587
-91.472
-91.249
-90.991
-90.696
-90.654
-91.029
-91.298
-91.158
-90.912
-91.195
-91.396
-91.221
-91.446
-91.66
-91.44
-91.449
-91.718
-91.8
-91.798
-92.136
-92.178
-91.561
-91.682
