-78.316
-78.274
-78.283
-78.187
-78.204
-78.269
-78.282
-78.405
-78.399
-78.439
-78.536
-78.511
-78.611
-78.649
-78.704
-78.653
-78.725
-78.619
-78.57
-78.564
-78.478
-78.35
-78.406
-78.352
-78.31
-78.451
-78.343
-78.449
-78.394
-78.395
-78.27
-78.374
-78.321
-78.395
-78.378
-78.404
-78.343
-78.357
-78.394
-78.212
-78.442
-78.228
-78.495
-78.393
-78.481
-78.347
-78.294
-78.262
-78.189
-78.196
-78.285
-78.202
-78.225
-78.313
-78.238
-78.212
-78.411
-78.278
-78.377
-78.353
-78.324
-78.168
-78.4
-78.176
-78.336
-78.326
-78.281
-78.413
-78.33
-78.401
-78.403
-78.398
-78.429
-78.498
-78.476
-78.478
-78.61
-78.587
-78.679
-78.665
-78.62
-78.597
-78.703
-78.719
-78.917
-78.942
-79.012
-79.062
-79.11
-79.064
-79.232
-79.204
-79.25
-79.26
-79.227
-79.253
-79.28
-79.24
-79.539
-79.348
-79.636
-79.432
-79.462
-79.469
-79.494
-79.435
-79.542
-79.446
-79.5
-79.606
-79.477
-79.579
-79.459
-79.569
-79.626
-79.67
-79.796
-79.78
-79.815
-79.852
-79.833
-79.963
-79.867
-80.155
-79.919
-80.17
-80.019
-80.092
-80.086
-80.185
-80.089
-80.14
-80.125
-80.079
-80.232
-80.085
-80.157
-80.088
-80.01
-80.038
-79.995
-79.997
-79.987
-79.991
-79.991
-79.951
-79.918
-80.044
-79.826
-80.002
-79.863
-79.837
-79.775
-79.687
-79.653
-79.5
-79.567
-79.461
-79.447
-79.431
-79.382
-79.284
-79.21
-79.26
-79.17
-79.261
-79.316
-79.353
-79.475
-79.499
-79.452
-79.612
-79.543
-79.715
-79.699
-79.855
-79.783
-79.996
-79.928
-80.035
-79.914
-80.056
-79.927
-79.864
-79.918
-79.851
-79.851
-79.91
-79.981
-79.756
-80.008
-80.011
-80.025
-80.264
-79.982
-80.003
-79.848
-79.878
-79.838
-80.017
-79.946
-80.089
-80.139
-80.217
-80.289
-80.518
-80.408
-80.669
-80.567
-80.626
-80.739
-80.758
-80.738
-80.796
-80.728
-80.782
-80.805
-80.762
-80.761
-80.656
-80.734
-80.719
-80.792
-80.721
-80.692
-80.597
-80.515
-80.539
-80.505
-80.473
-80.349
-80.308
-80.208
-80.145
-80.139
-79.929
-79.895
-79.735
-79.665
-79.612
-79.55
-79.466
-79.567
-79.352
-79.347
-79.37
-79.198
-79.249
-79.067
-79.026
-78.835
-78.996
-78.807
-78.977
-78.833
-78.868
-78.772
-78.79
-78.66
-78.869
-78.672
-78.967
-78.835
-78.925
-78.84
-78.908
-78.744
-78.749
-78.776
-78.67
-78.738
-78.834
-78.688
-78.76
-78.618
-78.631
-78.56
-78.555
-78.51
-78.616
-78.55
-78.648
-78.468
-78.565
-78.399
-78.441
-78.311
-78.208
-78.161
-78.147
-78.155
-78.044
-78.03
-77.952
-77.927
-77.903
-77.799
-77.862
-77.723
-77.885
-77.75
-77.993
-77.802
-77.988
-77.896
-77.853
-77.908
-77.937
-77.891
-78.016
-77.874
-77.973
-77.882
-78.086
-77.928
-78.306
-78.071
-78.298
-78.239
-78.207
-78.17
-78.322
-78.308
-78.575
-78.611
-78.718
-78.667
-78.675
-78.655
-78.705
-78.613
-78.714
-78.583
-78.603
-78.686
-78.655
-78.69
-78.703
-78.667
-78.739
-78.666
-78.732
-78.47
-78.664
-78.348
-78.549
-78.451
-78.558
-78.505
-78.566
-78.461
-78.423
-78.248
-78.335
-78.192
-78.311
-78.212
-78.317
-78.12
-78.232
-78.124
-78.214
-78.093
-78.208
-78.219
-78.177
-78.265
-78.196
-78.23
-78.253
-78.335
-78.505
-78.439
-78.52
-78.489
-78.468
-78.48
-78.509
-78.389
-78.456
-78.43
-78.481
-78.559
-78.543
-78.562
-78.575
-78.552
-78.577
-78.74
-78.687
-78.893
-78.712
-78.738
-78.72
-78.637
-78.844
-78.683
-78.844
-78.741
-78.787
-78.728
-78.802
-78.75
-78.783
-78.788
-78.781
-78.887
-78.811
-78.986
-78.91
-78.95
-78.84
-78.831
-78.793
-78.756
-78.929
-78.71
-78.864
-78.691
-78.752
-78.71
-78.791
-78.739
-78.913
-78.821
-79.043
-78.875
-79.032
-78.944
-78.991
-78.939
-79.036
-78.974
-79.048
-78.944
-79.099
-78.874
-78.998
-78.838
-78.768
-78.829
-78.795
-78.819
-78.846
-78.724
-78.776
-78.647
-78.723
-78.604
-78.66
-78.62
-78.575
-78.512
-78.528
-78.402
-78.44
-78.466
-78.391
-78.445
-78.474
-78.319
-78.388
-78.326
-78.34
-78.393
-78.383
-78.363
-78.292
-78.262
-78.283
-78.187
-78.32
-78.171
-78.237
-78.24
-78.088
-78.124
-77.949
-77.908
-77.937
-77.834
-77.915
-77.753
-77.862
-77.75
-77.749
-77.737
-77.549
-77.793
-77.491
-77.729
-77.502
-77.541
-77.502
-77.615
-77.526
-77.674
-77.525
-77.626
-77.663
-77.575
-77.762
-77.632
-77.833
-77.691
-77.91
-77.686
-77.825
-77.679
-77.826
-77.676
-77.797
-77.797
-77.682
-77.795
-77.766
-77.72
-77.934
-77.762
-77.924
-77.963
-77.921
-78.083
-78.026
-77.98
-78.069
-77.935
-78.141
-78.018
-78.177
-78.145
-78.07
-78.096
-78.01
-78.14
-78.03
-78.113
-78.012
-77.972
-78.023
-78.022
-78.127
-78.047
-78.143
-78.051
-78.094
-78.047
-78.111
-78.032
-77.997
-77.968
-77.911
-77.856
-77.892
-77.78
-77.866
-77.838
-77.875
-77.762
-77.861
-77.695
-77.804
-77.783
-77.711
-77.837
-77.716
-77.761
-77.774
-77.734
-77.809
-77.759
-77.782
-77.684
-77.832
-77.865
-77.907
-78.019
-77.95
-77.892
-77.905
-77.89
-77.913
-77.927
-78.018
-77.96
-78.146
-78.159
-78.214
-78.234
-78.087
-78.186
-78.141
-78.328
-78.157
-78.288
-78.05
-78.157
-78.112
-78.167
-78.266
-78.06
-78.335
-78.225
-78.354
-78.362
-78.314
-78.229
-78.188
-78.103
-78.112
-78.138
-78.003
-78.083
-77.904
-77.934
-77.906
-77.948
-77.901
-77.921
-77.767
-77.744
-77.726
-77.639
-77.723
-77.629
-77.649
-77.656
-77.62
-77.718
-77.683
-77.713
-77.748
-77.93
-77.796
-77.936
-77.783
-77.734
-77.846
-77.832
-77.841
-77.862
-77.811
-77.863
-77.978
-77.971
-78.082
-78.099
-78.057
-78.125
-78.117
-78.214
-78.347
-78.258
-78.266
-78.17
-78.137
-78.191
-78.239
-78.196
-78.211
-78.205
-78.257
-78.257
-78.316
-78.276
-78.208
-78.25
-78.218
-78.25
-78.141
-78.194
-78.071
-78.182
-78.181
-78.227
-78.12
-78.304
-78.185
-78.411
-78.357
-78.338
-78.285
-78.263
-78.276
-78.308
-78.343
-78.362
-78.244
-78.339
-78.118
-78.2
-78.041
-78.102
-78.097
-78.109
-78.186
-78.158
-78.134
-78.153
-78.211
-78.328
-78.437
-78.408
-78.429
-78.362
-78.28
-78.387
-78.209
-78.307
-78.224
-78.292
-78.348
-78.176
-78.382
-78.196
-78.424
-78.402
-78.51
-78.361
-78.583
-78.476
-78.67
-78.713
-78.554
-78.666
-78.42
-78.645
-78.536
-78.623
-78.614
-78.531
-78.672
-78.564
-78.722
-78.637
-78.57
-78.663
-78.633
-78.641
-78.657
-78.593
-78.484
-78.587
-78.509
-78.503
-78.547
-78.494
-78.559
-78.531
-78.658
-78.406
-78.624
-78.403
-78.48
-78.511
-78.404
-78.409
-78.31
-78.321
-78.378
-78.291
-78.406
-78.316
-78.271
-78.356
-78.147
-78.274
-77.938
-78.101
-77.994
-77.961
-78.093
-78.002
-77.95
-77.973
-77.955
-77.87
-77.915
-77.867
-77.78
-77.925
-77.867
-77.843
-77.889
-77.801
-77.852
-77.878
-77.782
-77.749
-77.655
-77.79
-77.669
-77.826
-77.757
-77.684
-77.659
-77.795
-77.625
-77.911
-77.766
-77.858
-77.69
-77.906
-77.664
-77.971
-77.789
-77.841
-77.792
-77.846
-77.655
-77.847
-77.709
-77.865
-77.781
-77.858
-77.705
-77.891
-77.769
-78.008
-77.914
-77.942
-77.865
-77.898
-77.8
-77.924
-77.907
-78.036
-77.977
-78.068
-78.003
-77.895
-77.988
-77.792
-77.947
-77.809
-77.978
-77.801
-77.92
-77.872
-77.779
-77.937
-77.804
-77.905
-77.957
-77.981
-77.986
-78.004
-77.995
-77.985
-78.058
-78.007
-78.024
-77.96
-78.015
-77.974
-78.012
-78.041
-78.017
-78.125
-78.044
-78.088
-78.109
-78.094
-78.144
-78.083
-78.136
-78.08
-78.171
-78.187
-78.214
-78.185
-78.255
-78.178
-78.174
-78.244
-78.053
-78.216
-77.989
-78.005
-77.887
-78.005
-77.898
-78.088
-78.062
-78.015
-78.047
-77.948
-77.827
-78.0
-77.861
-78.068
-78.098
-78.118
-78.134
-78.127
-78.121
-78.072
-78.222
-78.223
-78.406
-78.293
-78.512
-78.294
-78.411
-78.328
-78.405
-78.466
-78.523
-78.587
-78.61
-78.546
-78.608
-78.688
-78.541
-78.641
-78.53
-78.468
-78.537
-78.469
-78.558
-78.392
-78.586
-78.349
-78.46
-78.41
-78.359
-78.421
-78.461
-78.407
-78.566
-78.448
-78.474
-78.642
-78.68
-78.623
-78.829
-78.535
-78.577
-78.608
-78.63
-78.696
-78.64
-78.627
-78.696
-78.597
-78.9
-78.775
-78.867
-78.725
-78.833
-78.666
-78.838
-78.754
-78.728
-78.649
-78.717
-78.509
-78.699
-78.488
-78.524
-78.484
-78.459
-78.348
-78.438
-78.178
-78.458
-78.243
-78.398
-78.347
-78.23
-78.196
-78.163
-78.049
-78.13
-78.045
-78.148
-78.09
-78.09
-78.129
-78.133
-78.101
-78.212
-78.112
-78.297
-78.184
-78.381
-78.245
-78.432
-78.272
-78.486
-78.407
-78.639
-78.512
-78.816
-78.598
-78.768
-78.646
-78.64
-78.625
-78.538
-78.604
-78.582
-78.496
-78.572
-78.45
-78.447
-78.441
-78.524
-78.309
-78.619
-78.23
-78.449
-78.278
-78.383
-78.209
-78.41
-78.133
-78.3
-78.212
-78.223
-78.072
-78.146
-77.89
-78.063
-78.068
-77.855
-78.109
-77.846
-77.97
-77.8
-77.804
-77.714
-77.819
-77.71
-77.918
-77.809
-78.061
-77.968
-77.931
-77.763
-77.849
-77.732
-77.953
-77.984
-77.942
-77.96
-77.937
-77.757
-77.996
-77.728
-77.972
-77.856
-77.926
-77.937
-77.948
-77.969
-78.193
-78.093
-78.341
-78.276
-78.236
-78.315
-78.227
-78.304
-78.19
-78.181
-78.175
-78.141
-78.24
-78.252
-78.252
-78.229
-78.195
-78.243
-78.133
-78.164
-78.058
-77.976
-78.034
-78.061
-78.276
-78.03
-78.212
-77.956
-78.018
-77.918
-77.978
-77.851
-78.012
-77.938
-78.071
-78.032
-78.136
-78.006
-78.13
-78.07
-78.172
-78.232
-78.171
-78.173
-78.266
-78.15
-78.426
-78.295
-78.391
-78.301
-78.261
-78.124
-78.153
-78.339
-78.276
-78.197
-78.104
-78.145
-78.104
-78.078
-78.034
-78.116
-78.049
-78.204
-78.336
-78.065
-78.167
-78.047
-78.119
-78.194
-78.147
-78.121
-78.14
-78.144
-78.103
-78.11
-78.111
-78.141
-78.195
-78.318
-78.257
-78.383
-78.352
-78.418
-78.414
-78.466
-78.545
-78.524
-78.649
-78.633
-78.635
-78.647
-78.665
-78.705
-78.723
-78.761
-78.771
-78.715
-78.549
-78.59
-78.574
-78.537
-78.51
-78.501
-78.577
-78.543
-78.601
-78.543
-78.536
-78.439
-78.485
-78.392
-78.433
-78.299
-78.304
-78.178
-78.144
-78.09
-78.175
-78.118
-78.4
-78.388
-78.359
-78.409
-78.135
-78.135
-78.073
-77.953
-78.035
-78.017
-77.994
-78.061
-78.125
-78.069
-78.146
-78.128
-78.064
-78.051
-78.194
-78.058
-78.186
-78.03
-78.071
-77.974
-77.868
-77.942
-77.804
-77.855
-77.886
-77.844
-77.808
-77.803
-77.749
-77.764
-77.817
-77.808
-77.894
-77.83
-77.811
-77.823
-77.899
-77.894
-77.996
-77.943
-77.916
-77.838
-77.989
-77.903
-78.096
-78.013
-77.94
-77.873
-77.922
-77.903
-77.999
-77.95
-77.798
-77.926
-77.725
-77.804
-77.793
-77.612
-77.827
-77.594
-77.789
-77.674
-77.764
-77.761
-77.82
-77.742
-77.746
-77.659
-77.618
-77.693
-77.702
-77.817
-77.811
-77.799
-77.845
-77.767
-78.018
-78.078
-78.266
-78.261
-78.234
-78.206
-78.207
-78.315
-78.309
-78.399
-78.362
-78.333
-78.408
-78.367
-78.396
-78.456
-78.47
-78.443
-78.485
-78.45
-78.371
-78.599
-78.338
-78.651
-78.541
-78.548
-78.748
-78.583
-78.501
-78.576
-78.439
-78.366
-78.447
-78.372
-78.373
-78.419
-78.453
-78.377
-78.423
-78.296
-78.481
-78.24
-78.579
-78.424
-78.784
-78.667
-78.828
-78.67
-78.675
-78.622
-78.687
-78.769
-78.852
-78.621
-78.856
-78.587
-78.773
-78.693
-78.759
-78.6
-78.75
-78.573
-78.599
-78.612
-78.494
-78.618
-78.525
-78.542
-78.526
-78.486
-78.473
-78.482
-78.354
-78.357
-78.333
-78.39
-78.409
-78.36
-78.399
-78.278
-78.395
-78.355
-78.322
-78.518
-78.361
-78.518
-78.308
-78.334
-78.314
-78.336
-78.355
-78.395
-78.285
-78.338
-78.384
-78.356
-78.391
-78.339
-78.431
-78.328
-78.48
-78.292
-78.332
-78.276
-78.222
-78.3
-78.25
-78.366
-78.354
-78.442
-78.455
-78.428
-78.476
-78.337
-78.54
-78.42
-78.391
-78.461
-78.256
-78.35
-78.337
-78.418
-78.366
-78.546
-78.338
-78.475
-78.332
-78.504
-78.366
-78.557
-78.388
-78.505
-78.478
-78.355
-78.376
-78.231
-78.222
-78.324
-78.3
-78.399
-78.348
-78.366
-78.447
-78.352
-78.525
-78.478
-78.529
-78.444
-78.42
-78.364
-78.328
-78.338
-78.387
-78.254
-78.376
-78.296
-78.319
-78.413
-78.44
-78.393
-78.44
-78.386
-78.404
-78.424
-78.349
-78.488
-78.341
-78.496
-78.461
-78.327
-78.323
-78.276
-78.248
-78.271
-78.259
-78.2
-78.229
-78.194
-78.162
-78.187
-78.14
-78.15
-78.149
-78.158
-78.065
-78.132
-78.054
-78.273
-78.294
-78.45
-78.465
-78.361
-78.293
-78.301
-78.226
-78.315
-78.356
-78.283
-78.357
-78.266
-78.282
-78.27
-78.24
-78.33
-78.302
-78.236
-78.221
-78.156
-78.13
-78.229
-78.229
-78.124
-78.074
-78.241
-78.143
-78.317
-78.315
-78.241
-78.312
-78.242
-78.255
-78.256
-78.192
-78.324
-78.372
-78.455
-78.524
-78.456
-78.385
-78.435
-78.359
-78.397
-78.534
-78.474
-78.345
-78.576
-78.49
-78.71
-78.657
-78.751
-78.737
-78.714
-78.742
-78.622
-78.637
-78.578
-78.622
-78.591
-78.677
-78.637
-78.587
-78.691
-78.582
-78.817
-78.569
-78.852
-78.763
-78.802
-78.911
-78.86
-78.789
-79.057
-78.811
-79.027
-78.806
-78.953
-79.019
-79.085
-79.091
-79.101
-79.031
-79.002
-79.07
-78.99
-78.948
-79.042
-79.001
-79.056
-79.183
-78.992
-79.126
-78.978
-78.848
-79.018
-78.822
-78.939
-78.906
-78.917
-78.823
-78.989
-78.874
-79.039
-78.82
-78.971
-78.807
-78.816
-78.813
-78.959
-78.749
-79.04
-78.77
-78.863
-78.659
-78.797
-78.615
-78.772
-78.705
-78.814
-78.86
-78.836
-78.835
-78.692
-78.687
-78.655
-78.719
-78.777
-78.733
-78.738
-78.692
-78.655
-78.743
-78.68
-78.863
-78.757
-78.867
-78.845
-78.892
-78.946
-78.861
-79.081
-78.844
-79.117
-78.993
-78.948
-78.858
-78.914
-78.891
-78.99
-78.993
-79.139
-79.075
-79.085
-79.129
-79.001
-78.916
-79.003
-78.802
-78.959
-78.911
-79.032
-78.915
-78.929
-78.858
-78.967
-78.885
-78.948
-78.889
-78.901
-79.012
-78.899
-78.985
-78.924
-78.886
-78.944
-79.019
-79.068
-78.96
-79.071
-78.862
-78.84
-78.861
-78.792
-78.846
-78.794
-78.942
-78.921
-78.943
-78.956
-78.994
-78.958
-79.016
-78.929
-78.932
-78.98
-79.045
-78.986
-79.206
-79.181
-79.22
-79.337
-79.178
-79.299
-79.294
-79.26
-79.211
-79.139
-79.042
-79.129
-79.133
-79.184
-79.185
-79.243
-79.189
-79.19
-79.169
-79.146
-79.182
-79.224
-79.188
-79.236
-79.206
-79.155
-79.225
-79.174
-79.274
-79.163
-79.174
-78.938
-78.973
-78.967
-78.913
-79.011
-78.981
-79.078
-79.015
-78.851
-78.978
-78.889
-78.947
-78.888
-78.979
-78.997
-78.899
-79.093
-79.129
-79.082
-79.088
-79.045
-79.152
-79.07
-79.013
-79.128
-79.047
-79.066
-79.07
-79.038
-79.022
-79.017
-79.052
-79.06
-78.982
-79.027
-79.049
-79.095
-79.066
-79.067
-78.89
-78.853
-78.869
-78.799
-78.913
-78.924
-78.888
-78.991
-78.792
-78.792
-78.714
-78.744
-78.784
-78.785
-78.953
-78.842
-78.9
-78.946
-78.895
-78.9
-78.818
-78.86
-78.814
-78.903
-78.833
-78.853
-78.818
-78.794
-78.874
-78.943
-78.925
-78.857
-78.984
-78.849
-78.916
-78.859
-78.709
-78.817
-78.758
-78.82
-78.918
-78.954
-79.105
-78.942
-79.034
-78.933
-78.937
-78.982
-78.961
-78.811
-78.819
-78.772
-78.769
-78.872
-78.897
-78.828
-78.896
-78.796
-78.795
-78.856
-78.83
-78.909
-78.932
-78.921
-78.892
-79.001
-78.882
-78.987
-78.873
-79.023
-78.94
-79.106
-79.107
-79.026
-79.243
-79.157
-79.362
-79.347
-79.265
-79.302
-79.175
-79.453
-79.321
-79.628
-79.323
-79.63
-79.426
-79.709
-79.747
-79.768
-79.751
-79.696
-79.67
-79.765
-79.718
-79.881
-79.777
-80.011
-79.948
-80.225
-80.259
-80.317
-80.49
-80.515
-80.557
-80.79
-80.771
-81.088
-81.045
-81.455
-81.312
-81.739
-81.756
-82.134
-82.135
-82.494
-82.536
-82.731
-83.025
-83.283
-83.558
-83.879
-83.945
-84.405
-84.364
-84.916
-84.945
-85.51
-85.458
-85.957
-85.948
-86.225
-86.244
-86.69
-86.565
-86.981
-86.982
-87.269
-87.263
-87.606
-87.421
-87.71
-87.552
-87.808
-87.702
-87.91
-87.846
-87.821
-87.841
-87.732
-87.753
-87.63
-87.708
-87.365
-87.51
-87.112
-87.329
-87.063
-87.081
-86.899
-86.791
-86.693
-86.529
-86.546
-86.381
-86.237
-86.268
-85.997
-85.93
-85.783
-85.687
-85.395
-85.509
-85.065
-85.142
-85.108
-84.903
-84.996
-84.9
-84.674
-84.668
-84.585
-84.426
-84.532
-84.344
-84.298
-84.306
-84.223
-84.158
-84.181
-83.93
-84.083
-83.9
-84.047
-83.918
-83.899
-83.81
-83.98
-83.798
-84.048
-83.744
-83.876
-83.639
-83.844
-83.692
-83.807
-83.633
-83.588
-83.578
-83.651
-83.665
-83.78
-83.634
-83.68
-83.587
-83.728
-83.599
-83.714
-83.625
-83.589
-83.606
-83.54
-83.591
-83.577
-83.601
-83.68
-83.66
-83.773
-83.696
-83.727
-83.868
-83.859
-83.951
-83.81
-84.005
-83.794
-83.964
-83.785
-83.884
-83.721
-83.812
-83.717
-83.752
-83.696
-83.879
-83.813
-83.896
-83.856
-83.81
-83.726
-83.855
-83.739
-83.839
-83.833
-83.801
-83.901
-83.757
-83.873
-83.823
-83.852
-83.989
-83.873
-83.97
-83.829
-83.947
-83.812
-83.961
-83.817
-83.83
-83.87
-83.693
-83.833
-83.656
-83.808
-83.638
-83.778
-83.702
-83.735
-83.784
-83.707
-83.678
-83.543
-83.504
-83.434
-83.437
-83.45
-83.481
-83.446
-83.48
-83.387
-83.414
-83.365
-83.307
-83.215
-83.213
-83.148
-83.079
-83.18
-83.131
-83.211
-83.203
-83.286
-83.085
-83.247
-83.05
-83.121
-82.981
-82.984
-82.867
-82.872
-82.794
-82.796
-82.828
-82.872
-82.771
-82.974
-82.6
-82.742
-82.589
-82.644
-82.62
-82.772
-82.66
-82.794
-82.65
-82.707
-82.613
-82.588
-82.574
-82.524
-82.51
-82.483
-82.565
-82.554
-82.383
-82.393
-82.267
-82.288
-82.319
-82.285
-82.332
-82.26
-82.37
-82.299
-82.153
-82.092
-81.987
-81.97
-81.973
-81.969
-82.069
-82.091
-82.118
-82.09
-82.055
-82.152
-82.142
-82.125
-82.128
-82.058
-82.064
-81.964
-81.976
-82.043
-82.054
-82.057
-82.074
-82.012
-82.017
-82.015
-81.956
-82.038
-81.959
-82.233
-82.217
-82.164
-82.17
-82.032
-82.056
-82.101
-82.14
-82.176
-82.2
-82.144
-82.173
-82.117
-82.081
-82.382
-82.37
-82.405
-82.466
-82.345
-82.428
-82.431
-82.545
-82.562
-82.634
-82.689
-82.624
-82.611
-82.556
-82.512
-82.582
-82.469
-82.508
-82.563
-82.521
-82.635
-82.545
-82.548
-82.454
-82.574
-82.544
-82.823
-82.787
-82.971
-82.973
-83.054
-83.093
-83.151
-83.117
-83.2
-83.202
-83.302
-83.272
-83.462
-83.37
-83.389
-83.38
-83.228
-83.376
-83.192
-83.277
-83.05
-82.997
-83.027
-83.043
-83.036
-83.089
-82.908
-83.009
-82.773
-82.728
-82.627
-82.802
-82.824
-82.848
-82.86
-82.856
-82.877
-82.893
-82.99
-82.911
-82.893
-82.83
-82.786
-82.878
-82.886
-82.899
-82.877
-82.741
-82.773
-82.701
-82.675
-82.58
-82.501
-82.315
-82.356
-82.358
-82.346
-82.473
-82.391
-82.349
-82.478
-82.311
-82.44
-82.4
-82.224
-82.286
-82.143
-82.111
-82.112
-82.029
-82.119
-81.929
-82.026
-81.81
-81.823
-81.671
-81.733
-81.693
-81.721
-81.666
-81.766
-81.553
-81.577
-81.526
-81.447
-81.713
-81.747
-81.764
-81.844
-81.544
-81.741
-81.656
-81.758
-81.79
-81.769
-81.765
-81.994
-81.916
-82.141
-82.034
-82.045
-82.009
-82.122
-82.072
-82.182
-82.222
-82.259
-82.392
-82.382
-82.59
-82.463
-82.74
-82.625
-82.737
-82.659
-82.666
-82.687
-82.683
-82.703
-82.718
-82.541
-82.673
-82.575
-82.6
-82.713
-82.773
-82.666
-82.79
-82.553
-82.689
-82.637
-82.722
-82.731
-82.686
-82.767
-82.674
-82.738
-82.68
-82.595
-82.637
-82.52
-82.665
-82.593
-82.855
-82.752
-82.998
-82.959
-82.947
-83.01
-82.942
-82.933
-82.982
-82.892
-83.033
-83.003
-83.129
-83.208
-83.289
-83.286
-83.541
-83.448
-83.564
-83.565
-83.511
-83.63
-83.705
-83.879
-83.873
-84.01
-83.95
-84.058
-84.101
-84.185
-84.303
-84.36
-84.47
-84.53
-84.74
-84.658
-84.955
-84.793
-85.015
-85.008
-85.277
-85.24
-85.529
-85.482
-85.61
-85.693
-85.9
-85.862
-86.106
-86.033
-86.218
-86.141
-86.38
-86.341
-86.414
-86.554
-86.688
-86.602
-86.831
-86.614
-86.773
-86.78
-86.791
-86.926
-86.78
-87.063
-86.942
-87.22
-87.15
-87.323
-87.185
-87.368
-87.196
-87.402
-87.282
-87.447
-87.304
-87.42
-87.411
-87.46
-87.536
-87.584
-87.489
-87.634
-87.652
-87.656
-87.935
-87.805
-87.939
-87.85
-87.917
-87.83
-88.015
-87.908
-88.104
-87.994
-88.068
-88.118
-88.048
-88.116
-88.202
-88.113
-88.221
-88.165
-88.269
-88.188
-88.347
-88.263
-88.367
-88.32
-88.453
-88.378
-88.526
-88.475
-88.546
-88.466
-88.545
-88.554
-88.697
-88.604
-88.874
-88.624
-88.83
-88.793
-88.776
-88.838
-88.907
-88.813
-88.984
-88.981
-89.056
-89.15
-89.214
-89.151
-89.301
-89.255
-89.432
-89.413
-89.395
-89.54
-89.436
-89.577
-89.533
-89.605
-89.698
-89.782
-89.966
-89.94
-90.058
-90.04
-90.272
-90.313
-90.528
-90.499
-90.695
-90.482
-90.836
-90.756
-91.013
-91.085
-91.248
-91.129
-91.377
-91.25
-91.428
-91.337
-91.516
-91.559
-91.642
-91.796
-91.779
-91.845
-92.003
-91.988
-92.191
-92.208
-92.25
-92.394
-92.388
-92.544
-92.668
-92.789
-92.832
-92.856
-92.941
-92.982
-93.128
-93.153
-93.159
-93.225
-93.205
-93.235
-93.336
-93.286
-93.321
-93.463
-93.439
-93.614
-93.677
-93.667
-93.741
-93.798
-93.747
-93.789
-93.83
-93.797
-94.061
-93.862
-94.369
-95.253
-108.798
-110.654
-123.452
-125.084
-122.531
-123.219
-121.273
-121.875
-123.847
-124.603
-126.067
-126.09
-126.089
-125.874
-121.493
-118.616
-121.687
-118.938
-121.811
-123.747
-119.28
-120.578
-123.918
-122.874
-123.43
-122.486
-122.624
-123.246
-124.599
-124.661
-122.004
-123.257
-121.171
-124.617
-123.952
-120.596
-125.262
-112.818
-124.758
-116.153
-123.798
-118.361
-124.445
-120.739
-123.381
-118.252
-122.11
-118.091
-125.04
-126.104
-126.335
-122.334
-126.274
-120.635
-126.122
-124.165
-126.25
-125.449
-124.033
-121.28
-121.711
-121.578
-124.047
-125.876
-122.038
-124.734
-120.018
-122.934
-123.028
-122.518
-124.837
-122.96
-124.402
-121.706
-122.114
-121.809
-123.359
-124.203
-123.716
-123.474
-117.771
-114.759
-115.926
-114.645
-119.086
-123.547
-122.499
-125.531
-125.647
-125.482
-125.927
-125.545
-125.856
-125.928
-125.368
-125.481
-125.449
-125.389
-125.891
-122.729
-124.018
-122.444
-122.275
-121.533
-121.584
-122.034
-123.449
-124.108
-123.748
-121.081
-123.402
-123.169
-125.621
-126.058
-123.072
-126.003
-122.575
-125.62
-125.423
-125.74
-125.795
-125.82
-125.731
-125.69
-126.121
-125.807
-126.338
-125.842
-124.781
-126.082
-124.461
-120.056
-123.666
-117.649
-121.856
-120.249
-124.069
-122.737
-124.313
-121.833
-115.963
-115.597
-117.267
-117.446
-123.836
-123.445
-121.917
-123.942
-119.83
-122.406
-121.225
-122.046
-123.623
-119.85
-123.689
-121.882
-125.068
-122.063
-123.951
-122.023
-120.092
-125.731
-122.149
-126.229
-126.197
-126.383
-126.208
-124.047
-122.848
-122.156
-120.851
-123.734
-124.094
-121.811
-117.629
-120.217
-117.493
-121.563
-125.207
-121.719
-124.1
-121.302
-122.37
-120.866
-122.176
-123.868
-124.731
-123.922
-120.547
-123.689
-120.239
-126.055
-125.307
-125.676
-125.267
-123.67
-125.775
-115.772
-122.058
-117.209
-120.293
-118.41
-122.731
-116.81
-123.078
-121.102
-122.041
-122.798
-121.376
-120.947
-120.509
-119.563
-121.373
-124.08
-124.507
-123.513
-125.576
-122.971
-125.23
-123.38
-125.26
-123.547
-125.467
-125.516
-125.586
-118.359
-126.012
-116.878
-119.782
-122.209
-117.856
-122.142
-123.596
-123.547
-122.842
-124.912
-123.578
-125.846
-126.169
-123.584
-125.853
-123.259
-123.028
-123.415
-120.936
-120.724
-119.065
-118.237
-118.23
-119.714
-114.834
-120.299
-114.703
-117.122
-120.135
-121.22
-123.221
-125.77
-122.934
-121.763
-118.985
-120.441
-119.434
-121.803
-122.884
-123.138
-122.807
-125.629
-116.58
-123.167
-114.283
-119.822
-116.919
-119.509
-118.761
-121.894
-120.735
-122.34
-120.248
-121.96
-122.368
-120.488
-123.368
-119.003
-121.09
-122.485
-119.437
-123.47
-121.969
-123.722
-123.409
-123.334
-116.211
-121.4
-117.62
-121.41
-122.476
-118.82
-119.629
-119.103
-120.101
-121.384
-121.471
-118.366
-119.257
-120.326
-118.245
-123.334
-120.339
-121.139
-122.647
-121.577
-119.299
-118.325
-115.068
-114.328
-116.133
-116.682
-114.935
-122.148
-120.334
-120.893
-118.181
-118.043
-111.898
-117.103
-115.256
-114.738
-119.558
-114.61
-116.919
-113.319
-113.994
-117.121
-117.183
-118.597
-114.727
-116.924
-111.534
-121.933
-114.603
-121.045
-117.499
-118.688
-121.403
-123.011
-123.244
-119.436
-118.008
-117.639
-119.82
-118.118
-121.167
-119.933
-121.687
-122.484
-123.088
-121.15
-120.813
-123.304
-120.466
-124.896
-122.571
-123.914
-122.604
-121.093
-119.341
-118.734
-121.857
-119.309
-111.531
-106.548
-94.252
-89.576
-88.546
-87.365
-86.921
-86.978
-86.94
-86.893
-86.971
-87.264
-87.158
-87.182
-87.075
-86.776
-86.749
-86.767
-86.679
-86.723
-86.633
-86.512
-86.561
-86.498
-86.386
-86.469
-86.199
-86.297
-86.234
-86.297
-86.248
-86.287
-86.25
-86.21
-86.189
-86.124
-85.988
-86.107
-85.945
-85.882
-86.001
-85.833
-85.9
-85.811
-85.96
-85.605
-85.915
-85.551
-85.625
-85.54
-85.549
-85.512
-85.545
-85.51
-85.591
-85.538
-85.648
-85.508
-85.605
-85.544
-85.419
-85.407
-85.341
-85.301
-85.296
-85.35
-85.322
-85.278
-85.293
-85.276
-85.205
-85.232
-85.175
-85.176
-85.114
-85.222
-85.114
-85.231
-85.095
-83.104
-83.969
-82.961
-83.38
-84.948
-84.475
-84.937
-85.028
-84.941
-84.887
-84.658
-84.44
-84.098
-84.015
-83.86
-83.783
-83.551
-83.806
-83.32
-84.233
-83.502
-84.129
-83.474
-83.666
-83.92
-83.628
-83.837
-84.041
-83.855
-84.143
-84.557
-84.109
-84.532
-84.426
-84.504
-84.396
-84.519
-84.361
-84.356
-84.399
-84.119
-84.272
-83.894
-84.158
-83.999
-84.236
-84.123
-84.066
-83.964
-83.999
-83.996
-84.042
-83.962
-83.852
-83.891
-83.926
-83.934
-84.018
-83.988
-83.771
-83.924
-83.675
-83.54
-83.263
-83.558
-82.833
-83.714
-82.899
-83.583
-83.292
-83.788
-83.708
-83.808
-83.565
-83.641
-83.592
-83.602
-83.669
-83.615
-83.608
-83.497
-83.565
-83.484
-83.541
-83.532
-83.48
-83.434
-83.396
-83.412
-83.459
-83.402
-83.373
-83.363
-83.237
-83.344
-83.301
-83.388
-83.038
-83.378
-82.989
-83.207
-83.271
-83.092
-83.167
-83.128
-83.104
-83.112
-83.084
-83.04
-83.065
-83.067
-83.156
-83.096
-83.011
-83.008
-82.895
-82.936
-83.01
-82.865
-82.961
-82.693
-82.791
-82.693
-82.783
-82.795
-82.861
-82.706
-82.829
-82.739
-82.717
-82.792
-82.653
-82.74
-82.637
-82.787
-82.695
-82.792
-82.741
-82.714
-82.724
-82.654
-82.737
-82.632
-82.731
-82.746
-82.724
-82.795
-82.658
-82.775
-82.668
-82.713
-82.618
-82.597
-82.571
-82.653
-82.582
-82.656
-82.454
-82.668
-82.566
-82.662
-82.67
-82.596
-82.618
-82.516
-82.575
-82.503
-82.462
-82.579
-82.58
-82.555
-82.661
-82.552
-82.485
-82.544
-82.472
-82.425
-82.172
-82.338
-81.988
-82.308
-82.195
-82.177
-82.341
-82.201
-82.342
-82.242
-82.046
-82.118
-82.051
-82.057
-82.185
-82.034
-82.184
-82.098
-82.086
-82.167
-82.011
-82.148
-82.09
-82.17
-82.104
-82.118
-81.999
-81.934
-81.945
-81.888
-82.034
-81.961
-81.985
-81.877
-81.896
-82.302
-82.383
-82.753
-82.87
-82.727
-82.838
-82.848
-82.827
-82.648
-82.43
-82.248
-82.011
-82.151
-82.028
-81.967
-82.099
-81.959
-82.186
-82.15
-82.107
-82.22
-82.114
-82.257
-82.174
-82.18
-82.044
-82.179
-81.895
-82.133
-82.073
-82.091
-82.187
-82.119
-82.104
-81.968
-82.16
-82.0
-82.156
-82.053
-82.106
-81.779
-81.859
-81.936
-81.911
-82.137
-82.103
-82.022
-81.982
-82.071
-81.942
-82.095
-81.955
-82.014
-82.036
-82.071
-82.152
-82.101
-82.062
-81.631
-81.942
-81.582
-81.983
-81.923
-81.985
-81.841
-81.849
-81.76
-81.79
-81.963
-81.897
-81.991
-81.888
-81.882
-81.823
-81.721
-81.774
-81.606
-81.78
-81.74
-81.722
-81.638
-81.695
-81.583
-81.73
-81.625
-81.688
-81.571
-81.677
-81.636
-81.657
-81.658
-81.645
-81.55
-81.684
-81.575
-81.629
-81.68
-81.557
-81.65
-81.569
-81.553
-81.586
-81.467
-81.573
-81.545
-81.638
-81.629
-81.779
-81.5
-81.677
-81.487
-81.555
-81.619
-81.618
-81.53
-81.5
-81.33
-81.496
-81.334
-81.556
-81.328
-81.341
-81.383
-81.243
-81.219
-81.364
-81.094
-81.292
-81.142
-81.005
-81.147
-81.101
-81.282
-81.259
-81.133
-81.231
-81.113
-81.129
-81.345
-81.22
-81.386
-81.393
-81.313
-81.261
-81.203
-81.282
-81.199
-81.259
-81.243
-81.246
-81.234
-81.386
-81.306
-81.316
-81.417
-81.3
-81.358
-81.243
-81.345
-81.239
-81.377
-81.247
-81.309
-81.186
-81.284
-81.245
-81.291
-81.245
-81.359
-81.14
-81.367
-81.077
-81.24
-81.107
-81.154
-81.197
-81.134
-81.288
-81.093
-81.23
-81.16
-81.091
-81.198
-81.024
-81.188
-81.017
-81.16
-81.13
-81.052
-81.146
-80.987
-80.951
-80.814
-80.938
-80.928
-80.983
-81.095
-80.977
-81.079
-80.999
-81.087
-80.971
-80.893
-80.927
-80.802
-80.836
-80.804
-80.878
-80.915
-80.974
-80.959
-80.987
-80.844
-80.99
-80.916
-81.025
-80.96
-80.909
-80.858
-80.735
-80.818
-80.752
-80.846
-80.831
-80.866
-80.873
-80.899
-80.835
-80.868
-80.787
-80.816
-80.749
-80.857
-80.74
-80.826
-80.74
-80.855
-80.649
-80.804
-80.592
-80.682
-80.629
-80.793
-80.604
-80.947
-80.665
-80.82
-80.523
-80.689
-80.382
-80.711
-80.529
-80.704
-80.496
-80.719
-80.55
-80.718
-80.681
-80.639
-80.566
-80.51
-80.522
-80.441
-80.603
-80.467
-80.572
-80.481
-80.506
-80.539
-80.456
-80.571
-80.393
-80.475
-80.417
-80.468
-80.418
-80.412
-80.474
-80.469
-80.467
-80.591
-80.571
-80.676
-80.572
-80.583
-80.487
-80.535
-80.513
-80.519
-80.572
-80.63
-80.586
-80.658
-80.535
-80.571
-80.449
-80.594
-80.433
-80.581
-80.45
-80.549
-80.425
-80.558
-80.408
-80.681
-80.45
-80.633
-80.49
-80.575
-80.608
-80.718
-80.649
-80.726
-80.62
-80.626
-80.487
-80.681
-80.421
-80.654
-80.541
-80.662
-80.461
-80.734
-80.439
-80.71
-80.447
-80.586
-80.448
-80.503
-80.459
-80.448
-80.497
-80.371
-80.531
-80.54
-80.495
-80.58
-80.644
-80.513
-80.619
-80.558
-80.479
-80.546
-80.498
-80.535
-80.408
-80.512
-80.387
-80.466
-80.371
-80.434
-80.367
-80.477
-80.464
-80.473
-80.466
-80.4
-80.417
-80.397
-80.372
-80.284
-80.431
-80.321
-80.431
-80.324
-80.374
-80.226
-80.396
-80.213
-80.284
-80.204
-80.182
-80.329
-80.125
-80.321
-80.257
-80.236
-80.315
-80.211
-80.279
-80.17
-80.355
-80.188
-80.3
-80.221
-80.306
-80.352
-80.338
-80.41
-80.345
-80.294
-80.358
-80.235
-80.322
-80.141
-80.378
-80.244
-80.412
-80.306
-80.318
-80.215
-80.262
-80.309
-80.223
-80.407
-80.194
-80.287
-80.224
-80.169
-80.247
-80.295
-80.205
-80.401
-80.173
-80.245
-80.256
-80.279
-80.31
-80.314
-80.284
-80.253
-80.36
-80.231
-80.385
-80.189
-80.252
-80.187
-80.236
-80.28
-80.283
-80.395
-80.311
-80.326
-80.279
-80.331
-80.246
-80.558
-80.229
-80.525
-80.3
-80.284
-80.286
-80.254
-80.179
-80.2
-80.283
-80.113
-80.321
-80.062
-80.255
-80.088
-80.221
-80.031
-80.197
-80.007
-80.245
-80.03
-80.276
-80.051
-80.204
-80.084
-80.15
-80.068
-80.146
-80.075
-80.21
-80.066
-80.255
-80.07
-80.285
-80.185
-80.229
-80.24
-80.163
-80.236
-80.182
-80.215
-80.132
-80.154
-80.053
-80.159
-80.047
-80.175
-80.081
-80.181
-80.095
-80.115
-80.167
-80.077
-80.2
-80.199
-80.085
-80.195
-79.997
-80.149
-80.082
-80.18
-80.185
-80.099
-80.08
-80.052
-79.937
-80.034
-79.855
-79.998
-79.931
-79.96
-80.1
-79.948
-80.014
-79.902
-79.906
-79.867
-80.004
-79.985
-80.09
-80.011
-80.051
-79.922
-80.039
-79.896
-79.894
-79.925
-79.815
-79.942
-79.818
-80.001
-79.776
-79.955
-79.841
-79.867
-79.828
-79.907
-79.748
-79.8
-79.849
-79.828
-79.971
-79.943
-79.961
-79.894
-79.948
-79.933
-79.947
-79.998
-79.952
-79.941
-79.797
-79.889
-79.766
-79.838
-79.88
-79.838
-79.84
-79.959
-79.904
-79.911
-80.03
-79.941
-80.013
-80.032
-79.99
-80.03
-80.021
-79.964
-79.943
-79.899
-79.881
-79.986
-79.929
-79.936
-79.966
-79.947
-80.067
-80.036
-80.063
-80.021
-80.043
-79.994
-80.038
-79.936
-79.971
-79.91
-79.948
-79.961
-79.99
-80.053
-80.043
-80.016
-80.067
-80.054
-80.061
-80.062
-80.022
-80.038
-80.103
-80.076
-80.087
-80.044
-80.038
-80.026
-80.019
-80.081
-79.985
-80.034
-80.016
-79.943
-80.025
-79.965
-79.939
-80.094
-79.916
-80.074
-80.391
-80.401
-80.785
-80.865
-80.761
-80.79
-80.757
-80.734
-80.829
-80.68
-80.503
-80.449
-80.055
-80.116
-79.928
-80.029
-79.967
-80.086
-80.024
-80.049
-80.019
-80.092
-80.065
-80.188
-80.035
-80.031
-79.982
-79.957
-80.004
-80.041
-80.113
-79.98
-80.098
-80.012
-80.056
-80.083
-79.989
-80.005
-80.037
-80.003
-80.119
-80.023
-80.02
-79.963
-80.033
-80.022
-80.091
-80.267
-80.077
-80.322
-80.042
-80.245
-79.996
-80.205
-80.044
-80.089
-80.078
-80.106
-80.117
-80.114
-80.067
-80.248
-80.007
-80.371
-80.198
-80.186
-80.211
-80.148
-80.167
-80.26
-80.212
-80.324
-80.168
-80.298
-80.234
-80.231
-80.286
-80.191
-80.201
-80.293
-80.294
-80.385
-80.291
-80.399
-80.276
-80.341
-80.257
-80.314
-80.153
-80.361
-80.156
-80.263
-80.175
-80.149
-80.251
-80.182
-80.302
-80.29
-80.418
-80.223
-80.286
-80.205
-80.134
-80.238
-80.294
-80.282
-80.284
-80.354
-80.148
-80.385
-80.059
-80.374
-80.051
-80.347
-80.088
-80.329
-80.182
-80.26
-80.272
-80.223
-80.247
-80.192
-80.158
-80.277
-80.18
-80.297
-80.224
-80.273
-80.213
-80.281
-80.212
-80.21
-80.29
-80.335
-80.307
-80.336
-80.111
-80.188
-80.112
-80.282
-80.156
-80.314
-80.106
-80.309
-80.131
-80.476
-80.178
-80.315
-80.102
-80.143
-80.074
-80.222
-80.186
-80.223
-80.223
-80.157
-80.216
-80.075
-80.222
-80.023
-80.125
-80.054
-80.055
-80.128
-80.09
-80.247
-80.072
-80.277
-80.123
-80.2
-80.081
-80.207
-79.981
-80.231
-80.063
-80.215
-80.216
-80.172
-80.162
-80.169
-80.053
-80.146
-80.084
-80.166
-80.128
-80.293
-80.146
-80.198
-80.142
-79.958
-80.106
-80.051
-80.069
-80.211
-80.159
-80.217
-80.268
-80.175
-80.187
-80.188
-80.122
-80.236
-80.161
-80.203
-80.116
-80.176
-80.076
-80.207
-80.185
-80.157
-80.229
-80.111
-80.164
-80.094
-80.074
-80.06
-80.039
-80.146
-80.034
-80.149
-80.0
-80.118
-80.09
-80.118
-80.14
-80.076
-80.069
-80.176
-80.088
-80.235
-80.157
-80.189
-80.113
-80.153
-80.026
-80.071
-80.112
-80.026
-80.151
-80.098
-80.178
-80.12
-80.144
-79.967
-80.033
-80.08
-80.147
-80.205
-80.257
-80.081
-80.198
-80.157
-80.248
-80.225
-80.155
-80.25
-80.151
-80.334
-80.154
-80.292
-80.335
-80.363
-80.277
-80.297
-80.091
-80.127
-80.127
-80.245
-80.143
-80.298
-80.133
-80.212
-80.174
-80.149
-80.2
-80.045
-80.23
-80.107
-80.189
-80.221
-80.097
-80.167
-80.143
-80.097
-80.181
-80.244
-80.094
-80.354
-80.132
-80.308
-80.255
-80.273
-80.252
-80.24
-80.263
-80.192
-80.278
-80.201
-80.227
-80.148
-80.174
-80.136
-80.124
-80.204
-80.151
-80.222
-80.134
-80.212
-80.119
-80.101
-80.167
-80.16
-80.23
-80.247
-80.218
-80.223
-80.034
-80.083
-79.993
-79.949
-80.182
-80.159
-80.3
-80.361
-80.209
-80.313
-80.169
-80.194
-80.227
-80.179
-80.112
-80.316
-80.095
-80.189
-80.227
-80.051
-80.169
-80.17
-80.06
-80.184
-80.155
-80.232
-80.235
-80.389
-80.101
-80.328
-80.019
-80.229
-80.045
-80.184
-79.531
-79.525
-79.068
-79.158
-79.614
-79.657
-79.926
-79.9
-79.882
-79.935
-79.687
-79.753
-79.673
-79.632
-79.911
-79.898
-79.973
-80.019
-80.047
-80.202
-79.974
-80.26
-80.179
-80.149
-80.306
-80.202
-80.199
-80.193
-80.159
-80.203
-80.151
-80.248
-80.155
-80.156
-80.247
-80.267
-80.242
-80.369
-80.185
-80.2
-80.232
-80.177
-80.181
-80.241
-80.249
-80.303
-80.35
-80.229
-80.333
-80.305
-80.229
-80.393
-80.111
-80.248
-80.084
-80.207
-80.147
-80.301
-80.217
-80.285
-80.107
-80.207
-80.097
-80.205
-80.197
-80.159
-80.176
-80.162
-80.238
-80.263
-80.229
-80.214
-80.186
-80.159
-80.234
-80.17
-80.292
-80.147
-80.353
-80.119
-80.288
-80.183
-80.313
-80.322
-80.351
-80.408
-80.237
-80.448
-80.262
-80.325
-80.423
-80.263
-80.433
-80.316
-80.273
-80.273
-80.268
-80.239
-80.338
-80.433
-80.341
-80.481
-80.282
-80.34
-80.298
-80.332
-80.385
-80.435
-80.401
-80.411
-80.355
-80.3
-80.221
-80.353
-80.163
-80.408
-80.24
-80.361
-80.229
-80.287
-80.323
-80.189
-80.505
-80.204
-80.418
-80.336
-80.347
-80.359
-80.374
-80.279
-80.391
-80.379
-80.304
-80.447
-80.272
-80.347
-80.363
-80.293
-80.335
-80.428
-80.399
-80.546
-80.372
-80.434
-80.246
-80.317
-80.279
-80.263
-80.411
-80.27
-80.412
-80.341
-80.221
-80.285
-80.209
-80.279
-80.183
-80.373
-80.126
-80.213
-80.179
-80.11
-80.237
-80.237
-80.178
-80.317
-80.214
-80.211
-80.18
-80.175
-80.029
-80.24
-80.069
-80.138
-80.172
-80.15
-80.262
-80.236
-80.266
-80.185
-80.233
-80.172
-80.271
-80.208
-80.361
-80.098
-80.282
-80.053
-80.181
-80.164
-80.162
-80.212
-80.238
-80.172
-80.263
-80.122
-80.212
-80.122
-80.144
-80.137
-80.141
-80.131
-80.218
-80.137
-80.165
-80.134
-80.121
-80.081
-80.234
-80.339
-80.247
-80.559
-80.234
-80.346
-80.334
-80.188
-80.297
-80.216
-80.218
-80.217
-80.304
-80.26
-80.356
-80.229
-80.264
-80.156
-80.325
-80.146
-80.404
-80.147
-80.317
-80.152
-80.197
-80.286
-80.347
-80.252
-80.312
-80.265
-80.22
-80.344
-80.254
-80.394
-80.309
-80.407
-80.303
-80.281
-80.292
-80.122
-80.164
-80.028
-80.15
-80.067
-80.26
-80.152
-80.211
-80.193
-80.138
-80.186
-80.175
-80.239
-80.207
-80.273
-80.191
-80.19
-80.157
-80.102
-80.189
-80.347
-80.163
-80.207
-80.206
-80.075
-80.24
-80.254
-80.305
-80.192
-80.298
-80.141
-80.207
-80.213
-80.059
-80.174
-80.113
-80.179
-80.124
-80.185
-80.138
-80.226
-80.213
-80.325
-80.138
-80.225
-80.228
-80.144
-80.277
-80.258
-80.383
-80.216
-80.328
-80.232
-80.158
-80.133
-80.167
-80.085
-80.293
-80.174
-80.237
-80.146
-80.08
-80.146
-80.093
-80.125
-80.168
-80.044
-80.192
-80.128
-80.164
-80.197
-80.124
-80.295
-80.126
-80.259
-80.1
-80.177
-80.07
-80.113
-80.124
-80.088
-80.183
-80.118
-80.164
-80.108
-80.23
-80.197
-80.232
-80.193
-80.192
-80.195
-80.171
-80.231
-80.152
-80.213
-80.139
-80.145
-80.177
-80.108
-80.246
-80.14
-80.182
-80.102
-80.147
-80.071
-80.114
-80.171
-80.046
-80.272
-80.14
-80.164
-80.192
-80.159
-80.069
-80.218
-80.059
-80.189
-80.198
-80.265
-80.177
-80.227
-80.141
-80.097
-79.956
-79.809
-79.186
-79.18
-78.707
-78.806
-79.387
-79.388
-79.995
-80.096
-79.918
-80.17
-80.028
-80.114
-80.031
-80.155
-79.978
-80.216
-80.114
-80.185
-79.966
-80.112
-79.861
-80.115
-80.016
-80.203
-80.1
-80.096
-80.16
-80.056
-80.127
-80.125
-79.967
-80.115
-80.016
-80.144
-80.139
-80.278
-80.186
-80.296
-80.137
-80.193
-80.088
-80.193
-80.158
-80.146
-80.186
-80.21
-80.157
-80.214
-80.096
-80.219
-80.091
-80.233
-80.117
-80.186
-80.033
-80.307
-80.029
-80.22
-80.038
-80.062
-79.931
-80.071
-79.951
-80.106
-80.03
-80.196
-80.106
-80.225
-80.105
-80.169
-80.088
-80.169
-80.094
-80.178
-80.155
-80.18
-80.124
-80.247
-80.012
-80.302
-80.141
-80.301
-80.223
-80.152
-80.072
-80.062
-80.084
-80.124
-80.156
-80.204
-80.092
-80.266
-80.097
-80.2
-80.16
-80.061
-80.161
-80.118
-80.013
-80.178
-80.1
-80.122
-80.248
-80.252
-80.211
-80.223
-80.2
-80.173
-80.145
-80.183
-80.087
-80.11
-80.05
-80.296
-80.154
-80.387
-80.198
-80.29
-80.134
-80.344
-80.156
-80.314
-80.177
-80.137
-80.181
-80.163
-80.203
-80.202
-80.311
-80.16
-80.259
-80.305
-80.135
-80.21
-80.219
-80.099
-80.21
-80.165
-80.116
-80.089
-80.25
-80.043
-80.383
-80.137
-80.341
-80.256
-80.358
-80.24
-80.318
-80.109
-80.316
-80.08
-80.287
-80.094
-80.255
-80.049
-80.145
-80.24
-80.278
-80.24
-80.235
-80.201
-80.296
-80.272
-80.376
-80.338
-80.363
-80.364
-80.362
-80.422
-80.393
-80.384
-80.479
-80.525
-80.465
-80.488
-80.27
-80.333
-80.156
-80.286
-80.213
-80.35
-80.316
-80.31
-80.297
-80.394
-80.436
-80.366
-80.426
-80.273
-80.286
-80.295
-80.407
-80.546
-80.53
-80.482
-80.428
-80.393
-80.355
-80.257
-80.341
-80.427
-80.308
-80.469
-80.394
-80.432
-80.414
-80.51
-80.467
-80.49
-80.406
-80.452
-80.403
-80.472
-80.566
-80.433
-80.537
-80.482
-80.489
-80.538
-80.492
-80.541
-80.525
-80.516
-80.532
-80.582
-80.596
-80.642
-80.566
-80.578
-80.486
-80.57
-80.503
-80.637
-80.546
-80.627
-80.517
-80.57
-80.524
-80.578
-80.546
-80.548
-80.575
-80.494
-80.61
-80.48
-80.629
-80.538
-80.638
-80.674
-80.641
-80.72
-80.647
-80.657
-80.622
-80.586
-80.65
-80.561
-80.776
-80.727
-80.724
-80.72
-80.604
-80.588
-80.635
-80.603
-80.697
-80.671
-80.804
-80.748
-80.771
-80.67
-80.65
-80.583
-80.686
-80.672
-80.663
-80.584
-80.637
-80.528
-80.73
-80.637
-80.615
-80.625
-80.62
-80.583
-80.735
-80.658
-80.777
-80.764
-80.87
-80.771
-80.777
-80.842
-80.728
-80.833
-80.743
-80.739
-80.816
-80.815
-80.84
-80.836
-80.805
-80.746
-80.822
-80.72
-80.863
-80.792
-80.916
-80.836
-80.862
-80.925
-80.871
-80.84
-80.906
-80.815
-80.899
-80.976
-80.955
-80.957
-80.926
-80.961
-80.994
-80.963
-81.019
-80.91
-80.955
-80.988
-81.078
-80.941
-81.09
-80.85
-81.065
-80.957
-80.922
-80.874
-80.813
-80.839
-80.997
-80.852
-81.036
-80.953
-81.027
-81.101
-81.073
-81.003
-81.042
-80.973
-81.016
-81.12
-80.937
-81.125
-80.916
-81.033
-80.991
-81.078
-80.996
-81.087
-81.03
-81.048
-81.088
-80.993
-81.074
-80.947
-81.178
-81.092
-81.27
-81.165
-81.202
-81.059
-81.147
-81.034
-81.193
-81.019
-81.181
-80.993
-81.107
-81.155
-81.156
-81.231
-81.169
-81.132
-81.097
-81.073
-81.092
-81.043
-81.134
-81.101
-81.139
-81.106
-81.135
-81.167
-81.15
-81.192
-81.107
-81.168
-81.17
-81.136
-81.251
-81.069
-81.213
-81.087
-81.193
-81.077
-81.283
-81.203
-81.238
-81.217
-81.067
-81.126
-81.08
-81.199
-81.183
-81.27
-81.231
-81.348
-81.204
-81.234
-81.282
-81.241
-81.217
-81.1
-81.094
-81.044
-81.053
-81.256
-81.267
-81.343
-81.317
-81.143
-81.184
-81.159
-81.131
-81.141
-81.14
-81.085
-81.09
-81.122
-81.121
-81.182
-81.171
-81.215
-81.226
-81.244
-81.296
-81.278
-81.313
-81.246
-81.22
-81.26
-81.229
-81.302
-81.324
-81.322
-81.364
-81.351
-81.331
-81.336
-81.272
-81.296
-81.319
-81.333
-81.418
-81.366
-81.375
-81.457
-81.301
-81.61
-81.423
-81.499
-81.441
-81.377
-81.341
-81.41
-81.349
-81.346
-81.329
-81.346
-81.245
-81.348
-81.256
-81.264
-81.279
-81.254
-81.27
-81.357
-81.477
-81.452
-81.554
-81.45
-81.434
-81.393
-81.448
-81.322
-81.392
-81.319
-81.313
-81.349
-81.441
-81.53
-81.611
-81.51
-81.566
-81.398
-81.47
-81.478
-81.469
-81.451
-81.467
-81.488
-81.512
-81.531
-81.598
-81.542
-81.584
-81.593
-81.545
-81.593
-81.522
-81.686
-81.592
-81.706
-81.728
-81.663
-81.672
-81.633
-81.567
-81.535
-81.526
-81.613
-81.553
-81.763
-81.742
-81.801
-81.816
-81.801
-81.752
-81.595
-81.746
-81.605
-81.668
-81.588
-81.661
-81.699
-81.74
-81.822
-81.773
-81.835
-81.764
-81.871
-81.837
-81.756
-81.835
-81.674
-81.737
-81.673
-81.763
-81.784
-81.906
-81.949
-82.034
-81.89
-81.98
-81.824
-81.895
-81.89
-81.913
-81.907
-81.986
-81.888
-81.994
-81.906
-81.924
-81.887
-81.952
-81.97
-82.046
-82.027
-82.104
-82.019
-82.071
-82.011
-82.077
-82.125
-82.117
-82.194
-82.109
-82.079
-82.193
-82.059
-82.204
-82.164
-82.185
-82.269
-82.205
-82.331
-82.268
-82.203
-82.309
-82.226
-82.232
-82.296
-82.17
-82.192
-82.243
-82.123
-82.228
-82.11
-82.054
-82.053
-82.059
-82.07
-82.158
-82.134
-82.145
-82.193
-82.202
-82.273
-82.229
-82.234
-82.175
-82.202
-82.183
-82.164
-82.216
-82.237
-82.293
-82.286
-82.305
-82.326
-82.289
-82.359
-82.41
-82.332
-82.427
-82.401
-82.343
-82.368
-82.333
-82.294
-82.405
-82.372
-82.505
-82.516
-82.522
-82.483
-82.523
-82.393
-82.556
-82.418
-82.527
-82.499
-82.551
-82.615
-82.579
-82.577
-82.476
-82.577
-82.469
-82.67
-82.575
-82.585
-82.649
-82.472
-82.659
-82.561
-82.594
-82.651
-82.663
-82.685
-82.732
-82.767
-82.782
-82.659
-82.766
-82.707
-82.713
-82.808
-82.819
-82.731
-82.786
-82.749
-82.681
-82.824
-82.769
-82.948
-82.83
-82.968
-82.817
-82.918
-82.922
-82.829
-82.966
-82.822
-82.959
-82.992
-82.938
-82.976
-82.979
-82.968
-83.009
-83.008
-82.978
-83.024
-83.024
-83.081
-83.065
-83.039
-83.123
-83.169
-83.19
-83.309
-83.14
-83.265
-83.155
-83.21
-83.182
-83.304
-83.155
-83.464
-83.248
-83.405
-83.328
-83.284
-83.325
-83.389
-83.362
-83.406
-83.442
-83.436
-83.58
-83.478
-83.709
-83.402
-83.63
-83.528
-83.608
-83.591
-83.612
-83.716
-83.783
-83.829
-83.864
-83.845
-83.804
-83.726
-83.739
-83.684
-83.693
-83.732
-83.654
-83.709
-83.706
-83.862
-83.875
-83.945
-83.864
-83.808
-83.82
-83.822
-83.938
-83.829
-83.978
-83.806
-83.874
-83.927
-83.928
-84.161
-84.109
-84.182
-84.174
-84.062
-84.22
-84.162
-84.128
-84.38
-84.136
-84.406
-84.214
-84.316
-84.195
-84.27
-84.272
-84.397
-84.405
-84.61
-84.52
-84.58
-84.498
-84.53
-84.468
-84.493
-84.492
-84.476
-84.493
-84.601
-84.58
-84.616
-84.675
-84.597
-84.68
-84.733
-84.749
-84.698
-84.855
-84.587
-84.854
-84.688
-84.845
-84.701
-84.787
-84.681
-84.72
-84.794
-84.765
-84.818
-84.799
-84.812
-84.893
-84.837
-84.967
-84.83
-84.96
-84.853
-85.076
-84.921
-85.075
-84.934
-84.916
-84.877
-85.012
-84.958
-85.171
-85.115
-85.165
-85.117
-85.219
-85.149
-85.355
-85.174
-85.411
-85.2
-85.404
-85.293
-85.393
-85.409
-85.425
-85.527
-85.423
-85.494
-85.423
-85.492
-85.545
-85.59
-85.636
-85.555
-85.649
-85.545
-85.656
-85.626
-85.771
-85.768
-85.887
-85.789
-85.796
-85.702
-85.727
-85.79
-85.737
-85.818
-85.844
-85.816
-85.877
-85.848
-85.928
-85.879
-85.941
-85.868
-85.862
-85.941
-85.901
-86.075
-85.931
-86.011
-86.047
-85.968
-86.08
-86.139
-86.048
-86.255
-86.147
-86.256
-86.227
-86.263
-86.304
-86.286
-86.332
-86.314
-86.395
-86.373
-86.512
-86.384
-86.416
-86.394
-86.319
-86.495
-86.402
-86.557
-86.474
-86.584
-86.556
-86.566
-86.692
-86.723
-86.709
-86.855
-86.68
-86.805
-86.761
-86.886
-86.881
-86.945
-86.883
-86.909
-86.909
-86.883
-87.14
-86.903
-87.078
-86.923
-87.014
-86.987
-87.098
-87.073
-87.038
-87.123
-87.128
-87.139
-87.161
-87.148
-87.15
-87.299
-87.2
-87.402
-87.249
-87.364
-87.398
-87.223
-87.458
-87.212
-87.394
-87.443
-87.38
-87.435
-87.292
-87.34
-87.284
-87.421
-87.408
-87.515
-87.443
-87.526
-87.6
-87.598
-87.531
-87.526
-87.345
-87.412
-87.398
-87.502
-87.415
-87.513
-87.464
-87.476
-87.478
-87.413
-87.47
-87.454
-87.429
-87.454
-87.478
-87.408
-87.554
-87.456
-87.546
-87.537
-87.541
-87.607
-87.469
-87.641
-87.652
-87.685
-87.782
-87.662
-87.631
-87.57
-87.632
-87.661
-87.654
-87.749
-87.679
-87.681
-87.768
-87.724
-87.818
-87.672
-87.793
-87.606
-87.748
-87.652
-87.725
-87.739
-87.657
-87.817
-87.844
-87.743
-87.977
-87.778
-87.891
-87.841
-87.846
-87.797
-87.908
-87.922
-88.008
-87.985
-87.872
-87.838
-87.784
-87.889
-87.815
-87.893
-87.841
-87.659
-87.839
-87.716
-87.794
-87.862
-87.751
-87.928
-87.677
-87.785
-87.688
-87.708
-87.741
-87.936
-87.731
-87.951
-87.976
-87.844
-88.125
-87.864
-87.915
-87.785
-87.855
-87.836
-87.953
-87.898
-87.884
-87.791
-87.789
-87.903
-87.832
-87.966
-87.87
-87.922
-87.866
-87.976
-87.859
-88.009
-87.933
-87.97
-88.02
-87.915
-88.094
-87.895
-88.053
-87.945
-88.118
-87.989
-88.246
-88.083
-88.27
-88.209
-88.357
-88.496
-88.308
-88.59
-88.393
-88.545
-88.552
-88.575
-88.602
-88.541
-88.595
-88.588
-88.595
-88.595
-88.782
-88.637
-88.936
-88.748
-88.917
-88.88
-88.897
-88.874
-88.962
-89.029
-89.082
-89.188
-89.138
-89.136
-89.078
-89.085
-89.05
-89.139
-89.165
-89.253
-89.266
-89.28
-89.284
-89.404
-89.469
-89.513
-89.54
-89.5
-89.533
-89.505
-89.567
-89.484
-89.503
-89.56
-89.616
-89.744
-89.677
-89.768
-89.717
-89.798
-89.9
-89.901
-89.863
-89.992
-89.842
-90.109
-89.994
-90.134
-90.047
-90.024
-89.929
-90.03
-89.965
-90.095
-90.103
-90.103
-90.018
-90.117
-89.975
-90.211
-90.009
-90.256
-90.125
-90.144
-90.166
-90.182
-90.199
-90.298
-90.299
-90.443
-90.352
-90.533
-90.329
-90.489
-90.386
-90.373
-90.44
-90.343
-90.409
-90.552
-90.48
-90.566
-90.458
-90.398
-90.4
-90.409
-90.456
-90.536
-90.513
-90.699
-90.532
-90.732
-90.595
-90.838
-90.599
-90.938
-90.65
-90.956
-90.753
-90.985
-90.897
-90.987
-91.064
-91.019
-91.077
-91.084
-91.121
-91.306
-91.182
-91.402
-91.227
-91.391
-91.326
-91.401
-91.432
-91.482
-91.403
-91.511
-91.431
-91.44
-91.58
-91.558
-91.619
-91.644
-91.666
-91.467
-91.626
-91.55
-91.66
-91.654
-91.765
-91.563
-91.702
-91.522
-91.622
-91.609
-91.594
-91.581
-91.484
-91.466
-91.41
-91.614
-91.506
-91.574
-91.542
-91.409
-91.525
-91.469
-91.49
-91.599
-91.468
-91.533
-91.544
-91.492
-91.665
-91.562
-91.694
-91.43
-91.709
-91.358
-91.718
-91.568
-91.632
-91.64
-91.577
-91.583
-91.606
-91.534
-91.472
-91.505
-91.405
-91.625
-91.48
-91.58
-91.485
-91.53
-91.511
-91.653
-91.496
-91.596
-91.379
-91.447
-91.254
-91.528
-91.388
-91.5
-91.548
-91.393
-91.524
-91.576
-91.526
-91.594
-91.554
-91.448
-91.472
-91.372
-91.385
-91.302
-91.427
-91.179
-91.427
-91.068
-91.409
-91.02
-91.233
-90.904
-90.945
-90.855
-90.958
-90.712
-90.889
-90.454
-90.739
-90.532
-90.7
-90.623
-90.521
-90.573
-90.389
-90.517
-90.462
-90.399
-90.489
-90.408
-90.414
-90.31
-90.412
-90.292
-90.516
-90.441
-90.504
-90.456
-90.416
-90.389
-90.345
-90.316
-90.302
-90.28
-90.296
-90.369
-90.171
-90.196
-89.964
-89.99
-89.878
-90.035
-89.922
-90.028
-89.89
-89.932
-89.733
-89.88
-89.726
-89.708
-89.841
-89.546
-89.811
-89.613
-89.712
-89.645
-89.744
-89.662
-89.759
-89.554
-89.696
-89.546
-89.658
-89.578
-89.544
-89.534
-89.588
-89.648
-89.713
-89.706
-89.503
-89.536
-89.463
-89.623
-89.568
-89.646
-89.494
-89.547
-89.416
-89.487
-89.306
-89.371
-89.293
-89.29
-89.275
-89.192
-89.02
-88.969
-88.94
-88.856
-88.902
-88.922
-88.693
-88.775
-88.582
-88.572
-88.51
-88.397
-88.445
-88.235
-88.419
-88.024
-88.16
-87.947
-87.851
-87.984
-87.835
-87.806
-87.816
-87.664
-87.801
-87.698
-87.814
-87.717
-87.774
-87.736
-87.656
-87.676
-87.512
-87.406
-87.373
-87.125
-87.228
-87.02
-87.063
-86.88
-86.823
-86.67
-86.678
-86.651
-86.697
-86.733
-86.497
-86.537
-86.359
-86.434
-86.266
-86.383
-86.074
-86.152
-85.982
-85.955
-85.878
-85.861
-85.773
-85.816
-85.594
-85.572
-85.457
-85.417
-85.4
-85.379
-85.278
-85.209
-85.239
-85.126
-85.224
-85.141
-85.162
-85.164
-85.06
-85.018
-84.923
-84.931
-84.852
-84.936
-84.76
-84.801
-84.788
-84.713
-84.783
-84.688
-84.637
-84.578
-84.488
-84.354
-84.344
-84.334
-84.306
-84.45
-84.295
-84.398
-84.233
-84.336
-84.168
-84.236
-84.177
-84.135
-84.143
-84.163
-84.053
-84.087
-83.976
-83.933
-83.876
-83.852
-83.791
-83.845
-83.837
-83.848
-83.849
-83.857
-83.832
-83.873
-83.868
-83.911
-83.747
-83.919
-83.722
-83.925
-83.693
-83.79
-83.598
-83.604
-83.659
-83.608
-83.692
-83.536
-83.496
-83.388
-83.449
-83.414
-83.432
-83.399
-83.348
-83.317
-83.466
-83.445
-83.351
-83.419
-83.189
-83.291
-83.227
-83.201
-83.147
-83.064
-83.078
-83.013
-83.093
-82.969
-83.033
-82.814
-82.994
-82.844
-82.908
-82.951
-82.816
-82.807
-82.905
-82.793
-82.889
-82.88
-82.72
-82.836
-82.71
-82.756
-82.797
-82.678
-82.891
-82.733
-82.821
-82.731
-82.609
-82.646
-82.685
-82.719
-82.63
-82.666
-82.44
-82.51
-82.556
-82.613
-82.431
-82.704
-82.439
-82.658
-82.66
-82.675
-82.782
-82.743
-82.884
-82.766
-82.854
-82.724
-82.843
-82.801
-82.761
-82.784
-82.673
-82.703
-82.78
-82.733
-82.869
-82.674
-82.76
-82.644
-82.703
-82.686
-82.742
-82.719
-82.703
-82.808
-82.599
-82.776
-82.677
-82.71
-82.894
-82.74
-82.908
-82.798
-82.815
-82.791
-82.811
-82.851
-82.767
-82.942
-82.809
-82.93
-82.92
-82.993
-83.062
-83.168
-83.129
-83.159
-83.047
-83.087
-83.003
-83.045
-83.036
-82.996
-82.997
-83.005
-82.842
-82.858
-82.847
-82.882
-82.882
-82.93
-82.866
-83.009
-82.968
-83.173
-82.971
-83.089
-82.986
-83.08
-83.022
-83.221
-83.07
-83.181
-83.272
-83.16
-83.324
-83.24
-83.105
-83.277
-83.161
-83.429
-83.244
-83.437
-83.3
-83.21
-83.492
-83.463
-83.665
-83.531
-83.536
-83.559
-83.514
-83.513
-83.539
-83.684
-83.747
-83.844
-83.86
-83.79
-83.802
-83.806
-83.826
-83.739
-83.738
-83.738
-83.723
-83.937
-83.937
-83.982
-83.946
-83.886
-83.854
-83.78
-83.807
-83.737
-83.767
-83.883
-83.872
-84.036
-84.016
-84.095
-84.112
-84.088
-84.086
-84.107
-84.108
-84.151
-84.116
-84.075
-84.029
-84.013
-83.977
-83.974
-83.907
-83.868
-83.89
-83.87
-83.895
-83.771
-83.802
-83.79
-83.81
-84.047
-84.048
-83.932
-83.918
-83.793
-83.797
-83.903
-83.896
-83.806
-83.793
-83.777
-83.77
-83.954
-83.971
-84.076
-84.083
-84.118
-84.139
-84.099
-84.094
-84.063
-84.095
-84.039
-84.182
-83.932
-84.157
-83.899
-84.063
-83.984
-84.034
-84.094
-84.134
-84.09
-84.111
-84.003
-83.997
-83.91
-83.927
-83.95
-83.952
-83.942
-84.006
-84.009
-84.109
-84.186
-84.196
-84.085
-84.157
-83.994
-84.083
-84.118
-84.178
-84.025
-84.075
-83.969
-83.94
-84.059
-83.96
-83.935
-83.861
-83.843
-83.862
-83.863
-83.888
-83.87
-83.993
-83.858
-83.987
-83.823
-83.803
-83.872
-83.859
-83.855
-83.913
-83.772
-83.856
-83.881
-84.0
-83.902
-84.051
-83.783
-83.941
-83.809
-83.883
-83.827
-84.017
-83.807
-84.065
-83.861
-84.023
-83.731
-83.83
-83.596
-83.715
-83.571
-83.681
-83.522
-83.576
-83.577
-83.595
-83.603
-83.404
-83.506
-83.295
-83.457
-83.371
-83.493
-83.426
-83.407
-83.315
-83.294
-83.311
-83.31
-83.364
-83.252
-83.27
-83.314
-83.284
-83.31
-83.31
-83.226
-83.275
-83.229
-83.246
-83.266
-83.217
-83.413
-83.353
-83.505
-83.488
-83.471
-83.393
-83.508
-83.461
-83.6
-83.559
-83.559
-83.555
-83.578
-83.593
-83.611
-83.64
-83.642
-83.684
-83.621
-83.708
-83.54
-83.609
-83.554
-83.602
-83.674
-83.68
-83.687
-83.712
-83.586
-83.642
-83.547
-83.62
-83.562
-83.541
-83.539
-83.426
-83.517
-83.473
-83.513
-83.622
-83.576
-83.555
-83.644
-83.643
-83.582
-83.529
-83.455
-83.562
-83.574
-83.617
-83.618
-83.545
-83.476
-83.521
-83.534
-83.454
-83.572
-83.484
-83.498
-83.477
-83.446
-83.392
-83.377
-83.444
-83.331
-83.448
-83.366
-83.418
-83.361
-83.299
-83.184
-83.256
-83.246
-83.262
-83.345
-83.268
-83.174
-83.238
-83.134
-83.185
-83.159
-83.199
-83.148
-83.103
-83.256
-83.147
-83.312
-83.22
-83.259
-83.245
-83.234
-83.207
-83.248
-83.212
-83.161
-83.15
-83.021
-83.017
-82.995
-83.06
-83.015
-83.062
-82.966
-83.012
-82.815
-82.817
-82.964
-82.839
-82.964
-82.879
-83.041
-83.06
-83.062
-83.09
-83.082
-83.017
-83.149
-82.974
-83.169
-83.004
-83.117
-83.074
-83.076
-83.093
-83.086
-82.968
-83.159
-82.819
-83.059
-82.784
-82.976
-82.872
-83.024
-82.881
-82.94
-82.837
-82.955
-82.827
-82.951
-82.844
-82.945
-82.813
-82.879
-82.7
-82.758
-82.624
-82.786
-82.649
-82.734
-82.792
-82.778
-82.78
-82.842
-82.71
-82.699
-82.612
-82.534
-82.483
-82.617
-82.523
-82.74
-82.499
-82.71
-82.502
-82.599
-82.538
-82.436
-82.383
-82.502
-82.339
-82.602
-82.555
-82.554
-82.651
-82.537
-82.563
-82.504
-82.521
-82.467
-82.441
-82.436
-82.417
-82.376
-82.45
-82.343
-82.323
-82.406
-82.24
-82.442
-82.326
-82.435
-82.538
-82.474
-82.602
-82.509
-82.536
-82.464
-82.447
-82.411
-82.251
-82.326
-82.209
-82.261
-82.28
-82.202
-82.191
-82.163
-82.148
-82.23
-82.294
-82.206
-82.259
-82.225
-82.226
-82.074
-82.226
-81.992
-82.027
-82.059
-81.885
-81.993
-81.928
-81.99
-81.89
-82.127
-81.881
-82.195
-82.014
-82.041
-82.164
-82.017
-82.016
-82.105
-81.882
-82.183
-82.043
-82.081
-82.004
-82.058
-81.816
-82.086
-81.761
-81.944
-81.79
-81.927
-81.706
-81.933
-81.73
-81.964
-81.839
-81.928
-81.804
-81.974
-81.872
-82.053
-81.937
-81.974
-81.849
-81.819
-81.808
-81.704
-81.696
-81.692
-81.626
-81.827
-81.668
-81.86
-81.765
-81.76
-81.82
-81.783
-81.719
-81.74
-81.674
-81.761
-81.762
-81.828
-81.86
-81.872
-81.87
-82.007
-81.971
-82.0
-81.968
-81.904
-81.897
-81.991
-82.01
-82.007
-82.006
-82.002
-81.936
-82.033
-81.97
-82.023
-81.98
-82.089
-81.969
-82.101
-82.065
-82.003
-82.008
-81.878
-81.819
-81.83
-81.73
-81.824
-81.678
-81.802
-81.747
-81.804
-81.876
-81.837
-81.908
-81.758
-81.78
-81.677
-81.69
-81.816
-81.734
-81.897
-81.776
-81.857
-81.906
-81.755
-81.948
-81.723
-81.827
-81.776
-81.818
-81.707
-81.826
-81.716
-81.74
-81.82
-81.738
-81.88
-81.846
-81.912
-81.895
-81.89
-81.831
-81.685
-81.798
-81.634
-81.83
-81.713
-81.732
-81.752
-81.7
-81.792
-81.721
-81.689
-81.673
-81.666
-81.65
-81.655
-81.603
-81.754
-81.631
-81.778
-81.727
-81.744
-81.784
-81.671
-81.648
-81.634
-81.622
-81.642
-81.647
-81.645
-81.601
-81.718
-81.69
-81.621
-81.467
-81.561
-81.58
-81.611
-81.579
-81.613
-81.551
-81.58
-81.524
-81.531
-81.439
-81.483
-81.504
-81.52
-81.619
-81.646
-81.587
-81.681
-81.538
-81.605
-81.509
-81.557
-81.407
-81.514
-81.372
-81.365
-81.478
-81.342
-81.403
-81.46
-81.484
-81.482
-81.445
-81.351
-81.396
-81.435
-81.367
-81.435
-81.365
-81.42
-81.396
-81.518
-81.495
-81.571
-81.522
-81.518
-81.48
-81.473
-81.421
-81.518
-81.483
-81.541
-81.54
-81.436
-81.326
-81.402
-81.321
-81.51
-81.489
-81.466
-81.416
-81.407
-81.314
-81.297
-81.289
-81.399
-81.298
-81.449
-81.255
-81.248
-81.237
-81.256
-81.258
-81.165
-81.195
-81.098
-81.158
-81.204
-81.156
-81.179
-81.163
-81.207
-81.199
-81.307
-81.159
-81.175
-81.095
-81.09
-81.04
-81.079
-81.087
-81.035
-81.174
-81.045
-81.223
-81.148
-81.238
-81.145
-81.135
-81.069
-81.127
-81.153
-81.071
-81.213
-80.96
-81.079
-81.072
-81.115
-81.11
-81.204
-81.026
-80.958
-81.0
-83.085
-81.175
-83.017
-81.082
-80.68
-80.717
-80.777
-80.674
-80.799
-80.688
-80.744
-80.676
-80.635
-80.714
-80.632
-80.775
-80.887
-80.821
-80.796
-80.823
-80.718
-80.81
-80.792
-80.799
-80.715
-80.845
-80.629
-80.726
-80.537
-80.542
-80.496
-80.451
-80.439
-80.427
-80.368
-80.488
-80.53
-80.405
-80.521
-80.43
-80.449
-80.473
-80.577
-80.381
-80.608
-80.323
-80.594
-80.412
-80.501
-80.374
-80.555
-80.346
-80.622
-80.599
-80.617
-80.672
-80.67
-80.646
-80.739
-80.74
-80.803
-80.75
-80.905
-80.785
-80.898
-80.912
-80.959
-80.942
-80.99
-80.947
-80.883
-80.755
-80.843
-80.608
-80.792
-80.732
-80.752
-80.798
-80.651
-80.682
-80.544
-80.497
-80.529
-80.412
-80.505
-80.462
-80.436
-80.503
-80.372
-80.497
-80.399
-80.513
-80.448
-80.513
-80.37
-80.453
-80.415
-80.384
-80.555
-80.417
-80.461
-80.435
-80.348
-80.377
-80.338
-80.403
-80.21
-80.345
-80.163
-80.252
-80.241
-80.192
-80.136
-80.151
-80.177
-80.083
-80.124
-80.006
-80.0
-80.063
-80.045
-80.135
-79.932
-80.126
-80.048
-80.161
-80.086
-80.278
-80.02
-80.245
-80.145
-80.211
-80.145
-80.165
-80.216
-80.177
-80.28
-80.203
-80.192
-80.147
-80.103
-80.154
-80.121
-80.165
-80.137
-80.227
-80.063
-80.093
-80.013
-79.985
-79.978
-80.236
-79.953
-80.223
-79.946
-79.979
-79.941
-79.916
-80.008
-79.896
-79.949
-79.855
-79.811
-79.824
-79.928
-79.922
-80.074
-79.974
-80.117
-79.863
-79.932
-79.873
-79.773
-79.906
-79.828
-79.953
-79.884
-79.957
-79.93
-79.957
-79.937
-79.882
-79.921
-80.0
-79.967
-79.896
-80.047
-79.675
-80.197
-79.766
-80.157
-79.943
-80.034
-80.0
-80.121
-80.091
-80.254
-80.172
-80.241
-80.12
-80.112
-80.118
-80.188
-80.142
-80.265
-80.213
-80.15
-80.256
-80.176
-80.255
-80.303
-80.273
-80.203
-80.258
-80.132
-80.317
-80.121
-80.398
-80.041
-80.4
-80.152
-80.436
-80.332
-80.52
-80.453
-80.518
-80.547
-80.526
-80.536
-80.635
-80.554
-80.619
-80.532
-80.468
-80.373
-80.478
-80.337
-80.576
-80.429
-80.556
-80.551
-80.58
-80.601
-80.554
-80.65
-80.578
-80.729
-80.729
-80.81
-80.816
-80.878
-80.797
-80.87
-80.845
-80.743
-80.914
-80.729
-80.983
-80.893
-81.084
-80.916
-81.04
-81.024
-80.977
-81.117
-80.939
-81.018
-80.969
-80.88
-80.841
-80.804
-80.819
-80.859
-80.929
-80.916
-80.744
-80.722
-80.634
-80.535
-80.673
-80.563
-80.624
-80.653
-80.709
-80.639
-80.842
-80.671
-80.862
-80.731
-80.852
-80.691
-80.792
-80.674
-80.612
-80.667
-80.57
-80.488
-80.598
-80.349
-80.56
-80.427
-80.528
-80.524
-80.621
-80.588
-80.635
-80.621
-80.517
-80.593
-80.588
-80.519
-80.631
-80.611
-80.63
-80.551
-80.704
-80.447
-80.788
-80.63
-80.77
-80.85
-80.781
-80.916
-80.79
-80.795
-80.696
-80.778
-80.608
-80.77
-80.624
-80.642
-80.652
-80.56
-80.722
-80.636
-80.827
-80.883
-80.943
-80.932
-80.931
-80.846
-80.863
-80.886
-80.846
-80.877
-80.965
-80.792
-81.123
-80.795
-81.029
-81.018
-80.924
-81.117
-80.944
-80.983
-80.905
-80.999
-80.964
-81.033
-81.008
-80.921
-80.9
-80.893
-80.839
-80.93
-80.838
-80.915
-80.879
-80.869
-80.857
-80.753
-80.757
-80.656
-80.594
-80.639
-80.582
-80.656
-80.67
-80.633
-80.625
-80.509
-80.614
-80.433
-80.514
-80.435
-80.443
-80.472
-80.578
-80.458
-80.615
-80.434
-80.539
-80.432
-80.571
-80.495
-80.564
-80.476
-80.444
-80.408
-80.458
-80.536
-80.57
-80.576
-80.511
-80.651
-80.52
-80.678
-80.682
-80.711
-80.688
-80.722
-80.626
-80.58
-80.594
-80.556
-80.694
-80.531
-80.567
-80.478
-80.328
-80.344
-80.344
-80.167
-80.268
-80.132
-80.168
-80.129
-80.183
-80.119
-80.104
-80.12
-80.061
-79.962
-80.042
-79.957
-80.041
-79.989
-80.015
-79.997
-80.068
-80.141
-80.129
-80.125
-80.114
-80.118
-80.281
-80.153
-80.25
-80.265
-80.112
-80.391
-80.203
-80.352
-80.247
-80.337
-80.327
-80.372
-80.381
-80.42
-80.336
-80.375
-80.377
-80.272
-80.213
-80.24
-80.096
-80.223
-80.084
-80.074
-79.983
-79.843
-79.899
-79.773
-79.772
-79.639
-79.595
-79.562
-79.52
-79.479
-79.505
-79.431
-79.562
-79.456
-79.523
-79.336
-79.37
-79.428
-79.408
-79.508
-79.38
-79.379
-79.22
-79.315
-79.179
-79.364
-79.292
-79.428
-79.301
-79.388
-79.345
-79.256
-79.366
-79.218
-79.246
-79.234
-79.249
-79.237
-79.247
-79.307
-79.216
-79.383
-79.328
-79.428
-79.406
-79.384
-79.307
-79.256
-79.206
-79.249
-79.205
-79.167
-79.236
-79.072
-79.136
-79.157
-78.984
-79.152
-79.023
-79.087
-79.204
-79.101
-79.376
-79.251
-79.365
-79.296
-79.37
-79.43
-79.465
-79.588
-79.542
-79.448
-79.634
-79.478
-79.64
-79.672
-79.732
-79.668
-79.759
-79.658
-79.621
-79.711
-79.543
-79.644
-79.54
-79.565
-79.6
-79.639
-79.591
-79.61
-79.519
-79.461
-79.524
-79.479
-79.586
-79.561
-79.644
-79.609
-79.672
-79.574
-79.697
-79.646
-79.776
-79.724
-79.706
-79.66
-79.677
-79.599
-79.632
-79.604
-79.522
-79.574
-79.553
-79.576
-79.477
-79.56
-79.457
-79.536
-79.472
-79.474
-79.436
-79.418
-79.491
-79.514
-79.497
-79.496
-79.38
-79.469
-79.368
-79.489
-79.363
-79.445
-79.291
-79.372
-79.343
-79.392
-79.401
-79.446
-79.41
-79.526
-79.311
-79.458
-79.208
-79.331
-79.194
-79.259
-79.275
-79.198
-79.128
-79.173
-78.912
-79.034
-78.855
-78.874
-78.729
-78.836
-78.765
-78.747
-78.853
-78.71
-78.78
-78.798
-78.705
-78.751
-78.745
-78.691
-78.794
-78.644
-78.78
-78.63
-78.699
-78.755
-78.691
-78.761
-78.687
-78.673
-78.656
-78.729
-78.704
-78.657
-78.649
-78.677
-78.625
-78.764
-78.665
-78.596
-78.627
-78.611
-78.654
-78.679
-78.715
-78.649
-78.69
-78.618
-78.638
-78.698
-78.855
-78.859
-79.007
-78.901
-78.939
-78.891
-78.981
-78.975
-79.002
-79.005
-78.941
-78.909
-78.977
-78.869
-78.933
-78.778
-78.826
-78.747
-78.83
-78.753
-78.785
-78.746
-78.744
-78.819
-78.718
-78.829
-78.636
-78.698
-78.596
-78.599
-78.616
-78.522
-78.553
-78.566
-78.586
-78.643
-78.604
-78.576
-78.491
-78.704
-78.605
-78.736
-78.789
-78.566
-78.756
-78.628
-78.696
-78.791
-78.768
-78.87
-78.861
-78.979
-78.946
-79.047
-79.022
-79.034
-79.178
-79.087
-79.214
-79.183
-79.205
-79.226
-79.182
-79.295
-79.215
-79.301
-79.306
-79.199
-79.252
-79.197
-79.276
-79.196
-79.208
-79.099
-79.076
-78.98
-78.994
-78.925
-78.913
-78.987
-78.882
-78.978
-78.928
-78.872
-78.974
-78.85
-78.93
-78.804
-78.914
-78.905
-78.954
-78.991
-78.998
-78.981
-79.04
-78.976
-78.903
-79.032
-78.875
-78.978
-78.938
-78.959
-78.862
-78.864
-78.816
-78.824
-78.879
-78.686
-78.901
-78.773
-78.858
-78.833
-78.806
-78.92
-78.791
-78.874
-78.746
-78.656
-78.699
-78.686
-78.61
-78.547
-78.406
-78.379
-78.311
-78.387
-78.278
-78.231
-78.169
-78.043
-78.125
-78.092
-78.083
-78.137
-78.088
-78.087
-78.026
-78.117
-77.99
-78.042
-77.953
-78.089
-77.996
-78.306
-78.214
-78.353
-78.245
-78.44
-78.273
-78.563
-78.483
-78.552
-78.588
-78.578
-78.515
-78.589
-78.548
-78.581
-78.633
-78.624
-78.618
-78.682
-78.591
-78.73
-78.561
-78.72
-78.713
-78.712
-78.818
-78.807
-78.821
-78.765
-78.854
-78.843
-78.973
-78.925
-79.046
-78.873
-79.039
-78.891
-78.991
-78.911
-79.034
-78.931
-79.122
-79.017
-78.898
-79.024
-78.872
-79.012
-79.088
-79.033
-79.056
-79.005
-78.885
-79.146
-78.945
-79.147
-79.085
-79.024
-78.981
-79.012
-78.979
-79.019
-79.076
-79.023
-78.974
-79.026
-78.91
-78.868
-78.882
-78.903
-78.851
-78.849
-78.844
-78.705
-78.773
-78.818
-78.626
-78.767
-78.563
-78.549
-78.49
-78.275
-78.36
-78.18
-78.256
-78.203
-78.195
-78.072
-78.134
-77.928
-77.968
-77.929
-77.912
-77.787
-77.806
-77.783
-77.717
-77.827
-77.82
-77.735
-77.78
-77.741
-77.774
-77.693
-77.661
-77.644
-77.548
-77.656
-77.691
-77.625
-77.683
-77.549
-77.474
-77.482
-77.453
-77.439
-77.356
-77.259
-77.143
-77.148
-77.073
-77.09
-76.941
-76.98
-76.869
-76.95
-76.804
-76.919
-76.88
-76.913
-76.943
-76.921
-76.849
-77.14
-76.85
-77.241
-77.038
-77.273
-77.115
-77.282
-77.075
-77.205
-77.131
-77.075
-77.124
-76.968
-77.151
-76.923
-77.049
-76.873
-76.83
-76.872
-76.768
-76.806
-76.605
-76.71
-76.585
-76.651
-76.627
-76.674
-76.407
-76.76
-76.438
-76.734
-76.513
-76.644
-76.463
-76.653
-76.422
-76.595
-76.448
-76.516
-76.439
-76.527
-76.344
-76.503
-76.276
-76.494
-76.169
-76.364
-76.211
-76.238
-76.253
-76.284
-76.207
-76.197
-76.147
-76.156
-76.214
-76.287
-76.15
-76.315
-76.126
-76.365
-76.308
-76.407
-76.253
-76.393
-76.248
-76.396
-76.398
-76.461
-76.433
-76.557
-76.422
-76.678
-76.463
-76.658
-76.282
-76.495
-76.198
-76.503
-76.298
-76.525
-76.381
-76.466
-76.457
-76.348
-76.461
-76.458
-76.631
-76.711
-76.782
-76.844
-76.721
-76.966
-76.729
-76.952
-76.76
-76.929
-76.731
-77.007
-76.725
-76.972
-76.728
-77.041
-76.675
-77.07
-76.749
-76.911
-76.864
-76.887
-76.946
-76.999
-76.968
-77.043
-76.939
-77.149
-77.035
-77.2
-77.121
-77.196
-77.226
-77.325
-77.447
-77.401
-77.552
-77.542
-77.584
-77.809
-77.738
-77.963
-77.874
-78.17
-78.072
-78.41
-78.197
-78.639
-78.499
-78.897
-78.932
-79.243
-79.198
-79.458
-79.45
-79.457
-79.586
-79.51
-79.463
-79.56
-79.347
-79.554
-79.424
-79.449
-79.396
-79.324
-79.384
-79.188
-79.354
-79.229
-79.305
-79.426
-79.403
-79.287
-79.316
-79.139
-79.198
-79.16
-79.199
-79.115
-79.151
-79.12
-79.167
-79.071
-79.161
-78.998
-79.149
-78.988
-79.16
-79.008
-79.217
-79.117
-79.32
-79.152
-79.294
-79.244
-79.226
-79.22
-79.276
-79.166
-79.281
-79.302
-79.267
-79.328
-79.385
-79.311
-79.467
-79.333
-79.383
-79.264
-79.18
-78.991
-78.977
-79.007
-79.038
-79.122
-79.04
-78.931
-78.949
-78.757
-78.943
-78.734
-78.918
-78.779
-78.946
-78.77
-78.689
-78.63
-78.62
-78.519
-78.806
-78.692
-78.813
-78.787
-78.856
-78.849
-78.81
-78.936
-78.738
-78.834
-78.821
-78.812
-78.956
-78.881
-78.954
-78.922
-78.895
-78.734
-78.842
-78.569
-78.503
-78.5
-78.277
-78.454
-78.383
-78.39
-78.492
-78.323
-78.475
-78.452
-78.303
-78.465
-78.246
-78.344
-78.209
-78.277
-78.114
-78.189
-78.232
-78.12
-78.366
-78.144
-78.328
-78.27
-78.365
-78.448
-78.365
-78.538
-78.553
-78.59
-78.745
-78.807
-78.708
-78.944
-78.925
-78.944
-78.98
-78.907
-78.902
-78.958
-79.072
-79.055
-79.026
-79.124
-78.955
-79.243
-79.119
-79.462
-79.307
-79.428
-79.43
-79.216
-79.339
-79.193
-79.28
-79.129
-79.244
-79.166
-79.119
-79.251
-79.285
-79.258
-79.451
-79.176
-79.323
-79.253
-79.253
-79.292
-79.363
-79.174
-79.302
-79.358
-79.294
-79.504
-79.563
-79.561
-79.722
-79.552
-79.779
-79.56
-79.858
-79.753
-79.872
-79.912
-79.843
-80.04
-80.01
-80.012
-80.115
-79.967
-80.1
-79.912
-80.083
-79.893
-79.936
-79.925
-79.813
-79.714
-79.81
-79.654
-79.779
-79.587
-79.64
-79.444
-79.488
-79.445
-79.513
-79.408
-79.567
-79.532
-79.687
-79.548
-79.692
-79.37
-79.501
-79.429
-79.534
-79.43
-79.584
-79.33
-79.493
-79.303
-79.481
-79.268
-79.418
-79.184
-79.208
-79.164
-79.152
-79.206
-79.152
-79.181
-79.048
-79.086
-79.039
-78.895
-79.062
-78.936
-79.04
-79.06
-78.986
-78.956
-78.922
-78.92
-78.85
-78.934
-78.724
-78.773
-78.602
-78.569
-78.531
-78.344
-78.444
-78.273
-78.419
-78.294
-78.267
-78.154
-78.137
-77.986
-78.094
-77.863
-77.981
-77.773
-77.885
-77.741
-77.832
-77.644
-77.773
-77.586
-77.608
-77.622
-77.501
-77.382
-77.493
-77.135
-77.46
-77.237
-77.41
-77.24
-77.264
-77.078
-77.086
-76.946
-76.981
-76.903
-76.897
-76.854
-76.893
-76.72
-76.82
-76.808
-76.748
-76.867
-76.887
-76.754
-76.868
-76.686
-76.77
-76.827
-76.777
-76.872
-76.774
-76.802
-76.914
-76.963
-77.023
-77.026
-77.077
-76.978
-77.08
-77.08
-77.148
-77.126
-77.182
-77.072
-77.186
-77.194
-77.146
-77.214
-77.267
-77.295
-77.35
-77.346
-77.198
-77.163
-77.408
-77.212
-77.536
-77.387
-77.479
-77.428
-77.468
-77.532
-77.514
-77.627
-77.711
-77.659
-77.709
-77.75
-77.64
-77.684
-77.638
-77.679
-77.708
-77.657
-77.775
-77.611
-77.713
-77.536
-77.644
-77.547
-77.602
-77.637
-77.559
-77.645
-77.39
-77.54
-77.424
-77.301
-77.355
-77.188
-77.145
-77.108
-77.15
-77.07
-77.023
-77.052
-77.015
-77.095
-77.083
-77.045
-77.07
-77.014
-77.104
-77.071
-77.015
-76.946
-77.017
-76.966
-77.045
-77.022
-76.94
-76.925
-76.945
-76.944
-77.053
-77.127
-77.123
-77.09
-77.108
-76.945
-77.205
-77.038
-77.186
-77.046
-76.981
-76.971
-77.034
-77.078
-77.062
-77.113
-77.101
-77.076
-77.129
-77.002
-77.032
-76.933
-77.027
-76.993
-77.043
-76.924
-77.048
-76.894
-77.081
-76.996
-77.149
-77.062
-77.18
-77.065
-77.207
-77.122
-77.318
-77.237
-77.268
-77.21
-77.182
-77.184
-77.363
-77.234
-77.362
-77.286
-77.32
-77.4
-77.359
-77.329
-77.499
-77.238
-77.502
-77.313
-77.359
-77.28
-77.493
-77.314
-77.574
-77.341
-77.462
-77.251
-77.357
-77.337
-77.411
-77.377
-77.478
-77.371
-77.612
-77.378
-77.512
-77.317
-77.185
-77.19
-77.026
-77.131
-77.018
-77.101
-77.015
-76.953
-76.935
-76.848
-76.875
-76.855
-76.921
-77.022
-76.975
-77.039
-77.006
-77.073
-77.239
-77.237
-77.335
-77.336
-77.373
-77.411
-77.558
-77.686
-77.704
-77.886
-77.905
-77.799
-77.888
-77.804
-77.877
-77.853
-78.042
-77.976
-78.045
-77.989
-77.923
-77.913
-77.826
-77.89
-77.809
-77.82
-77.769
-77.778
-77.716
-77.659
-77.804
-77.611
-77.878
-77.674
-77.767
-77.717
-77.732
-77.727
-77.739
-77.683
-77.655
-77.663
-77.588
-77.6
-77.583
-77.563
-77.535
-77.513
-77.5
-77.388
-77.452
-77.306
-77.423
-77.312
-77.349
-77.276
-77.206
-77.182
-77.196
-77.028
-77.087
-76.882
-76.951
-76.962
-76.988
-76.976
-76.979
-76.873
-76.999
-76.941
-76.988
-77.038
-77.056
-76.96
-77.232
-77.008
-77.252
-77.258
-77.137
-77.172
-77.072
-76.922
-77.078
-76.947
-77.125
-77.028
-77.202
-76.918
-77.199
-77.01
-77.032
-76.993
-76.909
-76.828
-77.113
-77.008
-77.302
-77.209
-77.352
-77.258
-77.309
-77.148
-77.245
-77.113
-77.264
-77.197
-77.239
-77.225
-77.073
-77.226
-76.948
-77.1
-76.907
-76.907
-76.834
-76.766
-76.606
-76.639
-76.551
-76.497
-76.497
-76.56
-76.445
-76.696
-76.625
-76.756
-76.796
-76.689
-76.792
-76.555
-76.672
-76.6
-76.592
-76.646
-76.634
-76.694
-76.662
-76.785
-76.727
-76.851
-76.745
-77.005
-76.994
-77.109
-77.165
-77.322
-77.258
-77.531
-77.467
-77.548
-77.47
-77.52
-77.523
-77.59
-77.672
-77.784
-77.763
-77.79
-77.825
-77.842
-77.978
-78.038
-78.108
-78.056
-78.021
-77.964
-78.167
-78.161
-78.191
-78.122
-78.253
-78.112
-78.4
-78.391
-78.358
-78.404
-78.405
-78.395
-78.426
-78.414
-78.469
-78.351
-78.58
-78.381
-78.58
-78.445
