 1.99775316e-003
 1.99697658e-003
 1.99638891e-003
 1.99687974e-003
 1.99644506e-003
 1.99475170e-003
 1.99423265e-003
 1.99420207e-003
 1.99257357e-003
 1.99154793e-003
 1.99192841e-003
 1.99209374e-003
 1.99290682e-003
 1.99470434e-003
 1.99558672e-003
 1.99510127e-003
 1.99543555e-003
 1.99647996e-003
 1.99768031e-003
 1.99855096e-003
 1.99905609e-003
 1.99928233e-003
 1.99951163e-003
 2.00035630e-003
 2.00048232e-003
 2.00013163e-003
 2.00017038e-003
 2.00077361e-003
 2.00138698e-003
 2.00145968e-003
 2.00147111e-003
 2.00163001e-003
 2.00159056e-003
 2.00208524e-003
 2.00238166e-003
 2.00247551e-003
 2.00260058e-003
 2.00254420e-003
 2.00264435e-003
 2.00283871e-003
 2.00292949e-003
 2.00273126e-003
 2.00175154e-003
 2.00143981e-003
 2.00261843e-003
 2.00299100e-003
 2.00274674e-003
 2.00340003e-003
 2.00400544e-003
 2.00435346e-003
 2.00410769e-003
 2.00391089e-003
 2.00458048e-003
 2.00473292e-003
 2.00468453e-003
 2.00449505e-003
 2.00397075e-003
 2.00374605e-003
 2.00417412e-003
 2.00480909e-003
 2.00469481e-003
 2.00514903e-003
 2.00616278e-003
 2.00671740e-003
 2.00773548e-003
 2.00848452e-003
 2.00892332e-003
 2.00921910e-003
 2.00989052e-003
 2.00997569e-003
 2.00989794e-003
 2.01007284e-003
 2.01014028e-003
 2.01091878e-003
 2.01139883e-003
 2.01127447e-003
 2.01178110e-003
 2.01173757e-003
 2.01215241e-003
 2.01279588e-003
 2.01279465e-003
 2.01300634e-003
 2.01323418e-003
 2.01347093e-003
 2.01415638e-003
 2.01491094e-003
 2.01482059e-003
 2.01477819e-003
 2.01509508e-003
 2.01535546e-003
 2.01614183e-003
 2.01707065e-003
 2.01677425e-003
 2.01681080e-003
 2.01761087e-003
 2.01762267e-003
 2.01809199e-003
 2.01868811e-003
 2.01863056e-003
 2.01915974e-003
 2.02012559e-003
 2.02057641e-003
 2.02103327e-003
 2.02159770e-003
 2.02158876e-003
 2.02169519e-003
 2.02216907e-003
 2.02234108e-003
 2.02339170e-003
 2.02410795e-003
 2.02454214e-003
 2.02498865e-003
 2.02477235e-003
 2.02502800e-003
 2.02543318e-003
 2.02551234e-003
 2.02624601e-003
 2.02683072e-003
 2.02772130e-003
 2.02883881e-003
 2.03041188e-003
 2.03044963e-003
 2.02940449e-003
 2.03006427e-003
 2.02934288e-003
 2.03097791e-003
 2.03216448e-003
 2.03294314e-003
 2.03357394e-003
 2.03270117e-003
 2.03352778e-003
 2.03397639e-003
 2.03438824e-003
 2.03466491e-003
 2.03562223e-003
 2.03524562e-003
 2.03557239e-003
 2.03756987e-003
 2.03844534e-003
 2.03780435e-003
 2.03818131e-003
 2.03898976e-003
 2.03981311e-003
 2.04109390e-003
 2.04117187e-003
 2.04099398e-003
 2.04058076e-003
 2.04068795e-003
 2.04217181e-003
 2.04272256e-003
 2.04308654e-003
 2.04489172e-003
 2.04630964e-003
 2.04749636e-003
 2.04758682e-003
 2.04734543e-003
 2.04759239e-003
 2.04826403e-003
 2.04914270e-003
 2.04887492e-003
 2.04956243e-003
 2.05150523e-003
 2.05266668e-003
 2.05408226e-003
 2.05417927e-003
 2.05390792e-003
 2.05467825e-003
 2.05317739e-003
 2.05218921e-003
 2.05292439e-003
 2.05555470e-003
 2.05482049e-003
 2.05314026e-003
 2.05771201e-003
 2.05987457e-003
 2.05561842e-003
 2.05647375e-003
 2.06090150e-003
 2.06080691e-003
 2.06035509e-003
 2.06287612e-003
 2.06673412e-003
 2.06795176e-003
 2.06906285e-003
 2.06685565e-003
 2.06582414e-003
 2.06763630e-003
 2.06872649e-003
 2.07066356e-003
 2.06986728e-003
 2.06917799e-003
 2.07051414e-003
 2.07078631e-003
 2.07113902e-003
 2.07181738e-003
 2.07056787e-003
 2.06790420e-003
 2.06580506e-003
 2.06712845e-003
 2.07016183e-003
 2.07605460e-003
 2.07685887e-003
 2.07349992e-003
 2.07169903e-003
 2.07493195e-003
 2.08018891e-003
 2.08161540e-003
 2.08115898e-003
 2.08151502e-003
 2.08184629e-003
 2.08579388e-003
 2.08928363e-003
 2.08775936e-003
 2.08782848e-003
 2.09171173e-003
 2.09192294e-003
 2.09184504e-003
 2.09397013e-003
 2.09239364e-003
 2.09245165e-003
 2.09472281e-003
 2.09909592e-003
 2.09973264e-003
 2.08902704e-003
 2.08842781e-003
 2.09600953e-003
 2.09925159e-003
 2.09965504e-003
 2.10262673e-003
 2.10462075e-003
 2.10003736e-003
 2.10306061e-003
 2.10692788e-003
 2.10601852e-003
 2.10733865e-003
 2.10786484e-003
 2.10685736e-003
 2.11003606e-003
 2.11326908e-003
 2.10895102e-003
 2.11192597e-003
 2.11526587e-003
 2.11568250e-003
 2.11985547e-003
 2.11999454e-003
 2.12449915e-003
 2.12620640e-003
 2.12321532e-003
 2.12568708e-003
 2.12521254e-003
 2.12016296e-003
 2.12295465e-003
 2.13397124e-003
 2.13140110e-003
 2.12494634e-003
 2.13409821e-003
 2.13381986e-003
 2.12782158e-003
 2.12836282e-003
 2.12571089e-003
 2.12650403e-003
 2.13138745e-003
 2.12934742e-003
 2.12702679e-003
 2.12889946e-003
 2.13741078e-003
 2.14040110e-003
 2.13806678e-003
 2.13824929e-003
 2.13843430e-003
 2.14439417e-003
 2.14449879e-003
 2.14902964e-003
 2.14646176e-003
 2.14288782e-003
 2.14974078e-003
 2.15422100e-003
 2.15296715e-003
 2.15297679e-003
 2.15643801e-003
 2.15383970e-003
 2.15572038e-003
 2.15796285e-003
 2.15474923e-003
 2.15437278e-003
 2.16007838e-003
 2.16126288e-003
 2.16034726e-003
 2.15951673e-003
 2.16436180e-003
 2.17183684e-003
 2.17203120e-003
 2.16839983e-003
 2.16838522e-003
 2.17546327e-003
 2.17970628e-003
 2.17857908e-003
 2.17871729e-003
 2.17801869e-003
 2.18155573e-003
 2.18457169e-003
 2.17923585e-003
 2.17468255e-003
 2.17551257e-003
 2.17995268e-003
 2.17997610e-003
 2.16931020e-003
 2.16350183e-003
 2.17119142e-003
 2.17162471e-003
 2.16455678e-003
 2.16542446e-003
 2.16987863e-003
 2.17624153e-003
 2.17817781e-003
 2.16976956e-003
 2.16680203e-003
 2.17135474e-003
 2.18340284e-003
 2.19280659e-003
 2.18897921e-003
 2.18772644e-003
 2.19185595e-003
 2.19624927e-003
 2.19475711e-003
 2.20675718e-003
 2.20791985e-003
 2.19904599e-003
 2.20594295e-003
 2.21002004e-003
 2.20934193e-003
 2.20737912e-003
 2.20755734e-003
 2.20901191e-003
 2.21308059e-003
 2.21895208e-003
 2.22257682e-003
 2.22258644e-003
 2.22542520e-003
 2.22535975e-003
 2.21825924e-003
 2.21858810e-003
 2.21970643e-003
 2.21547132e-003
 2.21376119e-003
 2.21129657e-003
 2.21073792e-003
 2.21179490e-003
 2.21420688e-003
 2.22118082e-003
 2.21728158e-003
 2.22202602e-003
 2.23247338e-003
 2.23733330e-003
 2.23925557e-003
 2.22557167e-003
 2.22701358e-003
 2.23782658e-003
 2.23231632e-003
 2.23211230e-003
 2.24749268e-003
 2.26187358e-003
 2.26474365e-003
 2.25188345e-003
 2.24834581e-003
 2.25641639e-003
 2.25582839e-003
 2.25902039e-003
 2.25593016e-003
 2.24415935e-003
 2.25485041e-003
 2.26539801e-003
 2.27046413e-003
 2.27481275e-003
 2.27728480e-003
 2.29372926e-003
 2.30409831e-003
 2.30367834e-003
 2.29628766e-003
 2.29252893e-003
 2.29073950e-003
 2.30048346e-003
 2.30012161e-003
 2.28958904e-003
 2.29586684e-003
 2.30164210e-003
 2.31390242e-003
 2.30868847e-003
 2.30797113e-003
 2.32142544e-003
 2.30903662e-003
 2.31798619e-003
 2.33970334e-003
 2.32990990e-003
 2.31981254e-003
 2.31518089e-003
 2.31654814e-003
 2.32718896e-003
 2.32658857e-003
 2.33107399e-003
 2.33567800e-003
 2.32976204e-003
 2.33592040e-003
 2.34407146e-003
 2.34643800e-003
 2.36710177e-003
 2.36563412e-003
 2.35490003e-003
 2.35526689e-003
 2.34545212e-003
 2.34615996e-003
 2.34277219e-003
 2.33438468e-003
 2.34474220e-003
 2.36731879e-003
 2.36771946e-003
 2.35550085e-003
 2.36352808e-003
 2.37350560e-003
 2.37830263e-003
 2.38485716e-003
 2.39412733e-003
 2.39504064e-003
 2.39123827e-003
 2.39496140e-003
 2.39818703e-003
 2.41311136e-003
 2.40871139e-003
 2.40291079e-003
 2.39821432e-003
 2.39824952e-003
 2.40616389e-003
 2.39451349e-003
 2.38520562e-003
 2.39925678e-003
 2.41238232e-003
 2.40812383e-003
 2.43745742e-003
 2.44946982e-003
 2.42459562e-003
 2.42181286e-003
 2.41510941e-003
 2.41352510e-003
 2.41410050e-003
 2.42559542e-003
 2.42612072e-003
 2.44517711e-003
 2.45602850e-003
 2.44307954e-003
 2.44324648e-003
 2.44406888e-003
 2.47902455e-003
 2.47465658e-003
 2.45028645e-003
 2.45144103e-003
 2.46036572e-003
 2.45726478e-003
 2.45126615e-003
 2.47206313e-003
 2.46781079e-003
 2.45828810e-003
 2.45760364e-003
 2.44632190e-003
 2.44548651e-003
 2.45255751e-003
 2.46977295e-003
 2.46985848e-003
 2.47329584e-003
 2.47352503e-003
 2.45711816e-003
 2.44348840e-003
 2.43619367e-003
 2.44309331e-003
 2.43609046e-003
 2.43555479e-003
 2.41949725e-003
 2.41891239e-003
 2.41078481e-003
 2.37910837e-003
 2.37362731e-003
 2.35954979e-003
 2.35004097e-003
 2.34606027e-003
 2.32613382e-003
 2.30437323e-003
 2.28561391e-003
 2.27333725e-003
 2.25441684e-003
 2.22145582e-003
 2.22787116e-003
 2.24312796e-003
 2.25885231e-003
 2.27213441e-003
 2.24328164e-003
 2.23217645e-003
 2.25759267e-003
 2.26328572e-003
 2.24779977e-003
 2.25882379e-003
 2.26431460e-003
 2.27630554e-003
 2.31418710e-003
 2.33771353e-003
 2.34670662e-003
 2.31625544e-003
 2.29772283e-003
 2.30138398e-003
 2.29281561e-003
 2.28334499e-003
 2.29011832e-003
 2.26279668e-003
 2.30314924e-003
 2.36334615e-003
 2.28710309e-003
 2.31339873e-003
 2.38400841e-003
 2.39082720e-003
 2.40242950e-003
 2.41439158e-003
 2.44922224e-003
 2.45416889e-003
 2.45342424e-003
 2.45888054e-003
 2.46499486e-003
 2.47274777e-003
 2.47111071e-003
 2.48031388e-003
 2.49119679e-003
 2.50903272e-003
 2.52507175e-003
 2.53575240e-003
 2.54350389e-003
 2.51700694e-003
 2.49653605e-003
 2.51384895e-003
 2.53277883e-003
 2.55783523e-003
 2.56601363e-003
 2.54620828e-003
 2.54107592e-003
 2.52042438e-003
 2.51718824e-003
 2.55476649e-003
 2.56226801e-003
 2.55680175e-003
 2.54897442e-003
 2.52613830e-003
 2.52918937e-003
 2.55213164e-003
 2.54222538e-003
 2.56223105e-003
 2.59541088e-003
 2.57911275e-003
 2.56216249e-003
 2.59283784e-003
 2.60133416e-003
 2.59312350e-003
 2.60687013e-003
 2.60587033e-003
 2.56831092e-003
 2.58216960e-003
 2.59062179e-003
 2.56458814e-003
 2.57929568e-003
 2.59525155e-003
 2.63232873e-003
 2.63911117e-003
 2.60882839e-003
 2.61307970e-003
 2.64290170e-003
 2.64093217e-003
 2.63742793e-003
 2.65944323e-003
 2.67209037e-003
 2.64436920e-003
 2.62557156e-003
 2.62444910e-003
 2.67019340e-003
 2.69697398e-003
 2.66682939e-003
 2.67635627e-003
 2.69197660e-003
 2.68049939e-003
 2.71142818e-003
 2.74472885e-003
 2.74262501e-003
 2.73947262e-003
 2.73022687e-003
 2.72964851e-003
 2.73503773e-003
 2.75112374e-003
 2.72819914e-003
 2.71353566e-003
 2.71976024e-003
 2.73473016e-003
 2.76027667e-003
 2.77395107e-003
 2.78667332e-003
 2.76845147e-003
 2.76159736e-003
 2.79028978e-003
 2.77296860e-003
 2.75277432e-003
 2.76633230e-003
 2.76780604e-003
 2.83602461e-003
 2.84697114e-003
 2.79610492e-003
 2.80874232e-003
 2.82176695e-003
 2.85863960e-003
 2.83527074e-003
 2.80145626e-003
 2.80693410e-003
 2.80775711e-003
 2.83413880e-003
 2.86953854e-003
 2.85392296e-003
 2.81629201e-003
 2.83255182e-003
 2.89183802e-003
 2.89825377e-003
 2.90266363e-003
 2.89867471e-003
 2.86697520e-003
 2.87030925e-003
 2.86197245e-003
 2.86665611e-003
 2.89538643e-003
 2.89964835e-003
 2.86757440e-003
 2.87590757e-003
 2.89940312e-003
 2.88616942e-003
 2.90771171e-003
 2.91336218e-003
 2.87832535e-003
 2.90238597e-003
 2.93988415e-003
 2.95634092e-003
 2.95265499e-003
 2.95226686e-003
 2.94190197e-003
 2.91972166e-003
 2.94910110e-003
 2.97037576e-003
 2.95434758e-003
 2.92916247e-003
 2.95234279e-003
 2.96903006e-003
 2.92368772e-003
 2.97794514e-003
 3.01140267e-003
 3.00161060e-003
 3.01229809e-003
 2.96675956e-003
 2.96042454e-003
 2.98006395e-003
 2.97723277e-003
 3.00129051e-003
 3.01389038e-003
 2.99156482e-003
 3.01780297e-003
 3.03916161e-003
 3.00755195e-003
 3.00582047e-003
 3.03843271e-003
 3.04474492e-003
 3.02868099e-003
 3.03667783e-003
 3.02326751e-003
 2.99956194e-003
 3.05963141e-003
 3.07765497e-003
 3.07240572e-003
 3.10840489e-003
 3.07633994e-003
 3.04838323e-003
 3.06825507e-003
 3.07926071e-003
 3.11456368e-003
 3.10408473e-003
 3.07129595e-003
 3.09230484e-003
 3.09158218e-003
 3.09922367e-003
 3.09242864e-003
 3.08435535e-003
 3.10609646e-003
 3.08435573e-003
 3.10319037e-003
 3.11651483e-003
 3.10360529e-003
 3.13350179e-003
 3.09857847e-003
 3.06989870e-003
 3.09337064e-003
 3.09031985e-003
 3.08404517e-003
 3.08344100e-003
 3.12989462e-003
 3.14737180e-003
 3.11070656e-003
 3.11808098e-003
 3.14421774e-003
 3.19854498e-003
 3.22137990e-003
 3.15251463e-003
 3.15731768e-003
 3.17393565e-003
 3.16851722e-003
 3.22916818e-003
 3.23361448e-003
 3.20615811e-003
 3.18375846e-003
 3.16156842e-003
 3.18337808e-003
 3.25307722e-003
 3.27850156e-003
 3.27304478e-003
 3.26343281e-003
 3.26445286e-003
 3.25765180e-003
 3.20878158e-003
 3.17371196e-003
 3.20368287e-003
 3.22399111e-003
 3.20753167e-003
 3.20343075e-003
 3.22368592e-003
 3.23218289e-003
 3.25767555e-003
 3.31689234e-003
 3.29171396e-003
 3.18594586e-003
 3.18182955e-003
 3.26473514e-003
 3.28745803e-003
 3.30557746e-003
 3.31050161e-003
 3.33631362e-003
 3.34570760e-003
 3.25248770e-003
 3.26095173e-003
 3.32294407e-003
 3.28069008e-003
 3.28845285e-003
 3.32771359e-003
 3.35287688e-003
 3.36461612e-003
 3.36781685e-003
 3.36386096e-003
 3.37030766e-003
 3.35219378e-003
 3.31422231e-003
 3.32164788e-003
 3.31814493e-003
 3.36599483e-003
 3.36226833e-003
 3.34277659e-003
 3.37636049e-003
 3.32784784e-003
 3.33523037e-003
 3.32951398e-003
 3.31202472e-003
 3.36348441e-003
 3.35616965e-003
 3.35510226e-003
 3.34367960e-003
 3.34039161e-003
 3.34381393e-003
 3.36675179e-003
 3.38890011e-003
 3.37305445e-003
 3.38931224e-003
 3.39047479e-003
 3.39752995e-003
 3.40060252e-003
 3.44381398e-003
 3.41062145e-003
 3.36544673e-003
 3.42815249e-003
 3.41954502e-003
 3.38362215e-003
 3.44311716e-003
 3.47622425e-003
 3.39409254e-003
 3.34047321e-003
 3.35067474e-003
 3.39323520e-003
 3.36727685e-003
 3.32831800e-003
 3.37732267e-003
 3.38321218e-003
 3.40814808e-003
 3.43480272e-003
 3.38164035e-003
 3.43213409e-003
 3.53164039e-003
 3.49214395e-003
 3.38404611e-003
 3.41495214e-003
 3.43151382e-003
 3.36890998e-003
 3.40112839e-003
 3.39842569e-003
 3.41214231e-003
 3.46578030e-003
 3.47335730e-003
 3.41839595e-003
 3.38979217e-003
 3.47679771e-003
 3.44264174e-003
 3.42208368e-003
 3.48391847e-003
 3.51225725e-003
 3.50417088e-003
 3.49101128e-003
 3.51011089e-003
 3.52947227e-003
 3.55468421e-003
 3.52430698e-003
 3.54766983e-003
 3.52796804e-003
 3.47734894e-003
 3.54196609e-003
 3.63202385e-003
 3.67499007e-003
 3.67809169e-003
 3.61445558e-003
 3.50268606e-003
 3.49483278e-003
 3.48201666e-003
 3.50140364e-003
 3.59358293e-003
 3.60836781e-003
 3.50896364e-003
 3.44661050e-003
 3.50856870e-003
 3.55370245e-003
 3.58222537e-003
 3.59456036e-003
 3.58851517e-003
 3.63037422e-003
 3.61551390e-003
 3.55366206e-003
 3.52611039e-003
 3.55733144e-003
 3.60990047e-003
 3.59010444e-003
 3.53588708e-003
 3.54907960e-003
 3.57884097e-003
 3.55128691e-003
 3.52772082e-003
 3.49465465e-003
 3.57012077e-003
 3.64243992e-003
 3.66349360e-003
 3.64940690e-003
 3.65494605e-003
 3.69410832e-003
 3.73547525e-003
 3.68930343e-003
 3.66978215e-003
 3.76691573e-003
 3.69702255e-003
 3.74898454e-003
 3.84475019e-003
 3.89394078e-003
 3.90703913e-003
 3.81452647e-003
 3.78942291e-003
 3.82896038e-003
 3.88964267e-003
 3.83933867e-003
 3.76248693e-003
 3.84107539e-003
 3.83904942e-003
 3.75176428e-003
 3.78641742e-003
 3.81233691e-003
 3.84023381e-003
 3.83635734e-003
 3.79757157e-003
 3.78790662e-003
 3.87042875e-003
 3.91713043e-003
 3.79577994e-003
 3.83241349e-003
 3.90498013e-003
 3.79012507e-003
 3.79137939e-003
 3.85603753e-003
 3.81697315e-003
 3.83324156e-003
 3.78798065e-003
 3.79768962e-003
 3.89962711e-003
 3.87595947e-003
 3.78708447e-003
 3.80096781e-003
 3.95605416e-003
 3.88260377e-003
 3.81355772e-003
 3.90199792e-003
 3.82705895e-003
 3.77083588e-003
 3.84314773e-003
 3.80370799e-003
 3.72800482e-003
 3.66594803e-003
 3.65513464e-003
 3.74751281e-003
 3.85083582e-003
 3.94676316e-003
 3.97796331e-003
 3.94051322e-003
 3.80261806e-003
 3.82788807e-003
 3.85748670e-003
 3.86601899e-003
 3.83880975e-003
 3.78685181e-003
 3.95836672e-003
 4.02970930e-003
 3.90393118e-003
 3.82254067e-003
 3.87521654e-003
 3.99260116e-003
 3.93459865e-003
 3.79116784e-003
 3.87860191e-003
 3.91084891e-003
 3.86681188e-003
 3.92198455e-003
 3.97263895e-003
 4.01843152e-003
 4.16368463e-003
 4.12646144e-003
 4.01003135e-003
 3.97925690e-003
 4.01178986e-003
 4.01364780e-003
 3.93737369e-003
 3.89482573e-003
 3.83200047e-003
 3.88223663e-003
 3.98820510e-003
 3.97190322e-003
 3.88953400e-003
 3.90203312e-003
 3.92131916e-003
 3.96256098e-003
 4.12567919e-003
 4.13139178e-003
 3.96483163e-003
 4.04749434e-003
 4.22342901e-003
 4.23213603e-003
 4.16767463e-003
 4.11850139e-003
 4.23827716e-003
 4.31650742e-003
 4.11754269e-003
 4.10466763e-003
 4.15557241e-003
 4.25087628e-003
 4.41837868e-003
 4.22378950e-003
 4.07425989e-003
 4.24593293e-003
 4.25708362e-003
 4.10544572e-003
 4.03290226e-003
 4.00936166e-003
 4.07686162e-003
 4.08268488e-003
 3.99675748e-003
 4.14611480e-003
 4.28248397e-003
 4.32955283e-003
 4.41705529e-003
 4.22919128e-003
 4.25775387e-003
 4.29848511e-003
 4.18799898e-003
 4.22664131e-003
 4.30934416e-003
 4.37138626e-003
 4.36495896e-003
 4.34669362e-003
 4.37681891e-003
 4.36718340e-003
 4.36761313e-003
 4.38973033e-003
 4.37524729e-003
 4.29718250e-003
 4.34308200e-003
 4.28584866e-003
 4.30108031e-003
 4.50448522e-003
 4.49286218e-003
 4.45724343e-003
 4.48588978e-003
 4.58916801e-003
 4.61765599e-003
 4.55164018e-003
 4.58832957e-003
 4.64850322e-003
 4.78183769e-003
 4.72726667e-003
 4.73520051e-003
 4.87689164e-003
 4.90920278e-003
 5.07515984e-003
 5.25566924e-003
 5.25695738e-003
 5.25886390e-003
 5.25897745e-003
 5.30074396e-003
 5.30641167e-003
 5.14230209e-003
 5.19466763e-003
 5.16474953e-003
 5.18362820e-003
 5.25237168e-003
 5.14724786e-003
 5.19901606e-003
 5.21390258e-003
 5.16550107e-003
 5.33522023e-003
 5.50165121e-003
 5.44621989e-003
 5.22205412e-003
 5.23874062e-003
 5.39584672e-003
 5.27807591e-003
 5.32654552e-003
 5.35526807e-003
 5.37406953e-003
 5.33240392e-003
 5.25324726e-003
 5.23742186e-003
 5.28498580e-003
 5.53776463e-003
 5.45181805e-003
 5.36487296e-003
 5.36091624e-003
 5.41953367e-003
 5.66903008e-003
 5.70040339e-003
 5.44116646e-003
 5.26588074e-003
 5.53984265e-003
 5.74357908e-003
 5.57499292e-003
 5.53135196e-003
 5.61578179e-003
 5.67503317e-003
 5.60006258e-003
 5.43105421e-003
 5.53848424e-003
 5.88503285e-003
 5.82477376e-003
 5.77822433e-003
 5.80327774e-003
 5.98245301e-003
 5.85703133e-003
 5.68742598e-003
 5.85919478e-003
 5.94076433e-003
 5.97356815e-003
 5.85806728e-003
 6.17064505e-003
 6.30490257e-003
 5.93726549e-003
 6.04534618e-003
 6.15174838e-003
 5.97796494e-003
 6.01408040e-003
 5.71375794e-003
 5.78706950e-003
 6.27444367e-003
 6.19834121e-003
 5.88653539e-003
 5.80256150e-003
 5.88577837e-003
 6.12205194e-003
 6.22757849e-003
 6.17589023e-003
 6.20516653e-003
 6.21908243e-003
 6.26485635e-003
 6.14897619e-003
 5.85398993e-003
 5.94279309e-003
 6.20304786e-003
 6.22214059e-003
 6.07630428e-003
 5.99965769e-003
 6.09992021e-003
 6.17515087e-003
 6.33614871e-003
 6.28807684e-003
 6.34230712e-003
 6.35277530e-003
 6.09594992e-003
 6.21878699e-003
 6.49098164e-003
 6.34009510e-003
 6.54397879e-003
 6.77064890e-003
 6.42238630e-003
 6.20390254e-003
 6.57008670e-003
 6.71250994e-003
 6.76551507e-003
 6.76971740e-003
 6.33413126e-003
 6.47314756e-003
 6.80350247e-003
 6.78102197e-003
 6.69887796e-003
 6.56438414e-003
 6.47064189e-003
 6.58788700e-003
 6.74063287e-003
 6.89922941e-003
 6.89957490e-003
 6.57023522e-003
 6.44912130e-003
 6.71894878e-003
 6.72057151e-003
 6.62017395e-003
 6.83102496e-003
 6.87405250e-003
 6.85003695e-003
 7.01377502e-003
 7.12119588e-003
 6.95330945e-003
 6.84827922e-003
 6.97967389e-003
 6.95682690e-003
 6.84634946e-003
 6.92459952e-003
 7.09585313e-003
 7.16591961e-003
 7.15427192e-003
 7.03443388e-003
 7.22908212e-003
 7.34032739e-003
 6.93310388e-003
 7.21829084e-003
 7.48141723e-003
 7.37034552e-003
 7.26005050e-003
 6.83107794e-003
 7.13053104e-003
 7.36209090e-003
 7.07517795e-003
 6.83412780e-003
 6.50743899e-003
 6.17870395e-003
 5.77759163e-003
 5.57613477e-003
 5.78745151e-003
 6.15707993e-003
 6.45402450e-003
 6.56545099e-003
 6.77055543e-003
 7.23016289e-003
 7.36307458e-003
 7.55109208e-003
 7.91307321e-003
 7.99732811e-003
 7.77347436e-003
 7.42838334e-003
 7.48776280e-003
 7.79297779e-003
 8.01379886e-003
 7.70421779e-003
 7.51115561e-003
 7.61616872e-003
 7.46153990e-003
 7.54615121e-003
 7.89526871e-003
 8.41169304e-003
 8.52361052e-003
 7.76611873e-003
 7.54262074e-003
 7.79263972e-003
 7.68171200e-003
 7.64924615e-003
 7.50182673e-003
 7.66696254e-003
 7.94000091e-003
 7.83824270e-003
 7.81450732e-003
 7.70661506e-003
 7.90439778e-003
 8.10124419e-003
 8.21972305e-003
 8.20252946e-003
 8.22885372e-003
 8.35738393e-003
 8.24678446e-003
 8.09343105e-003
 8.23394250e-003
 8.41880640e-003
 8.35292534e-003
 8.45823698e-003
 8.33706580e-003
 8.21903317e-003
 8.19228266e-003
 8.21107004e-003
 8.13287836e-003
 8.08616428e-003
 8.27799632e-003
 8.44303807e-003
 8.50175802e-003
 8.24671394e-003
 8.35340811e-003
 8.91125191e-003
 8.24256448e-003
 8.18292227e-003
 8.81551807e-003
 8.62205487e-003
 8.70031221e-003
 8.49629865e-003
 8.09870883e-003
 8.39649655e-003
 8.64507966e-003
 8.38236185e-003
 8.13670290e-003
 8.68223579e-003
 9.10861988e-003
 8.54252555e-003
 8.54099647e-003
 8.59599078e-003
 9.06855585e-003
 9.21477278e-003
 9.03815335e-003
 8.89986791e-003
 8.77933324e-003
 9.00832552e-003
 8.91123526e-003
 9.03257462e-003
 9.10439351e-003
 8.84612955e-003
 8.61189878e-003
 8.69980363e-003
 8.69661191e-003
 8.59876618e-003
 8.76644763e-003
 8.94707999e-003
 8.78006630e-003
 7.55917169e-003
 1.84991327e-003
 1.58257387e-003
 2.53911130e-003
 1.76831629e-003
 1.29738089e-003
 1.44498240e-003
 1.20476449e-003
 1.06222833e-003
 1.30341344e-003
 1.58026061e-003
 1.31598916e-003
 1.09389833e-003
 1.32542139e-003
 1.46207821e-003
 1.21039411e-003
 1.31831213e-003
 1.17370368e-003
 1.00973697e-003
 1.21502029e-003
 1.29841061e-003
 1.57326802e-003
 1.45952361e-003
 1.97984786e-003
 1.98554986e-003
 1.16490515e-003
 9.63037535e-004
 8.84356660e-004
 9.66930113e-004
 8.02144941e-004
 5.79103631e-004
 7.94938290e-004
 1.25537748e-003
 1.42098939e-003
 1.11164537e-003
 9.39256237e-004
 1.29195789e-003
 1.24813432e-003
 1.09223667e-003
 1.75555410e-003
 1.54511245e-003
 9.03244336e-004
 1.24790910e-003
 1.14371081e-003
 7.82076243e-004
 1.19844679e-003
 1.48264698e-003
 1.02760495e-003
 6.34245936e-004
 1.03735686e-003
 1.06880953e-003
 9.17949106e-004
 1.23960479e-003
 1.23704452e-003
 1.49402056e-003
 1.37521313e-003
 2.04885716e-003
 2.37631426e-003
 1.51700232e-003
 1.42871391e-003
 1.08985601e-003
 7.92637390e-004
 1.19225969e-003
 1.36786136e-003
 9.45900723e-004
 1.21168551e-003
 1.34011427e-003
 1.10239202e-003
 1.32970136e-003
 1.04218852e-003
 6.89549655e-004
 7.50449315e-004
 1.59988256e-003
 1.62615616e-003
 1.19041684e-003
 1.14536231e-003
 5.03635807e-004
 1.94894237e-004
 2.31496378e-004
 6.58973163e-004
 8.48512497e-004
 8.11168721e-004
 8.22455703e-004
 4.98325102e-004
 6.00249444e-004
 7.22445341e-004
 4.65150369e-004
 4.57144543e-004
 1.13576218e-003
 1.08558616e-003
 1.00660572e-003
 1.92929975e-003
 1.17786891e-003
 4.65570988e-004
 7.97489721e-004
 6.81082904e-004
 7.44981427e-004
 1.12316740e-003
 1.27630546e-003
 8.37000257e-004
 6.25924408e-004
 1.14004080e-003
 1.40027495e-003
 1.01079034e-003
 1.76656062e-003
 2.27149350e-003
 1.51782530e-003
 1.56982072e-003
 1.75725200e-003
 1.56131320e-003
 1.07862959e-003
 1.44804139e-003
 1.95196643e-003
 1.30721992e-003
 1.21277686e-003
 1.43719894e-003
 1.09784026e-003
 1.20713244e-003
 1.59921372e-003
 1.57602916e-003
 1.55354722e-003
 1.91929669e-003
 1.97314058e-003
 1.30535753e-003
 1.38066857e-003
 1.82037376e-003
 1.82855753e-003
 1.78328205e-003
 2.28559928e-003
 2.37396701e-003
 1.69104706e-003
 1.48738057e-003
 1.43434603e-003
 1.65262869e-003
 1.54871778e-003
 1.18660071e-003
 1.21314704e-003
 1.58395305e-003
 1.93313432e-003
 2.26617859e-003
 2.34437249e-003
 2.68104643e-003
 2.10917162e-003
 1.46231126e-003
 2.00896400e-003
 1.51798712e-003
 1.25895761e-003
 1.57098556e-003
 2.51791583e-003
 2.13801224e-003
 1.49937840e-003
 1.90796426e-003
 1.80544420e-003
 1.50892644e-003
 1.52314951e-003
 1.94833399e-003
 1.37789658e-003
 1.13312502e-003
 2.24882976e-003
 2.67939061e-003
 2.00426465e-003
 1.54573836e-003
 1.58655887e-003
 1.51633644e-003
 1.87566680e-003
 2.37731666e-003
 2.33182575e-003
 2.76546673e-003
 2.59705574e-003
 1.35337705e-003
 1.04644846e-003
 1.75186814e-003
 1.84720581e-003
 1.64401121e-003
 1.77695612e-003
 3.06271704e-003
 2.65602115e-003
 1.32111419e-003
 1.54615641e-003
 1.71892748e-003
 1.78610005e-003
 1.78315900e-003
 4.39400125e-003
 9.27497954e-003
 9.66957240e-003
 7.53690037e-003
 7.68692858e-003
 8.41939389e-003
 8.85904162e-003
 9.52570830e-003
 7.71149930e-003
 6.86966691e-003
 7.93688077e-003
 7.83731778e-003
 8.57044873e-003
 1.29704840e-002
 1.34892833e-002
 1.39975853e-002
 1.34014250e-002
 1.30862438e-002
 1.33437334e-002
 1.30167973e-002
 1.34044705e-002
 1.29630191e-002
 1.16432518e-002
 1.18364168e-002
 1.25856121e-002
 1.31502358e-002
 1.41268898e-002
 1.37058135e-002
 1.34296955e-002
 1.41194789e-002
 1.45518778e-002
 1.43365753e-002
 1.32492465e-002
 1.43085218e-002
 1.50684752e-002
 1.49581955e-002
 1.54191214e-002
 1.58113893e-002
 1.53910154e-002
 1.47521595e-002
 1.55265881e-002
 1.62361688e-002
 1.63934779e-002
 1.59179722e-002
 1.61834284e-002
 1.68764934e-002
 1.73844118e-002
 1.70298181e-002
 1.54436875e-002
 1.40351037e-002
 1.49476258e-002
 1.56147771e-002
 1.50687264e-002
 1.45275575e-002
 1.31950573e-002
 1.35238025e-002
 1.29308936e-002
 1.22770734e-002
 1.26211856e-002
 1.17627902e-002
 1.14709539e-002
 1.13465800e-002
 1.12311377e-002
 1.17211475e-002
 1.19238560e-002
 1.20855266e-002
 1.21874759e-002
 1.28271504e-002
 1.17678875e-002
 1.16663442e-002
 1.37907799e-002
 1.47458699e-002
 1.48683093e-002
 1.57019871e-002
 1.63685431e-002
 1.66718130e-002
 1.69803391e-002
 1.72087324e-002
 1.81531255e-002
 1.73106663e-002
 1.78388686e-002
 1.92837074e-002
 1.91729358e-002
 1.74962270e-002
 1.70744025e-002
 1.77461222e-002
 1.73659487e-002
 1.77700049e-002
 1.83825718e-002
 1.91920768e-002
 1.93114534e-002
 1.92430152e-002
 1.88164028e-002
 1.81457829e-002
 1.68710329e-002
 1.66267629e-002
 1.95746921e-002
 2.11602037e-002
 1.85909460e-002
 1.75463124e-002
 1.80294445e-002
 1.83431331e-002
 1.81176391e-002
 1.85085315e-002
 1.92213922e-002
 1.81560914e-002
 1.78239261e-002
 1.83190123e-002
 1.90430760e-002
 1.78530015e-002
 1.79672486e-002
 1.85365417e-002
 1.79993772e-002
 1.61298203e-002
 1.33640339e-002
 1.46966543e-002
 1.81004288e-002
 1.83417204e-002
 1.84872479e-002
 2.01084309e-002
 2.09557317e-002
 2.09174685e-002
 1.99286689e-002
 1.96943638e-002
 2.08560313e-002
 2.00583740e-002
 1.84213907e-002
 1.83582957e-002
 1.85896672e-002
 1.95424394e-002
 1.92025509e-002
 1.82478553e-002
 1.90785517e-002
 1.95894866e-002
 2.13186487e-002
 2.22145909e-002
 1.95682271e-002
 1.75928000e-002
 1.78826562e-002
 2.02317594e-002
 2.30856143e-002
 2.21133332e-002
 1.99653840e-002
 1.97775572e-002
 2.04096719e-002
 2.09045570e-002
 2.14231823e-002
 2.18842178e-002
 2.03231428e-002
 2.00683791e-002
 2.17081723e-002
 2.16532446e-002
 2.11338388e-002
 2.07059380e-002
 2.11768379e-002
 2.23861206e-002
 1.98936962e-002
 1.98335464e-002
 2.43232691e-002
 2.37337293e-002
 2.01137073e-002
 1.94993679e-002
 2.17209597e-002
 2.15696380e-002
 1.96036936e-002
 1.89206324e-002
 1.91114971e-002
 1.97684552e-002
 2.02462765e-002
 2.12977046e-002
 2.16042792e-002
 2.12880897e-002
 2.08527415e-002
 2.04908945e-002
 2.13701549e-002
 2.07730432e-002
 2.14607110e-002
 2.24861097e-002
 2.22482440e-002
 2.27340511e-002
 2.17321913e-002
 2.11522886e-002
 2.12098508e-002
 2.21210003e-002
 2.33091819e-002
 2.30650985e-002
 2.37453360e-002
 2.20375848e-002
 1.97370001e-002
 2.19484134e-002
 2.36771437e-002
 2.29074206e-002
 2.29125066e-002
 2.32156101e-002
 2.35251569e-002
 2.48092382e-002
 2.57351548e-002
 2.29116445e-002
 2.19075577e-002
 2.22908443e-002
 2.29440672e-002
 2.60900479e-002
 2.73379677e-002
 2.56132343e-002
 2.28237827e-002
 2.17616932e-002
 2.40494938e-002
 2.20470134e-002
 1.66386534e-002
 1.81151303e-002
 2.24093577e-002
 2.33898198e-002
 2.45604880e-002
 2.53668468e-002
 2.53663138e-002
 2.56491829e-002
 2.63497088e-002
 2.58643688e-002
 2.59372787e-002
 2.56879048e-002
 2.57688073e-002
 2.84743619e-002
 2.94808656e-002
 2.77693862e-002
 2.44865402e-002
 2.44124936e-002
 2.50648662e-002
 2.48695265e-002
 2.50234678e-002
 2.57735263e-002
 2.60741395e-002
 2.87242389e-002
 3.17702187e-002
 2.83745228e-002
 2.71296317e-002
 2.48611520e-002
 2.36591986e-002
 2.61609083e-002
 2.60151127e-002
 2.34018276e-002
 2.41120083e-002
 2.60128274e-002
 2.52546763e-002
 2.50475906e-002
 2.54155977e-002
 2.43185918e-002
 2.60290873e-002
 2.64876460e-002
 2.51957547e-002
 2.71941568e-002
 2.93422815e-002
 2.88891727e-002
 2.73929507e-002
 2.64200979e-002
 2.49570487e-002
 2.60445781e-002
 2.75607201e-002
 2.91563281e-002
 3.00518777e-002
 2.68674789e-002
 2.81291328e-002
 3.07416078e-002
 3.12323884e-002
 3.03380702e-002
 2.93759070e-002
 3.13915209e-002
 3.20689453e-002
 2.99607489e-002
 2.95476997e-002
 3.10103230e-002
 3.12549851e-002
 3.16425409e-002
 3.16451050e-002
 3.08592574e-002
 3.26856897e-002
 3.33309821e-002
 3.01541680e-002
 2.70440141e-002
 2.25133940e-002
 1.94225911e-002
 2.25090357e-002
 2.78556602e-002
 3.03062192e-002
 3.33051720e-002
 3.32896610e-002
 3.37907053e-002
 3.10368485e-002
 2.78430210e-002
 2.89431782e-002
 2.84225467e-002
 2.86037879e-002
 3.15536818e-002
 3.34455646e-002
 3.34773343e-002
 3.28304067e-002
 3.16383533e-002
 2.96180075e-002
 2.81161673e-002
 2.93634175e-002
 3.30425408e-002
 3.18151504e-002
 3.00506770e-002
 3.07516787e-002
 2.94220663e-002
 3.17019967e-002
 3.26330000e-002
 3.19062874e-002
 3.22056197e-002
 3.26305127e-002
 3.28903016e-002
 3.22131947e-002
 3.40454174e-002
 3.30683071e-002
 3.12879350e-002
 3.06488006e-002
 3.10261765e-002
 3.25543279e-002
 3.29321511e-002
 3.40342417e-002
 3.37510319e-002
 3.46850863e-002
 3.78330212e-002
 3.53599733e-002
 3.15165152e-002
 3.16068953e-002
 3.22776345e-002
 3.29117063e-002
 3.39393027e-002
 3.15554858e-002
 3.22062367e-002
 3.56184252e-002
 3.55479664e-002
 3.86328237e-002
 3.95749014e-002
 3.60221632e-002
 3.20354773e-002
 3.11972519e-002
 3.07440172e-002
 3.16188626e-002
 3.70650440e-002
 3.93651139e-002
 3.82335597e-002
 3.34122059e-002
 3.15933836e-002
 3.33649715e-002
 3.58472684e-002
 4.02785340e-002
 4.32735911e-002
 3.94154881e-002
 3.58843851e-002
 3.57481149e-002
 3.90077325e-002
 4.04383475e-002
 3.62326982e-002
 3.46191044e-002
 3.33782276e-002
 3.34041355e-002
 3.69785440e-002
 3.72646006e-002
 3.61015961e-002
 3.71444559e-002
 4.01857751e-002
 4.11381722e-002
 3.94194186e-002
 4.10134324e-002
 3.80137465e-002
 3.57360745e-002
 3.73557284e-002
 3.97190407e-002
 4.34775490e-002
 4.23969281e-002
 3.72095098e-002
 3.97452102e-002
 4.16858768e-002
 3.58085253e-002
 3.43335199e-002
 3.92305493e-002
 4.14923198e-002
 3.97799653e-002
 3.89415165e-002
 3.96429138e-002
 3.92497074e-002
 3.59950557e-002
 3.92655165e-002
 4.10613974e-002
 4.34117326e-002
 4.70815053e-002
 4.34278111e-002
 3.90754445e-002
 3.85899869e-002
 4.33725687e-002
 4.44658184e-002
 3.83414129e-002
 3.65243175e-002
 4.11370478e-002
 4.19493543e-002
 4.16552290e-002
 3.85840605e-002
 2.98581246e-002
 2.73599579e-002
 3.18644089e-002
 3.52591071e-002
 3.64318207e-002
 3.92943540e-002
 4.06704033e-002
 4.17145738e-002
 4.18314158e-002
 4.09654906e-002
 4.51922786e-002
 4.66609242e-002
 4.28644885e-002
 4.23970998e-002
 4.07344489e-002
 4.17709042e-002
 4.35490443e-002
 4.30526877e-002
 4.10001758e-002
 3.75422104e-002
 4.23917582e-002
 4.79726609e-002
 4.52067382e-002
 4.45811184e-002
 4.48951912e-002
 4.92340901e-002
 5.23461377e-002
 4.65119308e-002
 4.98493019e-002
 5.42774037e-002
 5.25479904e-002
 5.39406833e-002
 5.03366347e-002
 4.63294609e-002
 4.91559591e-002
 5.28423084e-002
 4.83351196e-002
 4.57838014e-002
 4.67177192e-002
 4.70939064e-002
 4.87872478e-002
 4.84841105e-002
 4.43567533e-002
 4.42138646e-002
 4.94499121e-002
 4.89792793e-002
 4.58759157e-002
 4.68821944e-002
 4.94078208e-002
 5.21614543e-002
 5.04545891e-002
 5.22192496e-002
 5.45393710e-002
 4.78746294e-002
 4.64651955e-002
 4.78245979e-002
 4.99447828e-002
 5.42965863e-002
 5.14747820e-002
 4.83860696e-002
 5.01035563e-002
 5.38445457e-002
 5.92763554e-002
 5.80057705e-002
 5.61762426e-002
 5.95813008e-002
 5.75796072e-002
 5.31256523e-002
 5.12712088e-002
 5.44265759e-002
 5.97735004e-002
 5.22997385e-002
 4.78947037e-002
 5.36385793e-002
 5.31871125e-002
 4.93656459e-002
 4.87353552e-002
 5.13433970e-002
 6.37330350e-002
 6.67060734e-002
 5.94539015e-002
 5.74886006e-002
 5.69647606e-002
 6.29435597e-002
 6.06835581e-002
 5.73126222e-002
 6.21116727e-002
 6.42640556e-002
 6.51328820e-002
 5.92296169e-002
 5.77336967e-002
 5.93195278e-002
 5.93620974e-002
 6.59598380e-002
 6.89677241e-002
 6.11117735e-002
 6.30059372e-002
 7.12375428e-002
 6.08327162e-002
 6.16800018e-002
 6.98544649e-002
 6.95175088e-002
 6.25048690e-002
 5.90241503e-002
 6.18668128e-002
 6.46388769e-002
 7.09483242e-002
 7.48262667e-002
 6.76221914e-002
 6.33767901e-002
 6.63649091e-002
 6.17949897e-002
 6.61962353e-002
 6.70219957e-002
 6.86754961e-002
 7.31719882e-002
 6.66956462e-002
 6.59761980e-002
 6.27995006e-002
 6.58184375e-002
 6.80426722e-002
 6.64588680e-002
 7.07034928e-002
 6.12621013e-002
 6.44147153e-002
 7.73793594e-002
 6.68503592e-002
 6.22497672e-002
 6.66164539e-002
 6.92106132e-002
 6.95455459e-002
 7.66065842e-002
 8.57524581e-002
 7.82055583e-002
 6.62893512e-002
 6.76293119e-002
 6.64852427e-002
 6.34819134e-002
 7.57902400e-002
 7.38557990e-002
 7.08061612e-002
 6.99715347e-002
 6.44125403e-002
 7.09208120e-002
 7.31643703e-002
 7.63117428e-002
 7.46275774e-002
 7.40118282e-002
 7.50999210e-002
 6.93802119e-002
 7.05834255e-002
 7.60101444e-002
 8.00207868e-002
 7.59461843e-002
 7.14800924e-002
 7.03784088e-002
 7.14255301e-002
 7.17341534e-002
 7.54297057e-002
 7.96690439e-002
 7.35950394e-002
 6.83597991e-002
 7.00316510e-002
 7.33119096e-002
 7.34179209e-002
 8.35421454e-002
 8.22523042e-002
 7.29296822e-002
 7.34564921e-002
 7.46080509e-002
 9.19419470e-002
 9.49812173e-002
 8.80789734e-002
 8.33534706e-002
 6.95693388e-002
 6.35127184e-002
 7.34592331e-002
 8.27357421e-002
 7.12263703e-002
 6.91612137e-002
 7.29578449e-002
 7.96457673e-002
 8.73656326e-002
 8.70242489e-002
 8.76175128e-002
 8.02032080e-002
 7.18309314e-002
 7.99391834e-002
 8.22674599e-002
 7.74760405e-002
 7.53466469e-002
 7.87413499e-002
 8.96007001e-002
 7.68040121e-002
 6.96521822e-002
 7.74251324e-002
 8.23881863e-002
 8.23199894e-002
 7.41599423e-002
 7.47742466e-002
 8.78307769e-002
 9.65557909e-002
 8.95747143e-002
 7.68969079e-002
 8.32784979e-002
 8.42140122e-002
 8.23751980e-002
 8.03886161e-002
 7.77650651e-002
 8.65170646e-002
 8.02496449e-002
 7.92282643e-002
 7.97652350e-002
 8.19421357e-002
 7.91286131e-002
 7.43946648e-002
 7.56011315e-002
 7.32320656e-002
 7.36567024e-002
 7.41348577e-002
 6.12961889e-002
 5.00738226e-002
 5.29643726e-002
 5.03922070e-002
 5.40083281e-002
 6.97038493e-002
 6.69250447e-002
 6.90484760e-002
 7.21695693e-002
 7.49188896e-002
 8.65074388e-002
 8.56921750e-002
 8.71867133e-002
 9.93912878e-002
 1.00333296e-001
 9.29900410e-002
 8.54428211e-002
 8.60200827e-002
 9.86369283e-002
 1.03853886e-001
 1.08046548e-001
 1.05728211e-001
 9.73279721e-002
 1.00275232e-001
 9.92027594e-002
 8.27061360e-002
 8.26121028e-002
 9.24476715e-002
 8.66786963e-002
 9.90622330e-002
 1.15003646e-001
 1.04364927e-001
 1.02897758e-001
 9.19556434e-002
 8.77698997e-002
 8.99148899e-002
 8.97087197e-002
 9.79668217e-002
 9.77035938e-002
 9.28559186e-002
 9.56454720e-002
 9.77662735e-002
 9.31943670e-002
 9.50618604e-002
 9.67161064e-002
 9.77465524e-002
 1.01123811e-001
 1.05906292e-001
 1.02011349e-001
 9.45233804e-002
 1.01710893e-001
 1.18114916e-001
 1.24947776e-001
 1.24613655e-001
 1.06034520e-001
 9.00697916e-002
 9.38818080e-002
 9.76401485e-002
 9.76294207e-002
 9.87999391e-002
 1.06973289e-001
 1.19074045e-001
 1.15266003e-001
 1.00226916e-001
 9.82692993e-002
 1.02863259e-001
 1.12559256e-001
 1.09884158e-001
 9.54682399e-002
 1.06112050e-001
 1.17122129e-001
 1.13402802e-001
 1.13713398e-001
 1.09855385e-001
 1.11045301e-001
 6.92606559e-002
 6.34702467e-002
 1.04261056e-001
 1.05073049e-001
 1.00473947e-001
 1.19203910e-001
 1.29988660e-001
 1.12017876e-001
 1.11590024e-001
 1.21741116e-001
 1.21477513e-001
 1.24335271e-001
 1.09754874e-001
 9.10358626e-002
 1.02630513e-001
 1.33980140e-001
 1.28429343e-001
 1.03469695e-001
 9.45617402e-002
 1.06325882e-001
 1.16586946e-001
 1.13453509e-001
 1.20641370e-001
 1.14219370e-001
 1.04245731e-001
 1.04691150e-001
 1.11425529e-001
 1.11466829e-001
 1.12928366e-001
 1.32088549e-001
 1.29828651e-001
 1.14438779e-001
 1.13184918e-001
 1.19432776e-001
 6.59634034e-002
 3.73324088e-002
 4.07107604e-002
 5.02669353e-002
 5.46879045e-002
 5.67246828e-002
 5.09625569e-002
 6.40827969e-002
 9.86558116e-002
 1.11038286e-001
 1.12677780e-001
 1.03690366e-001
 1.21971334e-001
 1.36578088e-001
 1.19902968e-001
 1.21505094e-001
 1.32602275e-001
 1.18783322e-001
 1.21385524e-001
 1.40090261e-001
 1.26715553e-001
 1.22279545e-001
 1.27484955e-001
 1.30570224e-001
 1.50445733e-001
 1.25740213e-001
 1.12308316e-001
 1.20744422e-001
 1.28888390e-001
 1.45079624e-001
 1.26939838e-001
 1.34072420e-001
 1.66162666e-001
 1.64224534e-001
 1.34034503e-001
 1.28763147e-001
 1.32861001e-001
 1.24670766e-001
 1.11495591e-001
 1.23483114e-001
 1.34787557e-001
 1.44758434e-001
 1.46517538e-001
 1.47806407e-001
 1.71451292e-001
 1.36877668e-001
 1.19309641e-001
 1.47425245e-001
 1.71036505e-001
 1.52266130e-001
 1.19063118e-001
 7.94695030e-002
 6.93207874e-002
 8.38083751e-002
 1.14618954e-001
 1.53970073e-001
 1.65615701e-001
 1.57685613e-001
 1.59926384e-001
 1.67250168e-001
 1.60014413e-001
 1.30764791e-001
 1.32495926e-001
 1.74016064e-001
 1.52664409e-001
 1.31558270e-001
 1.39532167e-001
 1.27928515e-001
 1.39575131e-001
 1.67264067e-001
 1.51687787e-001
 1.43104264e-001
 1.44490364e-001
 1.45450096e-001
 1.23483437e-001
 1.20005727e-001
 1.43142969e-001
 1.31539124e-001
 1.33158676e-001
 1.38995203e-001
 1.33360633e-001
 1.35908564e-001
 1.36420830e-001
 1.56695901e-001
 1.54867268e-001
 1.45846104e-001
 1.64518289e-001
 1.50142641e-001
 1.37855936e-001
 1.57312379e-001
 1.64875896e-001
 1.63651701e-001
 1.52916093e-001
 1.55084547e-001
 1.55179254e-001
 1.52518608e-001
 1.73815802e-001
 1.63289416e-001
 1.53537620e-001
 1.49616544e-001
 1.37232084e-001
 1.48697384e-001
 1.72156909e-001
 1.72976653e-001
 1.74120691e-001
 1.76049484e-001
 1.78684208e-001
 1.70789341e-001
 1.66987790e-001
 1.65804010e-001
 1.56447130e-001
 1.85216431e-001
 1.89124144e-001
 1.67297034e-001
 1.89776560e-001
 1.93160231e-001
 1.78908885e-001
 1.98903078e-001
 1.80682494e-001
 1.75400998e-001
 1.75539847e-001
 1.58853075e-001
 1.65913623e-001
 1.62392982e-001
 1.73967790e-001
 1.77576618e-001
 1.61385225e-001
 1.63481779e-001
 1.67408528e-001
 1.76225261e-001
 1.94662555e-001
 1.96839418e-001
 1.70246293e-001
 1.56317905e-001
 1.66007412e-001
 1.82640004e-001
 1.72898356e-001
 1.46133887e-001
 1.83221849e-001
 2.04583380e-001
 1.99680330e-001
 1.89923094e-001
 1.65955178e-001
 1.61915952e-001
 1.42304799e-001
 1.31856863e-001
 1.38536206e-001
 1.54493644e-001
 1.79879452e-001
 1.96133290e-001
 1.42466858e-001
 1.16939624e-001
 1.05453543e-001
 9.84401706e-002
 9.47470041e-002
 9.63224227e-002
 1.29366846e-001
 1.58720737e-001
 1.34671561e-001
 1.23388032e-001
 1.52747880e-001
 1.39990652e-001
 1.22347159e-001
 1.39159851e-001
 1.48246072e-001
 1.59117153e-001
 1.77088864e-001
 1.74431812e-001
 1.78617838e-001
 1.61937506e-001
 1.56731191e-001
 1.68403497e-001
 1.80965454e-001
 2.15102667e-001
 2.05550718e-001
 2.13630799e-001
 1.87602308e-001
 1.46773690e-001
 1.70988350e-001
 2.35330744e-001
 2.49038026e-001
 2.21865497e-001
 2.18595647e-001
 2.05223007e-001
 1.97788503e-001
 2.05660598e-001
 2.18117475e-001
 2.39313041e-001
 2.11308722e-001
 1.78167596e-001
 1.78236782e-001
 1.64157992e-001
 1.91902125e-001
 2.41865831e-001
 2.31421481e-001
 1.95945588e-001
 1.97851653e-001
 2.21126563e-001
 2.19575300e-001
 2.39349548e-001
 2.28297209e-001
 2.08140792e-001
 2.24833475e-001
 2.43219893e-001
 2.15155380e-001
 2.06829656e-001
 2.34295424e-001
 2.06443632e-001
 1.99382499e-001
 2.46425748e-001
 3.15271169e-001
 3.09550471e-001
 2.46406322e-001
 2.48920902e-001
 2.56472663e-001
 2.60050716e-001
 2.82257643e-001
 2.80891508e-001
 2.99546493e-001
 3.40968031e-001
 3.07183324e-001
 3.12443923e-001
 2.62997843e-001
 2.53636730e-001
 3.09236127e-001
 2.78933511e-001
 3.15091833e-001
 3.44509534e-001
 3.08616148e-001
 2.84352371e-001
 2.81890468e-001
 3.19844700e-001
 3.46386506e-001
 3.01601388e-001
 2.27257856e-001
 2.48561486e-001
 3.19354734e-001
 3.07849085e-001
 2.79911654e-001
 2.78214758e-001
 3.06386459e-001
 3.09536111e-001
 2.63696683e-001
 2.76967121e-001
 3.50338874e-001
 3.36670480e-001
 3.10646062e-001
 3.27704604e-001
 3.67710219e-001
 3.64586856e-001
 3.42156147e-001
 3.81140442e-001
 3.98400049e-001
 3.52643395e-001
 3.61084759e-001
 3.19973093e-001
 3.56595243e-001
 4.68787971e-001
 3.68498806e-001
 2.99321351e-001
 2.78402142e-001
 3.24425040e-001
 3.99265896e-001
 3.81899851e-001
 3.15136227e-001
 2.84951332e-001
 3.04067273e-001
 2.66511306e-001
 2.59045986e-001
 2.98592910e-001
 3.31849282e-001
 3.81489693e-001
 3.41291422e-001
 3.20504536e-001
 3.46484468e-001
 2.95819887e-001
 3.21918201e-001
 3.89425851e-001
 3.83918076e-001
 3.75335818e-001
 3.45716014e-001
 3.51332502e-001
 3.58697477e-001
 3.60060353e-001
 3.64276249e-001
 3.55768334e-001
 3.37500687e-001
 2.99854238e-001
 2.77514484e-001
 2.78618673e-001
 2.79682409e-001
 3.11063700e-001
 3.13243128e-001
 3.74666127e-001
 3.74941757e-001
 3.14446315e-001
 3.79966587e-001
 3.74907122e-001
 3.34983724e-001
 3.29020337e-001
 3.51820037e-001
 3.41044361e-001
 3.36822585e-001
 3.02203446e-001
 2.09558000e-001
 2.03705654e-001
 2.62190813e-001
 3.25884006e-001
 4.03131393e-001
 4.71698171e-001
 4.55916888e-001
 4.32727581e-001
 5.12133557e-001
 4.37933717e-001
 3.99550091e-001
 4.86461102e-001
 4.17152815e-001
 3.66010140e-001
 4.01220914e-001
 4.30090731e-001
 4.25343953e-001
 3.59071960e-001
 3.51559781e-001
 3.34932581e-001
 3.28774622e-001
 4.36220678e-001
 4.71338016e-001
 4.22734256e-001
 4.87326329e-001
 5.66750851e-001
 4.31826717e-001
 3.42310995e-001
 4.34272278e-001
 4.80246303e-001
 4.45792347e-001
 4.83206792e-001
 4.90335528e-001
 4.98148334e-001
 4.30279460e-001
 4.03335008e-001
 5.10483324e-001
 4.38030074e-001
 4.50202243e-001
 5.09451071e-001
 3.94129787e-001
 3.25320462e-001
 4.17369185e-001
 4.59304237e-001
 3.76642944e-001
 4.35264052e-001
 4.35284414e-001
 4.63786952e-001
 5.17276303e-001
 4.17120046e-001
 3.25360443e-001
 3.52207773e-001
 4.57413630e-001
 4.48791908e-001
 3.50874884e-001
 3.34583206e-001
 3.78886408e-001
 4.55217513e-001
 4.54684392e-001
 3.65249263e-001
 4.54930406e-001
 5.12849966e-001
 4.16673906e-001
 4.32455283e-001
 4.22664652e-001
 3.93330959e-001
 4.16491850e-001
 4.35896195e-001
 3.91270532e-001
 4.81838561e-001
 6.86576554e-001
 6.62587219e-001
 4.32042232e-001
 3.89726224e-001
 4.49687451e-001
 4.11660732e-001
 4.58500560e-001
 5.03235779e-001
 5.65365334e-001
 5.94634819e-001
 5.13707415e-001
 4.57061450e-001
 5.43703509e-001
 6.66852243e-001
 5.36943150e-001
 5.27595318e-001
 6.10860734e-001
 6.09233085e-001
 4.78375537e-001
 4.83379265e-001
 5.19159645e-001
 4.44733086e-001
 5.17419850e-001
 4.98189966e-001
 4.91059895e-001
 4.93941433e-001
 4.12206537e-001
 4.25986007e-001
 4.62502076e-001
 3.97431482e-001
 3.01651372e-001
 3.25598147e-001
 3.58490632e-001
 3.39543871e-001
 3.88265084e-001
 3.16139251e-001
 3.11340045e-001
 3.65527912e-001
 3.62299459e-001
 4.26269837e-001
 4.53137294e-001
 4.85747632e-001
 4.27708459e-001
 4.51568383e-001
 5.69935701e-001
 5.38402286e-001
 5.22116436e-001
 4.89489119e-001
 4.59741767e-001
 5.24582766e-001
 5.80367613e-001
 5.28443469e-001
 4.51287520e-001
 4.67449961e-001
 5.41425141e-001
 6.41976949e-001
 6.97101667e-001
 5.78976038e-001
 4.74272824e-001
 5.71194266e-001
 6.75752703e-001
 5.07248352e-001
 4.82439391e-001
 5.64706717e-001
 5.13576702e-001
 5.64628999e-001
 5.94280334e-001
 5.05201772e-001
 5.18730944e-001
 5.96333211e-001
 6.40615954e-001
 6.35856283e-001
 6.56645821e-001
 5.91446599e-001
 5.68339582e-001
 6.19952719e-001
 5.94635485e-001
 6.11119206e-001
 6.14006743e-001
 5.88674939e-001
 5.90165035e-001
 6.02178741e-001
 7.58495139e-001
 8.06726101e-001
 6.17093136e-001
 5.41902327e-001
 5.28911250e-001
 5.83294857e-001
 7.22889724e-001
 7.31890917e-001
 7.37944402e-001
 7.69915027e-001
 6.31880744e-001
 5.73355649e-001
 6.07479586e-001
 6.32503713e-001
 6.31495907e-001
 5.40977054e-001
 5.98067473e-001
 6.19702231e-001
 6.18642189e-001
 7.49847968e-001
 7.35440288e-001
 7.47196175e-001
 7.79882001e-001
 7.23123504e-001
 7.19504825e-001
 6.00231155e-001
 5.83020316e-001
 8.42094637e-001
 7.99458206e-001
 6.34277637e-001
 7.37054469e-001
 8.25565428e-001
 7.27970011e-001
 6.76549185e-001
 6.97238904e-001
 6.91768388e-001
 6.10551714e-001
 6.48388502e-001
 7.93453006e-001
 7.47238220e-001
 7.50860792e-001
 7.27020506e-001
 6.66495577e-001
 6.24549965e-001
 7.41115986e-001
 6.70124473e-001
 6.42820660e-001
 8.67170867e-001
 8.15335106e-001
 7.22844871e-001
 6.93998655e-001
 7.98445416e-001
 7.85084819e-001
 7.49516464e-001
 7.74471341e-001
 6.68539589e-001
 7.69023681e-001
 7.90701595e-001
 6.14919586e-001
 6.86261814e-001
 8.22227617e-001
 7.66289162e-001
 6.97637354e-001
 8.33007741e-001
 7.49043351e-001
 7.17287449e-001
 7.77114256e-001
 6.90859121e-001
 7.68374040e-001
 8.46833583e-001
 9.27212527e-001
 9.02592407e-001
 8.03943194e-001
 7.68069238e-001
 7.05421848e-001
 5.85906871e-001
 5.94201150e-001
 8.82219763e-001
 8.61944267e-001
 7.85782780e-001
 8.35568272e-001
 8.16141020e-001
 7.36790962e-001
 7.48236891e-001
 8.81063426e-001
 8.73727459e-001
 8.29339864e-001
 1.01887234e+000
 1.16390251e+000
 8.53116037e-001
 8.31512493e-001
 8.70880155e-001
 9.36453342e-001
 1.11769017e+000
 9.98628891e-001
 9.59189584e-001
 1.04669984e+000
 9.80780122e-001
 1.02446302e+000
 1.24158869e+000
 1.22171133e+000
 1.04449471e+000
 9.59664915e-001
 9.14990235e-001
 9.60545854e-001
 9.64836597e-001
 9.72174726e-001
 8.79721286e-001
 7.54456484e-001
 9.24652469e-001
 8.65773796e-001
 7.97055670e-001
 8.61590476e-001
 9.28989579e-001
 7.63880971e-001
 7.54394289e-001
 9.31318771e-001
 9.18046058e-001
 9.02349923e-001
 8.40614535e-001
 7.32911386e-001
 8.16641367e-001
 1.12122817e+000
 1.07076340e+000
 8.53096744e-001
 9.81946809e-001
 1.26037779e+000
 1.08300741e+000
 9.24744546e-001
 9.17577525e-001
 9.00642351e-001
 7.96713052e-001
 7.68792943e-001
 7.85711085e-001
 8.06174290e-001
 1.10222125e+000
 1.17189727e+000
 1.02877730e+000
 1.08921130e+000
 1.06824459e+000
 1.16694103e+000
 1.15750464e+000
 9.79948741e-001
 8.58225831e-001
 8.56901531e-001
 1.05810455e+000
 1.33071410e+000
 1.21262004e+000
 1.08033419e+000
 9.94296684e-001
 1.04601408e+000
 1.00185176e+000
 9.30523034e-001
 1.07409611e+000
 1.22006915e+000
 1.43351031e+000
 1.11928580e+000
 9.48694827e-001
 9.53996803e-001
 9.97812802e-001
 1.09594038e+000
 1.06121246e+000
 1.10613467e+000
 1.06544122e+000
 9.56141208e-001
 9.72758243e-001
 1.01791279e+000
 9.06236472e-001
 9.39929331e-001
 9.96082972e-001
 1.03418760e+000
 9.99822990e-001
 9.46362651e-001
 1.04550289e+000
 1.06454321e+000
 1.27628637e+000
 1.24425468e+000
 9.69522303e-001
 1.05570486e+000
 1.33487205e+000
 1.47141523e+000
 1.36591877e+000
 1.22223318e+000
 9.00976139e-001
 8.68940473e-001
 9.70699864e-001
 1.09911966e+000
 1.17452744e+000
 8.42564173e-001
 1.03837144e+000
 1.15889631e+000
 9.96498833e-001
 1.15168628e+000
 1.03077917e+000
 1.10317178e+000
 1.39863196e+000
 1.15059114e+000
 1.17339343e+000
 1.17563582e+000
 9.90954433e-001
 9.79969888e-001
 9.18216507e-001
 1.01214174e+000
 1.06487556e+000
 1.29093148e+000
 1.49575624e+000
 1.23452529e+000
 1.15148261e+000
 1.45940361e+000
 1.51316157e+000
 1.19011056e+000
 1.20749194e+000
 1.28342867e+000
 1.16346341e+000
 1.17001404e+000
 1.21209118e+000
 1.09336973e+000
 1.17925662e+000
 1.34222179e+000
 1.08738923e+000
 9.86203476e-001
 1.21278513e+000
 1.27537842e+000
 1.10400355e+000
 1.41069226e+000
 1.52218390e+000
 1.16055409e+000
 1.17980619e+000
 1.21013003e+000
 1.09941827e+000
 1.15676110e+000
 1.14738856e+000
 1.29190160e+000
 1.51036379e+000
 1.12244157e+000
 1.09368242e+000
 1.54301533e+000
 1.37482026e+000
 1.08465630e+000
 1.14305148e+000
 1.08342145e+000
 1.10678837e+000
 1.47593048e+000
 1.68632530e+000
 1.56828139e+000
 1.39271345e+000
 1.24714954e+000
 1.41028742e+000
 1.53996457e+000
 1.47867578e+000
 1.25016037e+000
 1.12203530e+000
 1.07261845e+000
 1.10225600e+000
 1.29223348e+000
 1.33052679e+000
 1.39020694e+000
 1.12302589e+000
 1.09344148e+000
 1.40910010e+000
 1.60065320e+000
 1.46739009e+000
 1.40368325e+000
 1.86034116e+000
 1.75929103e+000
 1.36858730e+000
 1.55398171e+000
 1.78504130e+000
 1.39520020e+000
 1.36240881e+000
 1.51249175e+000
 1.30990198e+000
 1.36948698e+000
 1.56631358e+000
 1.66063704e+000
 1.42830272e+000
 1.55576822e+000
 1.99360252e+000
 1.56815261e+000
 1.42134914e+000
 1.58689879e+000
 1.72422501e+000
 1.94947668e+000
 1.70660554e+000
 1.87628410e+000
 1.91056878e+000
 1.54780019e+000
 1.43099170e+000
 1.68905410e+000
 2.16494363e+000
 1.71253749e+000
 1.50500139e+000
 1.57354578e+000
 1.40311825e+000
 1.50126793e+000
 1.73657046e+000
 1.46894376e+000
 1.34970347e+000
 1.77904870e+000
 1.98095113e+000
 1.76557072e+000
 2.11284190e+000
 2.31276987e+000
 1.68267402e+000
 1.60672003e+000
 1.68176318e+000
 2.03261243e+000
 2.54942043e+000
 1.63368935e+000
 1.52114557e+000
 1.69274260e+000
 1.58819746e+000
 1.64366436e+000
 1.87406504e+000
 2.13607037e+000
 1.96313102e+000
 1.62700088e+000
 1.57770361e+000
 1.78721919e+000
 1.49425623e+000
 1.44242521e+000
 1.59696185e+000
 1.70861697e+000
 2.13290104e+000
 2.36809865e+000
 2.25742884e+000
 1.83712047e+000
 1.42663965e+000
 1.34649702e+000
 1.39894150e+000
 1.37672443e+000
 1.17151417e+000
 1.12770246e+000
 1.45005647e+000
 1.72633699e+000
 1.95109836e+000
 2.43756441e+000
 2.70652311e+000
 2.28216658e+000
 1.88597094e+000
 1.97043425e+000
 2.08085195e+000
 1.63363735e+000
 1.43887797e+000
 1.55907383e+000
 1.70232484e+000
 1.93419747e+000
 1.63031777e+000
 1.39629908e+000
 1.59617804e+000
 2.00777157e+000
 1.98242760e+000
 1.64381167e+000
 2.31820274e+000
 2.37223307e+000
 1.55390513e+000
 1.42985180e+000
 1.73862773e+000
 1.74879120e+000
 1.72651916e+000
 1.94361728e+000
 2.08252005e+000
 2.22981786e+000
 2.50313114e+000
 2.64384468e+000
 2.64330409e+000
 2.44518815e+000
 2.09411037e+000
 1.89538528e+000
 1.88182441e+000
 1.95781217e+000
 1.45246351e+000
 1.61808586e+000
 1.93840433e+000
 1.89165538e+000
 2.68209594e+000
 3.11583470e+000
 2.15330787e+000
 1.83803889e+000
 2.37030694e+000
 3.17723317e+000
 3.02352680e+000
 3.01225803e+000
 3.45513311e+000
 2.54813277e+000
 2.39093128e+000
 3.17700531e+000
 3.04142039e+000
 2.44496988e+000
 2.35853095e+000
 2.66011160e+000
 2.52768723e+000
 2.47692081e+000
 3.05062720e+000
 3.64513707e+000
 3.20821518e+000
 2.90951776e+000
 2.27374567e+000
 2.56866223e+000
 3.16679931e+000
 2.80054510e+000
 3.20060879e+000
 2.73044616e+000
 2.51598999e+000
 2.16444909e+000
 1.85565777e+000
 2.08624943e+000
 2.42043198e+000
 2.39462288e+000
 1.99522083e+000
 2.26999615e+000
 2.69087237e+000
 3.36273248e+000
 3.31014409e+000
 2.59717379e+000
 2.95874414e+000
 2.58663034e+000
 2.22254489e+000
 2.41324780e+000
 2.97350188e+000
 3.29528157e+000
 2.60195005e+000
 2.55090401e+000
 2.69744742e+000
 3.03079884e+000
 3.71253647e+000
 3.54554825e+000
 3.41937190e+000
 3.22392934e+000
 3.27218780e+000
 4.07611152e+000
 3.52056565e+000
 2.53552913e+000
 2.57306753e+000
 2.88627224e+000
 2.98968697e+000
 3.00633163e+000
 2.83578528e+000
 2.63790351e+000
 2.90030070e+000
 2.96071252e+000
 2.59387929e+000
 2.81491615e+000
 2.77585604e+000
 2.36293204e+000
 2.35400443e+000
 3.50091959e+000
 3.50252865e+000
 3.19459096e+000
 3.33608613e+000
 2.54600540e+000
 2.67571701e+000
 2.56110691e+000
 2.50577536e+000
 3.07881200e+000
 3.26120418e+000
 2.45802789e+000
 2.01122275e+000
 2.16474759e+000
 2.19885766e+000
 2.29055721e+000
 2.57950310e+000
 2.61518973e+000
 3.01719351e+000
 2.61098412e+000
 1.88617315e+000
 2.23964870e+000
 2.45778192e+000
 2.21762290e+000
 2.84751093e+000
 2.94899394e+000
 2.60075561e+000
 3.08885824e+000
 2.51780004e+000
 2.15607455e+000
 2.73728174e+000
 3.08510994e+000
 2.53175760e+000
 2.53051129e+000
 2.77184701e+000
 2.47568677e+000
 2.87957828e+000
 4.48582884e+000
 3.96080725e+000
 2.94760599e+000
 1.63057439e+000
 1.77042276e+000
 3.21847338e+000
 2.93993040e+000
 3.35597610e+000
 4.02295341e+000
 4.15362377e+000
 3.72826833e+000
 2.83865076e+000
 3.06568614e+000
 3.50707316e+000
 3.58753804e+000
 3.40982271e+000
 3.05999115e+000
 3.04516878e+000
 3.74330531e+000
 4.43062150e+000
 3.32792403e+000
 2.74092595e+000
 3.93028054e+000
 4.20537929e+000
 2.74113949e+000
 2.51810820e+000
 3.25785153e+000
 3.41119310e+000
 2.86329088e+000
 2.95738795e+000
 4.42127603e+000
 4.43925912e+000
 3.99347590e+000
 4.75542931e+000
 4.03037976e+000
 4.16954217e+000
 4.97331979e+000
 4.63484580e+000
 5.28927526e+000
 6.64989227e+000
 5.25433021e+000
 4.27241584e+000
 5.65529762e+000
 5.61698485e+000
 3.52508812e+000
 3.87137175e+000
 4.68589244e+000
 3.87171587e+000
 2.99792286e+000
 3.29924003e+000
 4.65582421e+000
 4.88543547e+000
 4.49296347e+000
 3.90790171e+000
 3.01621236e+000
 3.22691487e+000
 4.71715205e+000
 3.99841301e+000
 3.90250855e+000
 4.96082119e+000
 4.80422240e+000
 4.19218704e+000
 4.81227417e+000
 4.56013785e+000
 3.20711074e+000
 3.93261502e+000
 3.93520947e+000
 3.15126716e+000
 4.02183961e+000
 5.09487078e+000
 5.75604295e+000
 6.28970368e+000
 6.29384512e+000
 5.75470221e+000
 3.52422147e+000
 2.85709482e+000
 5.42076864e+000
 8.06124661e+000
 6.65007711e+000
 4.67414965e+000
 3.43929696e+000
 3.16469642e+000
 3.33766010e+000
 3.81632786e+000
 3.29036537e+000
 3.61269468e+000
 3.48967702e+000
 2.88496765e+000
 3.36948054e+000
 4.33312477e+000
 4.26161390e+000
 3.31337437e+000
 4.99989373e+000
 5.59174969e+000
 3.98160447e+000
 4.32293314e+000
 3.84212951e+000
 3.63512248e+000
 3.02566458e+000
 2.94362424e+000
 2.55915288e+000
 2.17365021e+000
 3.83984542e+000
 4.81357865e+000
 4.25965218e+000
 2.94699226e+000
 3.26351613e+000
 3.80107348e+000
 2.96285327e+000
 3.04361084e+000
 3.07516867e+000
 4.35396545e+000
 5.41117619e+000
 3.91398731e+000
 3.95525151e+000
 3.31797177e+000
 2.67906509e+000
 3.54157601e+000
 3.52077777e+000
 3.72110874e+000
 4.22227240e+000
 4.45828459e+000
 4.80095388e+000
 6.11296913e+000
 6.15716645e+000
 4.24454110e+000
 4.22029941e+000
 4.87367693e+000
 4.55596651e+000
 4.00280922e+000
 4.14605308e+000
 4.12147623e+000
 3.50918301e+000
 3.98942747e+000
 4.64054542e+000
 5.09075863e+000
 5.50779872e+000
 3.92582344e+000
 3.76724576e+000
 5.18595635e+000
 5.93260058e+000
 5.79647705e+000
 6.24804421e+000
 5.35188327e+000
 4.71469664e+000
 5.24652281e+000
 5.25265142e+000
 5.19072528e+000
 5.55152040e+000
 5.62202625e+000
 4.18596719e+000
 4.00473381e+000
 4.47344479e+000
 6.78713434e+000
 5.83742748e+000
 3.40139076e+000
 4.24446613e+000
 5.35604194e+000
 5.86128346e+000
 5.48094910e+000
 4.83992149e+000
 4.91460644e+000
 4.08177079e+000
 4.05131093e+000
 5.12205989e+000
 5.24591010e+000
 6.19901517e+000
 6.87984396e+000
 5.52476016e+000
 5.45419914e+000
 4.88298167e+000
 5.74056861e+000
 5.51966353e+000
 3.64785258e+000
 4.19350794e+000
 5.48442041e+000
 5.45050601e+000
 5.09932379e+000
 7.04592896e+000
 6.21149613e+000
 5.97343076e+000
 6.76112712e+000
 5.41192047e+000
 4.17732327e+000
 4.43323645e+000
 5.42211071e+000
 5.29780278e+000
 5.20976130e+000
 5.09473280e+000
 5.12915659e+000
 4.56363831e+000
 4.28166248e+000
 4.49324096e+000
 4.76774873e+000
 5.28532058e+000
 6.21732839e+000
 5.78336855e+000
 4.35495773e+000
 5.41465133e+000
 7.27616141e+000
 6.06400895e+000
 6.64029249e+000
 5.20361512e+000
 3.74480453e+000
 4.14100379e+000
 4.33553356e+000
 4.11505550e+000
 6.43123306e+000
 7.41974728e+000
 4.95476433e+000
 6.36577086e+000
 6.17109134e+000
 4.01064174e+000
 3.44517237e+000
 5.05332824e+000
 6.19950496e+000
 6.20546026e+000
 7.19925938e+000
 7.04168552e+000
 5.91546872e+000
 4.20727621e+000
 3.97703083e+000
 4.53679319e+000
 5.16740724e+000
 5.52144518e+000
 5.31543673e+000
 5.56420013e+000
 5.03244578e+000
 4.66864681e+000
 7.46905890e+000
 7.10137300e+000
 5.51929749e+000
 5.62057767e+000
 5.43529415e+000
 4.54858152e+000
 3.84353260e+000
 4.37893276e+000
 5.69690823e+000
 6.71923565e+000
 6.34393903e+000
 5.66293644e+000
 5.11214950e+000
 3.76906639e+000
 4.53578493e+000
 6.42860890e+000
 5.25134074e+000
 4.65498865e+000
 5.40580237e+000
 8.14636034e+000
 7.30591295e+000
 6.23001516e+000
 6.62346362e+000
 7.84828993e+000
 7.29458080e+000
 8.14346317e+000
 8.77267385e+000
 7.84290570e+000
 6.77664307e+000
 6.21753287e+000
 6.94659360e+000
 5.62903142e+000
 7.41045163e+000
 1.06479638e+001
 9.11499524e+000
 7.54036817e+000
 8.75685060e+000
 7.35757999e+000
 5.97584421e+000
 6.44936154e+000
 6.33459557e+000
 6.26672553e+000
 6.57979807e+000
 7.28301923e+000
 6.99589182e+000
 7.69428801e+000
 8.44714445e+000
 7.50712532e+000
 9.03798713e+000
 8.66399191e+000
 7.76812969e+000
 7.17337225e+000
 5.93972100e+000
 6.47053184e+000
 6.04161735e+000
 7.88669985e+000
 1.01867190e+001
 8.63935649e+000
 9.03835681e+000
 9.23692838e+000
 9.03987292e+000
 9.89234876e+000
 8.11670359e+000
 6.42781184e+000
 7.87833036e+000
 9.31090426e+000
 9.72612425e+000
 1.00630477e+001
 9.44717116e+000
 8.66420544e+000
 6.82675789e+000
 6.70472309e+000
 8.23831860e+000
 9.82701595e+000
 9.84741513e+000
 9.57534548e+000
 9.13883217e+000
 8.26707475e+000
 7.40068422e+000
 8.28262359e+000
 1.00566318e+001
 1.21212780e+001
 1.39990541e+001
 9.94668643e+000
 7.06963887e+000
 8.67945179e+000
 1.03068853e+001
 8.34506921e+000
 7.31729608e+000
 9.58931968e+000
 1.17562626e+001
 1.06711133e+001
 8.74927764e+000
 8.01260577e+000
 8.75779208e+000
 1.03071811e+001
 1.26043511e+001
 1.16647806e+001
 1.08992773e+001
 1.11331451e+001
 9.62010258e+000
 1.20198240e+001
 1.32119996e+001
 9.56715434e+000
 1.04900211e+001
 1.22155305e+001
 1.11972474e+001
 9.27229212e+000
 9.03371086e+000
 8.46463894e+000
 8.22845272e+000
 9.09292489e+000
 1.02886506e+001
 1.33919737e+001
 1.26678014e+001
 1.18859598e+001
 1.12835283e+001
 1.01461331e+001
 1.13683456e+001
 1.27126478e+001
 1.16562187e+001
 7.75346310e+000
 7.05428420e+000
 6.54465307e+000
 5.90354998e+000
 8.39913979e+000
 1.26552884e+001
 1.07181171e+001
 8.23160340e+000
 9.58486609e+000
 8.21843679e+000
 8.37294856e+000
 1.16690099e+001
 9.83754466e+000
 8.91741719e+000
 9.20426375e+000
 1.14195474e+001
 1.10047385e+001
 9.15700282e+000
 9.49633898e+000
 9.33218551e+000
 1.16776543e+001
 1.24279501e+001
 1.04489973e+001
 1.00198653e+001
 1.36460528e+001
 1.95060769e+001
 1.41488461e+001
 9.62150581e+000
 1.00530661e+001
 1.38394294e+001
 1.25399748e+001
 7.81441808e+000
 8.12732982e+000
 1.21250849e+001
 1.58712370e+001
 1.19067847e+001
 8.54585179e+000
 1.12428095e+001
 1.17579035e+001
 9.28271261e+000
 9.98344983e+000
 8.74895956e+000
 9.49814394e+000
 9.14091432e+000
 1.08791252e+001
 1.62147879e+001
 1.65779620e+001
 1.35045940e+001
 1.07079321e+001
 1.01184776e+001
 1.13996775e+001
 1.22176948e+001
 9.06674729e+000
 1.08758739e+001
 1.35850052e+001
 9.04628503e+000
 1.24561666e+001
 1.70177239e+001
 1.00987593e+001
 1.00091282e+001
 1.39695011e+001
 1.31494760e+001
 8.84869652e+000
 8.07681708e+000
 9.72829605e+000
 1.30570981e+001
 1.43778277e+001
 1.02618806e+001
 1.17471465e+001
 1.27210610e+001
 1.18362122e+001
 1.36006048e+001
 1.15640047e+001
 8.67273953e+000
 9.01010681e+000
 1.16124237e+001
 1.38459156e+001
 1.62383558e+001
 1.20907581e+001
 9.94789728e+000
 1.32432240e+001
 1.79144053e+001
 1.88072242e+001
 1.54658894e+001
 1.36744367e+001
 1.55095705e+001
 1.61536227e+001
 1.43646263e+001
 1.18987274e+001
 1.17967803e+001
 1.49135379e+001
 1.16500514e+001
 1.18780022e+001
 1.78180103e+001
 1.98214722e+001
 1.52314008e+001
 1.52452350e+001
 1.44221990e+001
 1.43439721e+001
 1.31773313e+001
 1.45931273e+001
 2.48083320e+001
 1.86814280e+001
 1.76840730e+001
 2.32776683e+001
 2.73098401e+001
 1.92052205e+001
 1.65622606e+001
 2.30499384e+001
 2.12489399e+001
 1.70437463e+001
 1.79494317e+001
 1.87421909e+001
 1.49713528e+001
 1.50638280e+001
 1.45437280e+001
 1.95018991e+001
 2.17990171e+001
 1.72415521e+001
 1.86760915e+001
 1.91127813e+001
 2.35299522e+001
 1.70040677e+001
 1.32210185e+001
 1.49609650e+001
 1.50389441e+001
 2.00286008e+001
 2.38775313e+001
 2.29302030e+001
 1.85586950e+001
 1.47739174e+001
 1.27665811e+001
 1.36878310e+001
 2.01981331e+001
 2.27320430e+001
 1.80356223e+001
 1.97637759e+001
 2.26884143e+001
 2.05441147e+001
 2.22820016e+001
 1.84713802e+001
 1.72358731e+001
 1.62047606e+001
 1.33533458e+001
 1.97304713e+001
 2.13420684e+001
 1.57925090e+001
 1.81149256e+001
 2.26568152e+001
 1.92487396e+001
 1.88829560e+001
 1.72157592e+001
 1.80077463e+001
 3.15293310e+001
 2.72748921e+001
 2.47548461e+001
 2.98734476e+001
 1.72718867e+001
 1.64867718e+001
 2.60830132e+001
 2.00503438e+001
 2.09200153e+001
 2.95714792e+001
 3.14025539e+001
 2.96469920e+001
 3.08937272e+001
 2.50997217e+001
 1.93513907e+001
 2.40608301e+001
 3.40512119e+001
 2.89526642e+001
 2.54485972e+001
 3.14018148e+001
 2.63676615e+001
 2.17942495e+001
 2.37957004e+001
 2.51668873e+001
 2.46566016e+001
 2.42588127e+001
 1.96763434e+001
 1.99763433e+001
 2.76281815e+001
 2.81657164e+001
 2.27482293e+001
 1.90505381e+001
 2.23116749e+001
 3.37890843e+001
 3.00155853e+001
 2.64515265e+001
 2.19358885e+001
 1.36963239e+001
 1.62426353e+001
 2.76799015e+001
 3.41828131e+001
 3.07854703e+001
 2.16400756e+001
 2.10124787e+001
 2.35903467e+001
 1.64236714e+001
 1.78866329e+001
 3.15345131e+001
 3.34130791e+001
 2.77348638e+001
 2.89006151e+001
 3.44604416e+001
 3.27236532e+001
 2.05854299e+001
 2.09725469e+001
 2.83636275e+001
 3.16816884e+001
 3.10346166e+001
 2.57402715e+001
 2.16130313e+001
 1.79679843e+001
 1.81499460e+001
 2.29004232e+001
 2.99273861e+001
 2.84798532e+001
 2.49655850e+001
 3.09607634e+001
 3.62371078e+001
 2.65744359e+001
 2.31786042e+001
 2.72008958e+001
 3.82666324e+001
 3.38960954e+001
 2.62765829e+001
 2.89333513e+001
 3.44697844e+001
 3.79892643e+001
 3.01515149e+001
 2.66219121e+001
 3.62746665e+001
 3.34011982e+001
 3.06830939e+001
 3.93963347e+001
 4.29833014e+001
 3.21282605e+001
 2.53242246e+001
 2.27916540e+001
 2.07563848e+001
 2.29096828e+001
 2.30270197e+001
 2.59476621e+001
 2.71653653e+001
 3.32510993e+001
 3.22621747e+001
 2.10961406e+001
 1.90451114e+001
 2.62100035e+001
 2.94133022e+001
 2.39694851e+001
 2.59492223e+001
 2.81731973e+001
 2.47756668e+001
 2.57606346e+001
 2.85568113e+001
 3.79193550e+001
 3.98519285e+001
 3.05112577e+001
 3.09339279e+001
 4.92574473e+001
 5.38710857e+001
 3.74675051e+001
 3.42840890e+001
 3.23276201e+001
 3.88147295e+001
 4.72682091e+001
 3.34334430e+001
 2.82426264e+001
 2.73949821e+001
 2.82402703e+001
 3.77039266e+001
 3.64830799e+001
 4.45559802e+001
 6.37472239e+001
 4.73155443e+001
 3.25844206e+001
 3.26635783e+001
 4.21646703e+001
 4.98086312e+001
 4.65774472e+001
 4.16883041e+001
 3.71278214e+001
 3.48990429e+001
 4.54612266e+001
 4.42813601e+001
 2.94661938e+001
 2.79776334e+001
 2.80416698e+001
 2.18700158e+001
 1.49239357e+001
 2.00807372e+001
 2.60806719e+001
 2.45872667e+001
 2.43062107e+001
 2.09944084e+001
 2.79573628e+001
 2.87371546e+001
 2.12205711e+001
 2.26925423e+001
 3.13752513e+001
 4.04104483e+001
 3.02393353e+001
 2.30895465e+001
 2.73192025e+001
 2.65567842e+001
 2.25571750e+001
 3.03038247e+001
 3.29559860e+001
 3.75780539e+001
 3.59419135e+001
 4.10484188e+001
 6.94243248e+001
 5.68105543e+001
 4.35744706e+001
 3.86259780e+001
 5.15570017e+001
 5.48818399e+001
 3.41844680e+001
 2.92443133e+001
 4.72265602e+001
 6.39142080e+001
 5.27114393e+001
 3.97977061e+001
 3.97739316e+001
 4.50549248e+001
 6.37379104e+001
 6.57745919e+001
 5.03155669e+001
 5.61638746e+001
 3.99224837e+001
 3.79056685e+001
 3.98285913e+001
 3.63085598e+001
 4.36260577e+001
 4.26222980e+001
 4.32354610e+001
 4.28608806e+001
 2.93478428e+001
 3.67280570e+001
 7.08721806e+001
 5.36005495e+001
 4.52156279e+001
 5.83498251e+001
 5.41552892e+001
 4.79867626e+001
 3.76770244e+001
 2.85398959e+001
 2.77420476e+001
 3.66850663e+001
 4.68465448e+001
 4.04609544e+001
 3.68382222e+001
 4.04917757e+001
 4.98134240e+001
 6.27243803e+001
 5.29210439e+001
 3.97922805e+001
 4.55559647e+001
 6.20022303e+001
 5.65034268e+001
 4.34921224e+001
 4.34327877e+001
 4.01272332e+001
 3.88960063e+001
 4.86600985e+001
 4.33776170e+001
 4.85536860e+001
 6.47571034e+001
 4.27193024e+001
 4.81943113e+001
 7.08353178e+001
 7.75247253e+001
 6.45371968e+001
 4.63376159e+001
 4.34367597e+001
 3.42924847e+001
 3.60186508e+001
 4.77566999e+001
 4.78173462e+001
 4.66267073e+001
 3.72509021e+001
 3.50853313e+001
 4.32776783e+001
 3.74576722e+001
 4.05985758e+001
 3.78797359e+001
 3.22007939e+001
 3.83340190e+001
 3.94865271e+001
 2.93993270e+001
 1.87032473e+001
 2.22719035e+001
 2.86919371e+001
 1.76676875e+001
 1.19054225e+001
 1.28620634e+001
 1.48174223e+001
 1.69441616e+001
 2.42638026e+001
 2.50189846e+001
 2.78155661e+001
 4.04090486e+001
 3.78589332e+001
 4.19687319e+001
 5.77658327e+001
 4.71473185e+001
 4.39632615e+001
 5.78574065e+001
 5.80592247e+001
 5.34464510e+001
 7.39415598e+001
 9.52729989e+001
 5.20185321e+001
 3.58493270e+001
 6.29491075e+001
 7.55157083e+001
 4.55350214e+001
 3.74898672e+001
 4.64574530e+001
 5.31250085e+001
 5.95589638e+001
 7.31897133e+001
 7.14784064e+001
 7.94489872e+001
 5.73099017e+001
 4.67449242e+001
 6.84347482e+001
 7.52729255e+001
 6.11240349e+001
 6.50067264e+001
 5.43808112e+001
 4.69136453e+001
 5.42264933e+001
 4.75817461e+001
 4.96194641e+001
 7.07742965e+001
 6.06858781e+001
 5.33059392e+001
 6.14519132e+001
 4.04009165e+001
 4.33211517e+001
 6.14832824e+001
 2.41815856e+001
 2.42023750e+001
 6.01756097e+001
 6.82911475e+001
 5.37125313e+001
 4.02841717e+001
 5.18424607e+001
 5.96284393e+001
 4.57950735e+001
 4.97319071e+001
 9.63237154e+001
 1.14549967e+002
 8.61468127e+001
 7.30908185e+001
 6.43755074e+001
 6.11277798e+001
 7.00195725e+001
 6.87040936e+001
 6.96442331e+001
 1.03034714e+002
 8.57758342e+001
 6.12842462e+001
 7.38946070e+001
 1.18391273e+002
 1.03137268e+002
 3.64339340e+001
 2.70123685e+001
 3.55921815e+001
 5.04973730e+001
 7.34660056e+001
 1.12554716e+002
 9.90068590e+001
 5.73961457e+001
 6.18841628e+001
 6.56845981e+001
 6.28635626e+001
 5.96628274e+001
 4.82172929e+001
 5.45847956e+001
 7.56434524e+001
 7.06808860e+001
 5.34488012e+001
 5.89522712e+001
 5.68436226e+001
 4.67753620e+001
 6.14000238e+001
 7.64523973e+001
 6.34689668e+001
 7.23209022e+001
 8.59315014e+001
 6.21046551e+001
 6.45998160e+001
 6.67691861e+001
 4.88630307e+001
 5.75036140e+001
 7.02254301e+001
 6.13493470e+001
 7.90894027e+001
 1.19942996e+002
 9.67820248e+001
 6.70330843e+001
 6.24739810e+001
 8.17024441e+001
 8.77429016e+001
 7.65631384e+001
 8.62976516e+001
 9.88434890e+001
 6.52321587e+001
 5.13265149e+001
 7.53122970e+001
 9.40893017e+001
 1.03640391e+002
 7.13011845e+001
 6.69911823e+001
 7.30599223e+001
 7.28558136e+001
 5.98378755e+001
 5.48820380e+001
 8.25210917e+001
 7.05766814e+001
 5.70297844e+001
 6.94562687e+001
 5.56789698e+001
 6.87783785e+001
 7.68961628e+001
 5.64550562e+001
 5.03267523e+001
 2.48015149e+001
 2.64230941e+001
 5.76358596e+001
 4.88622659e+001
 3.69825701e+001
 5.57121397e+001
 6.99060847e+001
 4.92663373e+001
 3.65015468e+001
 3.48871434e+001
 3.46536708e+001
 4.40766745e+001
 4.74946314e+001
 2.50284107e+001
 2.75004403e+001
 4.24178940e+001
 4.02606458e+001
 4.52330923e+001
 3.95191526e+001
 3.73408755e+001
 3.36240407e+001
 4.62479113e+001
 4.76819000e+001
 4.06298914e+001
 3.93148285e+001
 3.49943461e+001
 4.53091897e+001
 6.55901705e+001
 5.46285070e+001
 4.95759515e+001
 9.49333421e+001
 6.66111154e+001
 3.30513055e+001
 3.12464743e+001
 3.34975540e+001
 2.34569810e+001
 2.53887307e+001
 4.93819281e+001
 6.27769245e+001
 5.61037268e+001
 5.23413173e+001
 5.72624597e+001
 4.41056633e+001
 3.30385728e+001
 5.22707463e+001
 6.31993794e+001
 4.91346655e+001
 4.78971421e+001
 4.48278567e+001
 5.47141176e+001
 6.47813392e+001
 7.79942912e+001
 7.22919766e+001
 7.70012575e+001
 9.29416524e+001
 8.80205440e+001
 1.12800095e+002
 9.82736057e+001
 7.30451505e+001
 9.03058552e+001
 1.47897423e+002
 1.48599111e+002
 1.09794845e+002
 1.13835784e+002
 1.06907632e+002
 7.92332401e+001
 1.02745311e+002
 7.36087830e+001
 4.70283654e+001
 7.52013788e+001
 6.10424720e+001
 6.56520021e+001
 1.08014050e+002
 6.51447655e+001
 7.43863925e+001
 9.56645296e+001
 1.05449554e+002
 1.01962337e+002
 6.87873698e+001
 6.85133681e+001
 5.69961742e+001
 4.40962819e+001
 4.27808648e+001
 5.90918255e+001
 6.71657699e+001
 8.05081867e+001
 9.05133446e+001
 1.01633022e+002
 9.29874684e+001
 7.72174148e+001
 9.14701040e+001
 5.92786558e+001
 8.29691562e+001
 1.34826830e+002
 9.69420031e+001
 9.39810580e+001
 8.16799647e+001
 5.88500785e+001
 7.39156498e+001
 6.64623246e+001
 7.05237052e+001
 1.12953390e+002
 1.03488997e+002
 7.51736735e+001
 5.77711218e+001
 5.33488564e+001
 5.27453883e+001
 8.12189088e+001
 1.24611380e+002
 1.11334114e+002
 1.02696487e+002
 1.05910618e+002
 9.67588034e+001
 1.03179952e+002
 7.09550044e+001
 1.00143939e+002
 1.25472805e+002
 8.28769459e+001
 9.61990105e+001
 1.11646094e+002
 1.00408343e+002
 9.15807794e+001
 8.33222551e+001
 8.90675928e+001
 1.46595099e+002
 1.31580015e+002
 7.12650896e+001
 5.17639938e+001
 7.76562084e+001
 1.18060126e+002
 1.31421558e+002
 1.48942041e+002
 1.14466187e+002
 9.37644012e+001
 1.34035553e+002
 1.36409607e+002
 1.28127242e+002
 1.42944699e+002
 1.04283712e+002
 1.17731863e+002
 1.86386786e+002
 1.48673603e+002
 1.08814311e+002
 1.37791038e+002
 1.73240760e+002
 1.32540128e+002
 1.14800891e+002
 1.39806862e+002
 1.27783938e+002
 1.29965130e+002
 1.77417496e+002
 1.51523381e+002
 1.25528448e+002
 9.73284139e+001
 9.50628973e+001
 1.98623628e+002
 2.31013527e+002
 1.56763655e+002
 1.62696213e+002
 1.85013712e+002
 2.17107658e+002
 2.44056753e+002
 1.85272285e+002
 1.69691298e+002
 1.28976191e+002
 1.36587826e+002
 1.98384015e+002
 1.60849039e+002
 1.27834645e+002
 1.39918876e+002
 1.90311076e+002
 2.15364695e+002
 2.01494864e+002
 2.46325806e+002
 1.59921356e+002
 9.57227900e+001
 1.83709668e+002
 2.42606905e+002
 1.61546508e+002
 1.62602498e+002
 1.43316627e+002
 1.16384562e+002
 1.54398713e+002
 1.89385522e+002
 1.93382064e+002
 1.23157058e+002
 1.29177562e+002
 1.58389715e+002
 1.25377548e+002
 1.50924972e+002
 1.65674207e+002
 1.78979726e+002
 2.01183835e+002
 2.65768655e+002
 2.16295698e+002
 1.98895565e+002
 1.86238953e+002
 1.59124136e+002
 1.72198791e+002
 1.53808951e+002
 1.63440160e+002
 1.43334228e+002
 1.45835409e+002
 1.81638461e+002
 1.91808474e+002
 2.02137894e+002
 1.72419167e+002
 1.67757875e+002
 2.32427194e+002
 2.61380754e+002
 2.62144584e+002
 2.56907601e+002
 2.96806430e+002
 3.05287647e+002
 3.83528874e+002
 3.67096583e+002
 2.51533872e+002
 1.99833213e+002
 1.43242532e+002
 1.24167087e+002
 1.57123683e+002
 1.96964612e+002
 1.59531774e+002
 2.47436404e+002
 3.37634653e+002
 1.86250155e+002
 1.27409435e+002
 1.67228800e+002
 2.36319775e+002
 1.51839585e+002
 1.11159348e+002
 1.01626500e+002
 1.52027410e+002
 1.60941685e+002
 8.11751793e+001
 1.38123666e+002
 2.21126955e+002
 1.89379662e+002
 1.51811349e+002
 1.34506988e+002
 1.62336650e+002
 1.85713965e+002
 3.01432492e+002
 3.49607096e+002
 1.79014374e+002
 1.65675472e+002
 1.74380152e+002
 1.84803472e+002
 2.76601207e+002
 2.00796817e+002
 1.60143528e+002
 2.72459190e+002
 4.27834205e+002
 2.63138129e+002
 1.64514468e+002
 1.84800512e+002
 2.61002111e+002
 2.70034613e+002
 1.94038244e+002
 1.81680773e+002
 1.65654923e+002
 1.28394817e+002
 1.30500927e+002
 1.54434834e+002
 1.30549482e+002
 2.00501818e+002
 2.95624657e+002
 1.89114951e+002
 1.53999192e+002
 2.11017206e+002
 2.36317642e+002
 2.03466559e+002
 2.21759356e+002
 3.31468570e+002
 4.12966410e+002
 2.92635264e+002
 4.03965930e+002
 5.29781348e+002
 4.62438316e+002
 3.17678485e+002
 2.15221549e+002
 3.69371215e+002
 6.58690981e+002
 9.05714352e+002
 4.97799413e+002
 2.84310323e+002
 3.51779800e+002
 3.86102330e+002
 3.26973594e+002
 3.14753204e+002
 3.98018578e+002
 3.18193856e+002
 3.92548644e+002
 4.99182986e+002
 3.09726738e+002
 3.08401940e+002
 3.73120888e+002
 4.39429949e+002
 6.30692118e+002
 4.57265240e+002
 3.04371867e+002
 3.66283812e+002
 3.75918390e+002
 2.66680767e+002
 2.69587091e+002
 4.52256043e+002
 6.07155469e+002
 6.78471674e+002
 7.80468336e+002
 5.50526051e+002
 5.78972488e+002
 6.84620568e+002
 5.69585076e+002
 6.13841128e+002
 4.33795958e+002
 2.79961634e+002
 3.02856958e+002
 2.37502727e+002
 3.28116382e+002
 7.21195526e+002
 7.77229237e+002
 4.42330692e+002
 4.37753330e+002
 5.41618932e+002
 4.11307026e+002
 4.62069283e+002
 5.61702798e+002
 6.54706405e+002
 4.55535186e+002
 4.78994074e+002
 5.79366946e+002
