 2.57646707e+006
 1.93998903e+006
 1.59356729e+006
 1.85723423e+006
 1.60555941e+006
 9.68964680e+005
 8.36107240e+005
 6.45717282e+003
 5.34851762e+005
 4.10312501e+005
 4.44393540e+005
 4.60639898e+005
 5.56697162e+005
 8.76736834e+005
 1.10705262e+006
 9.49332445e+005
 1.02671898e+006
 1.37161416e+006
 1.96249875e+006
 2.61668627e+006
 3.14320764e+006
 3.39494142e+006
 3.62188745e+006
 NaN
 1.76370603e+005
 NaN
 1.53243104e+005
 NaN
 NaN
 NaN
 NaN
 NaN
 NaN
 NaN
 NaN
 NaN
 NaN
 NaN
 2.61232322e+005
 NaN
 NaN
 NaN
 3.20913677e+006
 2.54495045e+006
 3.80720719e+006
 NaN
 3.54052208e+006
 NaN
 NaN
 NaN
 NaN
 4.06896215e+006
 NaN
 1.79131870e+005
 NaN
 3.51755449e+006
 2.64748522e+006
 2.31953499e+006
 2.39271889e+006
 2.90514772e+006
 2.75912248e+006
 3.19394979e+006
 NaN
 NaN
 NaN
 NaN
 NaN
 NaN
 NaN
 NaN
 NaN
 NaN
 8.29679438e+005
 NaN
 NaN
 NaN
 NaN
 7.08962963e+005
 NaN
 NaN
 NaN
 NaN
 NaN
 NaN
 NaN
 NaN
 1.06129969e+006
 NaN
 NaN
 NaN
 NaN
 NaN
 NaN
 NaN
 NaN
 NaN
 NaN
 NaN
 NaN
 6.93058782e+005
 NaN
 NaN
 NaN
 NaN
 NaN
 NaN
 NaN
 NaN
 NaN
 NaN
 NaN
 NaN
 NaN
 NaN
 NaN
 NaN
 NaN
 NaN
 3.09975405e+005
 NaN
 NaN
 NaN
 NaN
 NaN
 NaN
 NaN
 NaN
 NaN
 7.20735905e+005
 NaN
 NaN
 NaN
 NaN
 NaN
 NaN
 NaN
 NaN
 NaN
 NaN
 NaN
 NaN
 NaN
 NaN
 NaN
 2.09145705e+005
 3.50913262e+006
 2.53425520e+006
 2.69606758e+006
 4.01389868e+006
 NaN
 3.47664088e+006
 3.27445354e+006
 NaN
 NaN
 NaN
 NaN
 NaN
 NaN
 NaN
 NaN
 3.96111939e+006
 NaN
 4.03146976e+006
 3.76784811e+006
 NaN
 NaN
 3.06892771e+006
 2.09331343e+006
 1.49067333e+006
 1.39874209e+006
 1.88976539e+006
 1.99176625e+006
 1.54836741e+006
 1.98054506e+006
 2.21391415e+006
 1.42048853e+006
 1.32745070e+006
 1.91127929e+006
 2.42718768e+006
 2.99864177e+006
 NaN
 1.14488312e+005
 NaN
 NaN
 NaN
 NaN
 NaN
 NaN
 NaN
 4.07225807e+006
 1.50734920e+005
 NaN
 2.12608574e+006
 1.25923236e+006
 9.27502554e+005
 8.83277003e+005
 4.62946027e+005
 2.16831211e+005
 3.53784179e+005
 4.11587691e+005
 5.79985675e+005
 6.10023642e+005
 4.92628272e+005
 6.49169040e+005
 7.10588908e+005
 7.39482240e+005
 8.89225413e+005
 8.51956796e+005
 1.38033470e+006
 2.29250201e+006
 2.93699560e+006
 NaN
 NaN
 NaN
 NaN
 NaN
 NaN
 NaN
 3.41861979e+006
 3.13537005e+006
 3.25533177e+006
 2.89400684e+006
 2.38633433e+006
 1.74911908e+006
 1.47487712e+006
 1.12815310e+006
 1.11131903e+004
 1.47397146e+006
 1.70725512e+006
 2.21240554e+006
 2.09068507e+006
 1.53124981e+006
 1.32660930e+006
 1.29630928e+006
 1.24892934e+006
 1.31106506e+006
 1.46428089e+006
 1.18290401e+006
 1.26067288e+006
 1.45522386e+006
 1.22609832e+006
 1.42457692e+006
 1.55324834e+006
 1.90335636e+006
 2.95142889e+006
 3.88562485e+006
 1.21253008e+005
 3.56058045e+006
 3.72824319e+006
 4.02604054e+006
 NaN
 NaN
 NaN
 NaN
 NaN
 NaN
 2.62579128e+006
 1.37350234e+006
 1.19213064e+006
 1.10204820e+006
 7.42331429e+005
 8.78686937e+005
 9.64019996e+005
 7.90966278e+005
 5.57762396e+005
 7.30119254e+005
 9.14054472e+005
 9.73673455e+005
 1.33328622e+006
 8.26517865e+005
 5.65660351e+005
 7.56800098e+005
 1.11162531e+006
 1.42096673e+006
 1.48888881e+006
 1.82952715e+006
 2.71641762e+006
 3.56157230e+006
 NaN
 3.51130549e+006
 2.97797286e+006
 1.96180443e+006
 1.32255386e+006
 1.14766754e+006
 1.25061071e+006
 1.58079194e+006
 1.92352682e+006
 1.79824621e+006
 1.38270186e+006
 2.02214043e+006
 2.40626668e+006
 1.87473588e+006
 4.59594102e+004
 1.39678928e+006
 1.06604957e+006
 1.15550820e+006
 1.03730874e+006
 8.32648814e+005
 9.08891027e+005
 1.17494012e+006
 1.01384895e+006
 7.06717466e+005
 4.58346841e+005
 2.73498092e+005
 2.32227909e+005
 1.32584314e+005
 3.46268985e+004
 1.02601281e+004
 4.52419056e+003
 1.28672270e+003
 2.53517728e+003
 4.41639866e+002
 2.95340480e+003
 4.66107984e+002
 8.92015303e+003
 1.91716233e+004
 2.18675775e+004
 1.34956119e+004
 5.46675840e+003
 2.05119986e+002
 6.95253383e+003
 3.26542798e+004
 1.00276749e+005
 1.46408543e+005
 1.04849679e+005
 7.23002643e+004
 4.33436646e+004
 2.38832906e+004
 5.48523269e+004
 4.53604710e+004
 3.40276928e+004
 5.34771299e+004
 3.95774094e+004
 4.28567635e+004
 5.50732557e+004
 9.63399148e+004
 1.49603205e+005
 1.23118318e+005
 1.32920909e+005
 1.46858643e+005
 9.01136142e+004
 1.70788330e+004
 1.95952258e+003
 5.28069864e+002
 8.87133148e+003
 1.42671664e+004
 3.03355147e+004
 2.86437816e+004
 1.37651790e+004
 7.85019958e+003
 3.77152990e+003
 1.00517280e+003
 1.97284253e+002
 2.68878505e+003
 7.94841228e+002
 1.21830638e+002
 5.58403211e+002
 1.92938631e+003
 5.11723812e+003
 1.05889002e+005
 1.13414069e+003
 4.68760779e+002
 7.99223128e+001
 1.79343240e+003
 2.56378975e+003
 3.04413587e+003
 1.45535360e+003
 7.76141201e+001
 3.41215418e+003
 1.00060133e+004
 2.23092167e+003
 8.71481659e+001
 2.88976428e+003
 2.32133918e+004
 4.88172799e+004
 1.02397284e+005
 2.03684171e+005
 5.74845160e+003
 2.14074435e+005
 2.84298714e+005
 2.68310883e+005
 2.12479170e+005
 1.49425416e+005
 6.47943240e+004
 3.17914344e+004
 1.06069765e+005
 8.03294782e+004
 8.47494219e+004
 1.16699767e+005
 1.10342849e+005
 1.04548450e+005
 1.68293328e+005
 3.11754191e+005
 3.62151555e+005
 4.10901111e+005
 5.95288174e+005
 8.84761012e+005
 1.25839272e+006
 2.26343604e+004
 1.14926035e+006
 1.21080792e+006
 1.07003870e+006
 9.39235835e+005
 1.01012366e+006
 8.70669903e+005
 6.83881598e+005
 8.67946780e+005
 1.04326423e+006
 7.00391042e+005
 6.42779653e+005
 5.74349748e+005
 3.36040851e+005
 2.16962614e+005
 5.88743359e+004
 4.25506708e+005
 5.51370884e+005
 7.40571716e+005
 9.68128154e+005
 1.02144152e+006
 1.66405774e+006
 2.27477400e+006
 2.53394918e+006
 2.43487664e+006
 3.19761698e+006
 3.37884072e+006
 2.74309033e+006
 2.42936613e+006
 1.53914328e+006
 1.63875846e+006
 1.82077514e+006
 1.23855176e+006
 1.17799996e+006
 1.44495039e+006
 2.94218233e+004
 1.14588460e+006
 8.90765825e+005
 1.35570635e+006
 1.76378406e+006
 1.39482749e+006
 1.26664269e+004
 1.54177493e+006
 1.79529362e+006
 1.95283466e+006
 1.93446300e+006
 1.35861779e+006
 7.90361466e+005
 4.50809785e+005
 9.19287654e+005
 2.98889360e+003
 1.18425366e+006
 1.32157460e+006
 1.54784961e+006
 2.53067346e+006
 3.08522469e+006
 2.39398022e+006
 2.10745118e+006
 1.60268164e+006
 1.18984486e+006
 1.77563843e+004
 1.03607578e+006
 8.91990728e+005
 7.24409616e+005
 5.03568017e+005
 3.02750306e+005
 2.28932119e+003
 3.80056840e+005
 3.33830230e+005
 1.28259142e+005
 3.89319205e+004
 2.25781781e+004
 9.04402186e+002
 7.78575932e+003
 4.51582785e+004
 8.78831975e+004
 1.20239107e+005
 1.62989998e+005
 1.76272117e+005
 2.32153756e+005
 3.21413982e+005
 3.94239690e+005
 4.74226434e+005
 5.67784544e+005
 7.19503951e+005
 8.16916063e+005
 9.49471623e+005
 1.10765832e+006
 1.16371817e+006
 1.31174137e+006
 1.53477769e+006
 1.61206358e+006
 1.58131933e+006
 1.56902750e+006
 1.59472809e+006
 1.79870972e+006
 1.91250893e+006
 1.79438131e+006
 1.68299769e+006
 1.56678178e+006
 1.47817019e+006
 1.45979593e+006
 1.34404394e+006
 1.21377362e+006
 1.10652779e+006
 1.03746629e+006
 9.95871844e+005
 9.61130466e+005
 8.60032512e+005
 7.41508047e+005
 6.87767310e+005
 6.74180525e+005
 6.38589580e+005
 5.92051687e+005
 6.30124285e+005
 6.24449429e+005
 5.92529481e+005
 5.43271400e+005
 5.08051162e+005
 4.89063899e+005
 4.20506220e+005
 4.03420051e+005
 4.69543664e+005
 4.60050703e+005
 4.21847637e+005
 4.32309726e+005
 4.27555242e+005
 4.12842428e+005
 4.09129668e+005
 4.24767728e+005
 3.97807009e+005
 3.59627857e+005
 3.29968285e+005
 3.40074284e+005
 3.56429407e+005
 3.39231164e+005
 3.17728023e+005
 3.14972076e+005
 3.53181625e+005
 3.37623500e+005
 3.17192889e+005
 4.65043686e+005
 3.43799350e+005
 3.64932800e+005
 3.57136381e+005
 5.22003288e+005
 3.24034365e+005
 3.05445281e+005
 3.36168324e+005
 3.66053402e+005
 3.76316020e+005
 3.90115332e+005
 3.67592039e+005
 3.34381044e+005
 3.65896623e+005
 3.61229292e+005
 3.39224486e+005
 3.46116599e+005
 3.32686800e+005
 3.34165033e+005
 3.34554337e+005
 3.40584044e+005
 3.36486275e+005
 3.31895423e+005
 4.86106239e+005
 3.16131118e+005
 3.27696231e+005
 3.19680891e+005
 2.88711586e+005
 4.40825035e+005
 2.90486584e+005
 2.87613609e+005
 2.95124895e+005
 2.71599582e+005
 2.46639815e+005
 2.39534246e+005
 2.47672408e+005
 2.39470147e+005
 2.12951420e+005
 2.09608605e+005
 2.21233378e+005
 2.01522709e+005
 1.77942667e+005
 3.17468229e+005
 1.93874630e+005
 1.86930561e+005
 1.51798578e+005
 2.95838973e+005
 1.44928656e+005
 1.30496056e+005
 1.44574662e+005
 1.28035047e+005
 1.11530514e+005
 1.20419961e+005
 1.09130893e+005
 1.03654091e+005
 9.88739151e+004
 8.67373734e+004
 9.29832311e+004
 9.79750162e+004
 9.07101799e+004
 7.71651229e+004
 7.22332585e+004
 7.42052972e+004
 6.80083734e+004
 7.38261789e+004
 7.07642175e+004
 5.28027883e+004
 4.39803700e+004
 5.09944558e+004
 6.44022979e+004
 5.15882058e+004
 3.94006593e+004
 6.35985930e+004
 7.16025404e+004
 5.26160036e+004
 3.83788758e+004
 3.50752693e+004
 3.39393538e+004
 3.34169938e+004
 2.88235046e+005
 3.73919785e+004
 5.23381994e+004
 4.64391630e+004
 1.81354471e+005
 4.24872734e+004
 4.32405152e+004
 6.64497453e+004
 5.88394384e+004
 4.99292095e+004
 6.45306856e+004
 7.05221650e+004
 5.29136530e+004
 4.44519780e+004
 4.08479234e+004
 3.58725216e+004
 4.61340521e+004
 6.33937050e+004
 5.53704853e+004
 3.87759161e+004
 3.56731036e+004
 2.70034357e+004
 3.02863326e+004
 6.04063049e+004
 7.29301142e+004
 5.29296688e+004
 5.01133184e+004
 4.43752322e+004
 3.44630616e+004
 4.47027822e+004
 5.67778090e+004
 4.91758014e+004
 4.71717021e+004
 5.19988542e+004
 6.27771852e+004
 1.91168700e+005
 5.49219927e+004
 6.08918465e+004
 6.23095561e+004
 6.09194591e+004
 6.28466300e+004
 5.32830262e+004
 5.48655623e+004
 6.36660610e+004
 6.80194452e+004
 8.06187382e+004
 7.46871427e+004
 6.88514111e+004
 7.49491162e+004
 7.95930367e+004
 5.94895770e+004
 6.31664065e+004
 7.74988713e+004
 2.09071292e+005
 6.51930054e+004
 8.00510533e+004
 9.93797523e+004
 7.42956097e+004
 6.98276240e+004
 6.74085453e+004
 8.31847953e+004
 1.02205567e+005
 8.85784238e+004
 7.68022324e+004
 7.96784141e+004
 8.03731216e+004
 9.52969322e+004
 9.02508976e+004
 8.66749039e+004
 8.79317671e+004
 7.31154676e+004
 7.51023086e+004
 6.96461265e+004
 7.84622376e+004
 8.65095191e+004
 8.53934851e+004
 9.02813721e+004
 9.06713905e+004
 9.39099768e+004
 1.04366164e+005
 1.23941260e+005
 1.19442129e+005
 1.04973916e+005
 1.00658350e+005
 8.49729605e+004
 1.00416175e+005
 1.17574223e+005
 1.13216981e+005
 1.11672797e+005
 1.12294733e+005
 1.14416884e+005
 9.73732023e+004
 8.45825702e+004
 8.95958899e+004
 8.62600416e+004
 8.08138101e+004
 9.77109957e+004
 1.15362694e+005
 1.11911117e+005
 9.42392438e+004
 8.67933634e+004
 1.03359742e+005
 1.20978027e+005
 1.18286679e+005
 1.12391502e+005
 1.15362376e+005
 1.32753767e+005
 1.45080320e+005
 1.41120965e+005
 1.46815648e+005
 1.54359615e+005
 1.57103958e+005
 1.66834238e+005
 1.71838290e+005
 1.65501322e+005
 1.61901993e+005
 1.61110446e+005
 1.60890220e+005
 1.70421369e+005
 1.82152977e+005
 1.93273067e+005
 2.01370767e+005
 1.99383365e+005
 1.82426544e+005
 1.92002909e+005
 2.15187479e+005
 2.24284888e+005
 2.44253077e+005
 2.52430850e+005
 2.50155450e+005
 2.38013164e+005
 2.53602015e+005
 2.95844837e+005
 4.37721688e+005
 2.90130985e+005
 3.01038036e+005
 2.83754153e+005
 2.90850811e+005
 3.10548720e+005
 4.80055586e+005
 3.11156147e+005
 3.30367744e+005
 3.50248445e+005
 3.58115450e+005
 3.80165141e+005
 4.13081595e+005
 4.03720177e+005
 3.88056696e+005
 4.20406731e+005
 4.39612668e+005
 4.62315731e+005
 4.57723995e+005
 4.46415252e+005
 4.72482559e+005
 4.91641506e+005
 4.77622229e+005
 4.64382323e+005
 4.81462166e+005
 5.00253627e+005
 5.19573897e+005
 7.13771386e+005
 5.08460413e+005
 5.12103803e+005
 5.45414406e+005
 5.85257875e+005
 7.57029124e+005
 6.11607007e+005
 6.18049045e+005
 6.19884273e+005
 6.82179155e+005
 6.92308041e+005
 6.42420158e+005
 8.18277195e+005
 6.79467592e+005
 6.83239308e+005
 6.72010187e+005
 6.86797064e+005
 7.29494733e+005
 7.84106061e+005
 9.72063125e+005
 7.68711711e+005
 7.75505761e+005
 7.00350469e+005
 6.65637985e+005
 7.41340502e+005
 7.73487470e+005
 7.55925792e+005
 7.73276226e+005
 7.94062245e+005
 7.91815428e+005
 8.21053845e+005
 8.41571135e+005
 8.04075623e+005
 7.71813249e+005
 7.48232740e+005
 7.50528541e+005
 7.97816417e+005
 8.29269166e+005
 8.14997058e+005
 8.20823882e+005
 8.69989973e+005
 8.65149516e+005
 7.99992153e+005
 1.01863341e+006
 8.36597076e+005
 1.02559550e+006
 8.37375622e+005
 8.49628769e+005
 8.46370312e+005
 8.16296638e+005
 8.41273623e+005
 8.56679881e+005
 8.67989095e+005
 8.97515787e+005
 8.77459676e+005
 8.86386163e+005
 9.41505724e+005
 9.64713658e+005
 1.03031846e+006
 1.14973375e+006
 1.11939483e+006
 1.07138030e+006
 1.09399984e+006
 1.03544918e+006
 1.06503113e+006
 1.16051996e+006
 1.17278066e+006
 1.12987271e+006
 1.12603678e+006
 1.18107596e+006
 1.39790774e+006
 1.14963807e+006
 1.15763604e+006
 1.20685842e+006
 1.21672987e+006
 1.16852117e+006
 1.15443527e+006
 1.27632844e+006
 1.26236746e+006
 1.14097857e+006
 1.07766605e+006
 1.28581996e+006
 1.14410977e+006
 1.11849941e+006
 1.08310411e+006
 1.05606456e+006
 1.00333954e+006
 1.02644951e+006
 1.04703162e+006
 1.00566144e+006
 9.46952941e+005
 8.98393164e+005
 8.68430063e+005
 9.09992970e+005
 1.11461315e+006
 8.35221530e+005
 8.04966207e+005
 7.74915041e+005
 8.02330676e+005
 8.44854976e+005
 7.75347688e+005
 7.29409661e+005
 7.80053490e+005
 7.63843990e+005
 7.21796016e+005
 7.28171669e+005
 7.21439596e+005
 7.60302181e+005
 7.33854128e+005
 7.12370066e+005
 7.19688668e+005
 6.89155021e+005
 8.61947115e+005
 6.80416711e+005
 6.72817203e+005
 6.49560501e+005
 6.53592800e+005
 6.67200415e+005
 6.59586101e+005
 6.67515711e+005
 6.94369977e+005
 6.78224437e+005
 6.38330748e+005
 6.26742327e+005
 7.95393379e+005
 6.45434997e+005
 6.51585072e+005
 6.48471697e+005
 6.82539246e+005
 6.79330738e+005
 6.12621590e+005
 8.02545610e+005
 6.22275194e+005
 6.43290035e+005
 6.76638203e+005
 6.49597794e+005
 6.41700874e+005
 6.51376126e+005
 6.69682842e+005
 6.63716536e+005
 6.96924532e+005
 7.30689416e+005
 6.66864107e+005
 6.85702056e+005
 7.05566713e+005
 6.43789290e+005
 6.53844387e+005
 7.24715218e+005
 7.70059848e+005
 7.12788508e+005
 6.67617085e+005
 6.99809512e+005
 7.50488030e+005
 7.88260394e+005
 7.38672859e+005
 7.01095664e+005
 7.04629130e+005
 7.23395167e+005
 7.62422275e+005
 7.75393312e+005
 8.09013559e+005
 7.86876513e+005
 7.32997743e+005
 7.68290226e+005
 8.29871583e+005
 8.49552220e+005
 8.40378106e+005
 7.88189163e+005
 8.01132576e+005
 8.25332470e+005
 7.75299712e+005
 8.05206376e+005
 1.00508997e+006
 7.77422978e+005
 8.10647277e+005
 8.44870313e+005
 8.20881193e+005
 7.65717829e+005
 7.86782899e+005
 7.93093327e+005
 7.67807706e+005
 7.78302564e+005
 7.61062082e+005
 9.43771402e+005
 7.88631292e+005
 7.44676616e+005
 7.20273938e+005
 7.36425322e+005
 7.43287142e+005
 7.82266860e+005
 7.45877421e+005
 7.41911780e+005
 8.06690685e+005
 7.73419283e+005
 7.55861431e+005
 7.46666710e+005
 6.95428946e+005
 7.01877820e+005
 7.17580341e+005
 6.72656427e+005
 6.68129510e+005
 6.64195966e+005
 6.70295186e+005
 6.78398795e+005
 6.44515150e+005
 6.16887680e+005
 5.90978506e+005
 6.05258844e+005
 6.15485830e+005
 6.02988099e+005
 5.79224761e+005
 5.73928986e+005
 5.86364284e+005
 6.07510669e+005
 6.23283216e+005
 5.78555720e+005
 7.41511052e+005
 5.70335457e+005
 5.12684646e+005
 4.99829723e+005
 4.90608452e+005
 4.83923199e+005
 4.76904035e+005
 4.70612595e+005
 4.83015243e+005
 4.89654786e+005
 4.62709502e+005
 4.32985258e+005
 4.66447750e+005
 4.50273437e+005
 3.93903416e+005
 4.13588152e+005
 4.35899162e+005
 4.38035365e+005
 4.26094788e+005
 3.80388388e+005
 3.71392013e+005
 3.89339122e+005
 3.78390045e+005
 3.89176709e+005
 3.95461257e+005
 3.67788812e+005
 3.51843716e+005
 3.55977115e+005
 3.75953846e+005
 3.81703245e+005
 3.69248352e+005
 3.45241435e+005
 3.34276761e+005
 3.44240674e+005
 3.46357053e+005
 3.42815802e+005
 3.35381646e+005
 3.16310662e+005
 3.12628204e+005
 3.15037093e+005
 3.02001511e+005
 3.14111955e+005
 3.05299492e+005
 2.86449419e+005
 2.90007315e+005
 2.85404997e+005
 2.80979056e+005
 2.69693017e+005
 2.61500812e+005
 2.71154488e+005
 2.82271251e+005
 2.58634651e+005
 2.53247011e+005
 2.60497645e+005
 2.54016816e+005
 2.55807750e+005
 2.42332248e+005
 2.39018674e+005
 2.46547545e+005
 2.37701332e+005
 2.28611999e+005
 2.15325618e+005
 2.04033300e+005
 2.01203449e+005
 1.78249084e+005
 1.86730747e+005
 2.22053965e+005
 2.16234197e+005
 1.99078789e+005
 2.04955533e+005
 1.90742981e+005
 1.81216143e+005
 1.95083146e+005
 1.87514618e+005
 1.91802698e+005
 1.82532035e+005
 1.49877791e+005
 1.40470272e+005
 1.61984395e+005
 1.57784657e+005
 1.30688667e+005
 1.39163440e+005
 1.63787346e+005
 1.54081794e+005
 1.35171672e+005
 1.48601956e+005
 1.51406448e+005
 1.33844356e+005
 1.26618536e+005
 1.23740818e+005
 1.35727652e+005
 1.37778340e+005
 1.17373072e+005
 2.51026796e+005
 1.17939469e+005
 1.09486914e+005
 1.10979024e+005
 1.03092855e+005
 8.63980132e+004
 2.49471161e+005
 7.32199115e+004
 5.74376011e+004
 1.86627124e+005
 6.25969720e+004
 7.21008482e+004
 7.38057983e+004
 7.08504764e+004
 6.13603695e+004
 5.53932745e+004
 6.20656500e+004
 5.80650648e+004
 1.89406637e+005
 6.71715618e+004
 5.84983143e+004
 5.63569276e+004
 6.42285615e+004
 5.41166355e+004
 4.51391548e+004
 1.70108031e+005
 3.80040655e+004
 2.95340239e+004
 2.77006718e+004
 3.21307693e+004
 3.70020436e+004
 4.22398403e+004
 3.64503356e+004
 2.20897986e+004
 1.34611487e+005
 2.43559873e+004
 1.95106516e+004
 1.62373239e+004
 2.39504771e+004
 2.19284370e+004
 3.86579997e+005
 1.63375171e+004
 1.37492751e+004
 1.89470803e+004
 1.27550891e+004
 1.42939801e+004
 9.65625650e+003
 1.99936159e+003
 1.16948822e+005
 2.60976676e+003
 6.28794010e+002
 6.03590147e+001
 2.00274688e+002
 3.16982564e+003
 6.37494091e+003
 1.11409695e+005
 6.94869067e+003
 3.21455586e+005
 3.96208339e+003
 1.10565801e+003
 1.11295088e+002
 1.01610085e+003
 9.37682439e+004
 6.69714401e+002
 1.98455072e+002
 1.23112709e+002
 8.29919217e+001
 7.61834058e+001
 2.28977340e+002
 8.71828156e+004
 6.32866907e+002
 5.32046041e+003
 3.94439572e+002
 1.71154506e+003
 6.58138371e+002
 8.36830936e+001
 5.51274603e+002
 2.02114803e+003
 3.34963059e+003
 7.00426109e+002
 8.09566979e+003
 2.06878860e+004
 2.92895783e+003
 1.92231863e+003
 4.99025807e+003
 8.22702853e+002
 1.97331092e+003
 4.95405736e+003
 6.72793348e+004
 2.56687424e+003
 2.19476690e+003
 5.57448337e+003
 1.34815531e+004
 1.25438480e+004
 1.04624224e+004
 1.62885283e+004
 7.91884169e+004
 2.09427284e+004
 2.26188558e+004
 8.16583490e+003
 6.99717816e+003
 9.20562214e+003
 3.66842044e+003
 2.70605073e+003
 2.93631756e+003
 4.95539856e+003
 1.70577333e+004
 2.35615510e+004
 2.54361616e+004
 4.50741668e+004
 2.10545381e+004
 8.87691887e+003
 2.15495230e+004
 4.66221792e+004
 1.49207493e+004
 1.59238823e+004
 1.70638546e+004
 3.44440487e+004
 4.37858071e+004
 2.07169282e+004
 1.30823390e+004
 3.17590198e+004
 4.41203172e+004
 3.42482566e+004
 3.60413518e+004
 2.11565279e+004
 1.16393942e+004
 1.67618102e+004
 4.77335265e+004
 1.77773535e+004
 4.70947719e+004
 4.18471470e+004
 2.90627457e+004
 2.74733418e+004
 1.66926133e+004
 2.18249254e+004
 3.49823361e+004
 4.39360808e+004
 2.54967910e+004
 3.27105807e+004
 5.37423860e+004
 4.80662256e+004
 3.23223903e+004
 1.84945448e+004
 2.98651793e+004
 4.22214068e+004
 3.93842346e+004
 4.43916986e+004
 7.11090944e+004
 9.37899881e+004
 2.01428449e+004
 6.03668796e+004
 5.53002119e+004
 7.16537792e+004
 2.77515676e+004
 3.55833275e+004
 5.67463647e+004
 5.10905701e+004
 7.16284065e+004
 8.02397644e+004
 7.17655196e+004
 4.04361663e+004
 5.07483950e+004
 4.60858963e+004
 3.65905079e+004
 4.87848084e+004
 6.34129529e+004
 5.46583939e+004
 3.26571270e+004
 3.58510938e+004
 4.70342961e+006
 5.40930087e+005
 5.35967455e+005
 5.33809714e+005
 5.35334376e+005
 5.36191741e+005
 5.35987707e+005
 5.36497847e+005
 5.36680080e+005
 5.36217438e+005
 5.35812791e+005
 5.36320688e+005
 5.36607454e+005
 5.36191000e+005
 5.35930660e+005
 5.36362171e+005
 5.36311764e+005
 5.36498322e+005
 5.36823751e+005
 5.36560872e+005
 5.36388111e+005
 5.36020290e+005
 5.36138790e+005
 5.35254796e+005
 5.35129493e+005
 5.36537443e+005
 5.36949871e+005
 5.37055640e+005
 5.36847915e+005
 5.37139264e+005
 5.37526531e+005
 5.37242537e+005
 5.36480459e+005
 5.36175917e+005
 5.36628290e+005
 5.36902476e+005
 5.36527484e+005
 5.44297219e+005
 5.36720540e+005
 5.35553561e+005
 5.35986994e+005
 5.37081654e+005
 5.36575228e+005
 5.36746595e+005
 5.37204592e+005
 5.36555230e+005
 5.36102237e+005
 5.36789862e+005
 5.37437972e+005
 5.36972453e+005
 5.36860991e+005
 5.37033803e+005
 5.36648786e+005
 5.36697747e+005
 5.36281327e+005
 5.44712066e+005
 5.35113123e+005
 5.34604906e+005
 5.36076477e+005
 5.36277352e+005
 5.36880417e+005
 5.37275568e+005
 5.36777118e+005
 5.36546392e+005
 5.37139561e+005
 5.36744338e+005
 5.36376166e+005
 5.36749756e+005
 5.36553479e+005
 5.36971773e+005
 5.37405757e+005
 5.37358243e+005
 5.35969278e+005
 5.35731030e+005
 5.36543694e+005
 5.44203867e+005
 5.37524219e+005
 5.38002980e+005
 5.37970823e+005
 5.37383097e+005
 5.37104454e+005
 5.37161814e+005
 5.37190468e+005
 5.37669389e+005
 5.37609926e+005
 5.37426077e+005
 5.37717883e+005
 5.43190612e+005
 5.36939400e+005
 5.45044410e+005
 5.37052803e+005
 5.35787318e+005
 5.36760063e+005
 5.37703413e+005
 5.37316005e+005
 5.37469734e+005
 5.37431446e+005
 5.36900736e+005
 5.36675103e+005
 5.37294047e+005
 5.37570962e+005
 5.36937780e+005
 5.36597357e+005
 5.37082345e+005
 5.35980933e+005
 5.35178878e+005
 5.36232936e+005
 5.40303635e+005
 5.36131847e+005
 5.36402203e+005
 5.37020435e+005
 5.36481868e+005
 5.35633958e+005
 5.36625777e+005
 5.44788439e+005
 5.36252577e+005
 5.37038706e+005
 5.45022312e+005
 5.36504717e+005
 5.36397801e+005
 5.36381148e+005
 5.36022712e+005
 5.44208478e+005
 5.36837646e+005
 5.36652829e+005
 5.36115549e+005
 5.36194308e+005
 5.36219555e+005
 5.35368594e+005
 5.43402023e+005
 5.36323217e+005
 5.36573745e+005
 5.36721309e+005
 5.36342386e+005
 5.36491345e+005
 5.36969639e+005
 5.36916866e+005
 5.36525480e+005
 5.36110258e+005
 5.35664197e+005
 5.35326232e+005
 5.34791247e+005
 5.35707511e+005
 5.36633229e+005
 5.36156403e+005
 5.36658053e+005
 5.36947161e+005
 5.36610198e+005
 5.35276936e+005
 5.35709506e+005
 5.36609258e+005
 5.36332036e+005
 5.36421286e+005
 5.36585420e+005
 5.36654585e+005
 5.36366489e+005
 5.36915633e+005
 5.37147911e+005
 5.35905798e+005
 5.35305550e+005
 5.36142995e+005
 5.36647207e+005
 5.36575315e+005
 5.36641700e+005
 5.36342498e+005
 5.35798434e+005
 5.44329374e+005
 5.35276461e+005
 5.35303079e+005
 5.36814747e+005
 5.37232436e+005
 5.36483672e+005
 5.44790804e+005
 5.36613820e+005
 5.36480981e+005
 5.34971799e+005
 5.35431090e+005
 5.36851453e+005
 5.36607183e+005
 5.36398867e+005
 5.36310391e+005
 5.36255652e+005
 5.40406409e+005
 6.98528887e+005
 8.63352805e+004
 1.95648145e+003
 2.07247745e+005
 1.07303273e+005
 1.41695437e+005
 1.55447060e+005
 1.20354603e+005
 2.41055587e+004
 1.23597189e+005
 1.50962703e+005
 1.47944635e+005
 1.02005497e+005
 1.65390329e+005
 1.86479137e+005
 1.61852875e+005
 1.98575096e+005
 3.14477291e+004
 1.84489558e+005
 2.09026855e+005
 1.67072861e+005
 9.63804563e+004
 1.10631941e+005
 1.35552916e+005
 1.44269097e+005
 1.58639567e+005
 1.53073903e+005
 1.49170945e+005
 1.64439060e+005
 1.72405927e+005
 1.59992055e+005
 1.68061384e+005
 1.98259658e+005
 1.71160267e+005
 1.77220609e+005
 1.96222372e+005
 1.45380683e+005
 9.29130175e+004
 1.00951412e+005
 1.26459457e+005
 1.32476992e+005
 1.59393110e+005
 1.92033743e+005
 2.20709784e+005
 1.99915818e+005
 9.35676868e+003
 1.71806828e+005
 1.24628542e+005
 1.53359669e+005
 2.20269709e+005
 1.85840458e+005
 1.53641860e+005
 1.42618685e+005
 1.06977846e+005
 1.46015462e+005
 2.03544907e+005
 1.94653937e+005
 2.18675070e+005
 2.44839436e+005
 7.17999857e+003
 2.58201110e+005
 2.92553872e+005
 2.76793781e+005
 2.54637687e+005
 2.12444518e+005
 1.56355384e+004
 2.14160487e+005
 1.19201476e+005
 4.22233179e+004
 1.64246969e+005
 2.52542388e+005
 1.83264896e+004
 1.69252767e+005
 2.02153125e+005
 2.66566676e+005
 2.14447213e+005
 1.24819197e+005
 9.38660771e+004
 1.05797072e+005
 1.49576811e+005
 1.79494064e+005
 1.55061574e+005
 1.18271142e+005
 2.11624095e+004
 1.35095571e+005
 1.40316846e+005
 1.51548972e+005
 2.13939937e+005
 1.82298320e+005
 1.26191991e+005
 1.59111996e+005
 1.95176538e+005
 1.84173384e+005
 2.57030259e+005
 2.14153551e+004
 1.99822275e+005
 1.40553552e+005
 1.32205529e+005
 2.14260281e+005
 2.77090736e+005
 2.57332914e+005
 1.88393948e+005
 2.66105199e+005
 3.38632238e+005
 3.98705510e+005
 4.15231800e+005
 4.18806182e+005
 3.95076448e+005
 3.99534789e+005
 3.02047863e+005
 1.54539081e+005
 2.02026100e+005
 2.54237308e+005
 3.12617684e+005
 3.00200926e+005
 3.26422819e+005
 4.75624110e+005
 4.14450354e+005
 3.11220631e+005
 2.50519509e+005
 2.81405829e+005
 2.13541272e+005
 1.42680627e+005
 1.72110373e+005
 2.11437188e+005
 2.68015701e+005
 1.52755303e+004
 1.99870521e+005
 2.17307881e+005
 2.06878240e+005
 2.82813644e+005
 3.53512369e+005
 2.68554200e+005
 2.96384065e+005
 2.54472508e+005
 1.98853694e+005
 2.61560916e+005
 3.57385096e+005
 2.59276665e+005
 2.11575954e+005
 2.84829496e+005
 2.47802839e+005
 2.26957424e+005
 2.76662426e+005
 3.00471860e+005
 3.24478644e+005
 3.46324219e+005
 3.08303143e+005
 2.72755311e+005
 2.94369418e+005
 2.86537784e+005
 2.65760666e+005
 2.37050903e+005
 2.48104321e+005
 2.55373537e+005
 2.26639952e+005
 2.98631772e+005
 3.40689158e+005
 2.25895159e+005
 2.48264900e+005
 2.85445631e+005
 2.32660923e+005
 2.52513377e+005
 2.87587205e+005
 2.85102113e+005
 3.46592374e+005
 3.97788091e+005
 3.71291081e+005
 3.13228053e+005
 2.79089124e+005
 2.58072973e+005
 2.54145591e+005
 2.80374425e+005
 2.89897653e+005
 2.85106134e+005
 2.86243895e+005
 3.49806510e+005
 3.72559840e+005
 4.04275718e+005
 3.87242888e+005
 3.23266409e+005
 3.73550165e+005
 4.01957162e+005
 3.54601710e+005
 2.70869466e+005
 2.60149549e+005
 2.41291391e+005
 2.40487859e+005
 3.49418452e+005
 1.20414454e+004
 2.57481462e+005
 7.77400367e+003
 3.15362412e+005
 2.92367010e+005
 2.78260889e+005
 3.79655311e+005
 3.00176072e+005
 2.64198946e+005
 2.87174005e+005
 2.66107672e+005
 2.87289791e+005
 2.20988473e+005
 1.86910021e+005
 7.90435736e+003
 2.11326865e+005
 2.69300930e+005
 2.58877079e+005
 2.24421318e+005
 2.12666135e+005
 1.72392593e+005
 2.30711579e+005
 3.71568512e+005
 1.77771366e+005
 1.33459469e+005
 2.88385038e+005
 3.35191321e+005
 2.02275802e+005
 1.65677677e+005
 2.46592240e+005
 2.03753374e+005
 2.37480532e+005
 2.80521841e+005
 2.06318529e+005
 1.76978055e+005
 2.12263796e+005
 2.39930709e+005
 1.64948114e+005
 2.33574789e+005
 3.49621544e+005
 2.19466311e+005
 1.53448554e+005
 1.76973522e+005
 2.02738925e+005
 2.31276913e+005
 2.95990831e+005
 3.13257622e+005
 3.16762005e+005
 3.05198673e+005
 2.46429754e+005
 2.12025560e+005
 1.64950333e+005
 1.84474844e+005
 1.73376203e+005
 1.62494977e+005
 2.05089881e+005
 2.12799812e+005
 1.94747726e+005
 1.90644106e+005
 2.20992128e+005
 2.43095814e+005
 1.73898811e+005
 1.59822223e+005
 1.88698770e+005
 1.40729956e+005
 1.63714698e+005
 1.82012782e+005
 1.58239083e+005
 1.23071580e+005
 1.30649210e+005
 1.76174252e+005
 2.00783456e+005
 1.98123861e+005
 1.72286043e+005
 2.56241803e+005
 2.85553151e+005
 2.76806607e+005
 3.03453960e+005
 2.67622160e+005
 3.08294766e+003
 2.93912938e+005
 3.18123293e+003
 2.41357772e+005
 2.25398259e+005
 2.69860476e+005
 2.79299940e+005
 2.29736518e+005
 2.70407488e+005
 2.88899879e+005
 2.35157573e+005
 2.07015950e+005
 1.17572657e+004
 2.52748199e+005
 2.64676816e+005
 2.00891400e+005
 2.13566872e+005
 2.47799887e+005
 2.56290233e+005
 2.42254315e+005
 1.89843128e+005
 8.41032590e+003
 1.71268489e+005
 1.37523159e+005
 1.77030274e+005
 1.97098932e+005
 2.29975895e+005
 2.10806974e+005
 1.62613442e+005
 2.13253271e+005
 2.25907288e+005
 2.55521512e+005
 2.21853723e+005
 3.01517501e+005
 3.52986675e+005
 2.81570131e+005
 3.19000916e+005
 2.87592139e+005
 1.90592024e+005
 1.56940418e+005
 1.74637990e+005
 2.01056849e+005
 2.36653633e+005
 1.90166615e+005
 1.67318817e+005
 1.20872823e+005
 1.49448695e+005
 3.10683930e+005
 4.12825214e+005
 3.75681670e+005
 3.97114061e+005
 3.72423463e+005
 2.49935312e+005
 2.82729861e+005
 2.66592038e+005
 2.20995698e+005
 2.65008492e+005
 1.99215953e+005
 1.86813322e+005
 3.35871324e+005
 3.70477154e+005
 2.47932017e+005
 1.96378769e+005
 2.56329816e+005
 3.35060099e+003
 2.46704895e+005
 2.32788164e+005
 1.22977080e+005
 2.34936193e+004
 1.89548186e+005
 2.23223581e+005
 2.00980196e+005
 3.32801066e+005
 4.51125194e+005
 2.29879228e+005
 2.76424933e+005
 1.07050760e+004
 2.08596532e+005
 3.05769783e+005
 1.97259350e+005
 1.63317843e+005
 1.82016521e+005
 2.02234752e+005
 3.23468576e+005
 2.21585743e+005
 2.09935939e+005
 3.20331452e+005
 2.80402019e+005
 1.92123712e+005
 2.05507798e+005
 2.30611051e+005
 2.40371789e+005
 1.58180506e+005
 1.44473855e+005
 2.80211147e+005
 2.07207171e+005
 1.73560247e+005
 1.98025481e+005
 2.43353944e+005
 2.35812367e+005
 1.89316569e+005
 2.00945468e+005
 1.84887612e+005
 1.88299417e+005
 2.48149179e+005
 2.30614756e+005
 2.27300144e+005
 1.68212960e+005
 1.43026378e+005
 1.74180734e+005
 1.29466510e+005
 1.62787596e+005
 2.23844226e+005
 5.03622390e+003
 2.49787847e+005
 1.88264073e+005
 1.58180857e+005
 2.22410846e+005
 2.59150154e+005
 2.45718224e+005
 2.17902888e+005
 2.98159331e+005
 2.12916658e+003
 2.54628736e+005
 2.23443089e+005
 2.59790252e+005
 4.40873276e+005
 4.97942075e+005
 3.07664722e+005
 2.56588305e+005
 3.69739778e+005
 3.97083478e+005
 3.70628619e+005
 2.69541616e+005
 2.47030915e+005
 3.23713908e+005
 3.00470113e+005
 2.69944042e+005
 2.95145942e+005
 2.76931905e+005
 3.13136312e+005
 1.67345160e+003
 3.12580632e+005
 3.33716342e+005
 2.78072209e+005
 3.26887503e+005
 2.61783642e+005
 1.95226900e+005
 2.62169657e+005
 1.98075883e+005
 2.25964681e+005
 3.27641927e+005
 2.75654205e+005
 2.64561946e+005
 2.87380712e+005
 3.35342997e+005
 2.67144410e+005
 2.91333538e+005
 3.37799898e+005
 4.08720462e+005
 4.65141032e+005
 2.99369183e+005
 2.35072944e+005
 2.15598413e+005
 2.46961773e+005
 4.02747794e+003
 2.91613218e+005
 2.80568357e+005
 4.12424016e+003
 4.02399141e+005
 3.68851190e+005
 2.78426017e+005
 3.09755170e+005
 4.45384347e+005
 4.17264586e+005
 4.22057842e+002
 3.77172641e+005
 2.53166531e+005
 5.97053711e+003
 3.87581549e+005
 4.60087865e+005
 3.78932390e+005
 2.99960864e+005
 2.51729306e+005
 2.29407847e+005
 2.59859794e+005
 2.61954930e+005
 2.47996291e+005
 3.15264498e+005
 3.94735206e+005
 4.10111439e+005
 3.43187245e+005
 2.47344475e+005
 2.65361605e+005
 3.09532297e+005
 2.52238126e+003
 2.98556936e+005
 3.78924192e+005
 3.43362544e+005
 2.28378790e+005
 2.95477515e+005
 5.68771487e+005
 7.79750196e+005
 3.21196026e+002
 6.72860173e+005
 5.33156293e+005
 6.40967760e+005
 6.81014740e+005
 6.92957361e+005
 6.59286627e+005
 7.11483585e+005
 8.54870014e+005
 6.70049700e+005
 1.53634234e+004
 8.81144588e+005
 7.65286690e+005
 5.09637259e+003
 8.51669554e+005
 6.21729753e+005
 9.04078481e+005
 9.86693227e+005
 6.73876260e+005
 7.63703030e+005
 2.87050746e+005
 6.37675218e+005
 1.15858628e+003
 6.32632560e+005
 6.52062627e+005
 6.23010520e+005
 6.60017172e+005
 7.21316529e+005
 6.35689862e+005
 8.13726875e+005
 7.55209706e+005
 6.22884761e+005
 5.72438241e+005
 4.90533266e+005
 6.86410718e+005
 7.38416018e+005
 6.41371771e+005
 4.80396050e+003
 8.39892044e+005
 6.59836772e+005
 4.07711523e+005
 5.31564958e+005
 5.03002097e+005
 5.30271995e+005
 5.15396450e+005
 4.76043241e+005
 6.71910106e+005
 7.61733599e+005
 8.12866483e+005
 6.68579746e+005
 4.81306835e+005
 4.35791606e+005
 5.20611505e+005
 5.85251559e+005
 4.34011587e+005
 5.48606835e+005
 6.01459262e+005
 6.20445174e+005
 7.25306325e+005
 6.54747478e+005
 6.14844162e+005
 5.69207991e+005
 4.24358283e+005
 5.86975538e+001
 7.45237404e+005
 6.17683026e+005
 4.71462311e+005
 5.20317049e+005
 5.58987131e+005
 5.20177601e+005
 4.78402539e+005
 6.36840081e+005
 5.42875617e+002
 5.38582274e+005
 5.22608677e+002
 3.85826035e+005
 6.23311839e+002
 4.70843714e+005
 4.34839645e+005
 3.99213689e+005
 4.14954274e+005
 4.83916265e+005
 4.60244456e+005
 3.91845044e+005
 4.82243974e+005
 5.73421938e+005
 4.74849002e+005
 5.29797442e+005
 5.77609389e+005
 6.02645844e+005
 6.24947131e+005
 5.20887257e+005
 6.44431651e+001
 4.97662824e+005
 4.35788066e+005
 4.48215965e+005
 6.45027715e+005
 8.40855571e+005
 6.04206807e+005
 5.42163837e+005
 7.06130800e+005
 6.61845248e+005
 5.48463485e+005
 5.67810960e+005
 7.44974416e+005
 6.95309068e+005
 4.30798529e+005
 8.21702699e+002
 5.77308664e+005
 8.52865867e+002
 4.33068200e+005
 5.04290612e+005
 5.87424372e+005
 5.68571070e+005
 4.10895780e+005
 4.46593468e+005
 6.40953975e+005
 4.77266713e+005
 4.02532774e+005
 2.12856855e+002
 4.91249063e+005
 5.39843221e+005
 6.00498151e+005
 6.80765817e+005
 4.01021543e+005
 3.69394693e+005
 3.42447349e+005
 3.31516369e+005
 4.58716553e+005
 5.93569519e+005
 7.61589524e+005
 6.20813251e+005
 5.99920526e+005
 7.14239636e+005
 2.05356101e+003
 8.31959590e+005
 7.49298294e+005
 6.80495976e+005
 7.38927554e+005
 5.92160418e+005
 5.60734000e+005
 6.37435742e+005
 8.88466502e+005
 1.08473611e+006
 9.76609416e+005
 7.68735653e+005
 6.90030920e+005
 9.03150822e+005
 6.94921034e+005
 2.59756966e+003
 9.08884274e+005
 7.48134696e+005
 2.60537005e+003
 7.89644119e+005
 6.97454706e+005
 6.82692273e+005
 8.61348149e+005
 2.86451769e+003
 7.14709505e+005
 2.51517044e+003
 9.15034643e+005
 6.98030314e+005
 5.95521134e+005
 7.86594071e+005
 9.13143219e+005
 9.51989271e+005
 9.14101707e+005
 8.09539646e+005
 7.35014605e+005
 7.48785866e+005
 8.10033886e+005
 9.10559170e+005
 7.14690602e+005
 6.91826651e+005
 7.58310116e+005
 6.63776609e+005
 7.06366136e+005
 7.91544051e+005
 7.74210775e+005
 8.56695446e+005
 7.52898012e+005
 6.23019358e+005
 7.65492056e+005
 1.01672032e+006
 1.06827827e+006
 8.96714687e+005
 7.62208684e+005
 5.62502267e+005
 6.25833753e+005
 8.10867177e+005
 7.42513070e+005
 8.28095124e+005
 6.67164620e+005
 7.21420528e+005
 8.81911704e+005
 7.29493038e+005
 3.71154223e+003
 3.77906970e+003
 8.38815016e+005
 7.35340058e+005
 6.91193963e+005
 8.09172809e+005
 9.49020819e+005
 1.05260824e+006
 8.67299937e+005
 6.45226940e+003
 9.46786837e+005
 7.99143940e+005
 8.62967880e+005
 1.26232084e+006
 1.19137856e+006
 8.99647124e+005
 1.81054499e+003
 8.02510656e+005
 9.01921878e+005
 7.90342089e+005
 5.90276017e+005
 6.74926217e+005
 8.37160723e+005
 7.18354548e+005
 7.54492406e+005
 1.12685646e+006
 7.38606873e+005
 6.50424209e+005
 7.67403678e+005
 6.62230056e+005
 7.12401685e+005
 8.11682890e+005
 8.55344128e+005
 9.35481003e+005
 9.19258714e+005
 8.12846675e+005
 1.07132495e+006
 8.84998100e+005
 6.51142894e+005
 7.96484774e+005
 8.14373796e+005
 8.32053397e+005
 7.53102721e+005
 8.88778662e+005
 1.01408493e+006
 8.81279038e+005
 9.05904246e+005
 7.79271689e+005
 7.02957938e+005
 7.83984141e+005
 7.75099804e+005
 5.27589985e+005
 3.48245296e+005
 5.09385822e+005
 9.11435453e+005
 1.63920461e+002
 7.28747655e+005
 9.06765810e+005
 9.58625678e+005
 8.38504676e+005
 9.37979921e+005
 8.36288368e+005
 9.28410084e+005
 6.89512827e+005
 3.61353952e+005
 4.61403907e+005
 9.06912906e+005
 7.98110017e+005
 5.51616631e+005
 8.68614624e+005
 6.50004347e+005
 3.71529720e+005
 3.84382801e+003
 4.25830679e+005
 4.98559062e+005
 4.10220428e+005
 5.12277713e+005
 5.66664705e+005
 5.60316307e+005
 6.34844815e+005
 7.53827352e+005
 7.89274179e+005
 7.46127544e+005
 8.92609499e+005
 7.64089778e+005
 5.27713298e+005
 5.99087040e+005
 7.82377063e+005
 5.39086781e+005
 3.89145449e+002
 7.21225360e+005
 4.83187199e+005
 4.12234726e+005
 3.19711649e+005
 7.72011831e+005
 6.39559855e+005
 5.79916420e+005
 6.94473501e+005
 7.44460510e+005
 7.71323207e+005
 7.24425932e+005
 6.21358012e+005
 7.13959874e+005
 5.98904562e+002
 6.27831095e+005
 6.97502408e+005
 6.93390916e+005
 5.79334042e+005
 5.44219142e+005
 6.30492958e+005
 6.09636658e+005
 5.96108501e+005
 6.75819182e+005
 7.29695566e+005
 6.69224992e+005
 5.96151455e+005
 6.31628169e+005
 7.67917974e+005
 7.51314367e+005
 7.23504484e+005
 7.51936322e+005
 5.72055375e+005
 2.27887250e+003
 7.09672097e+005
 5.39871736e+005
 4.11064787e+005
 4.62879509e+005
 6.10184220e+005
 6.43356873e+005
 5.78784393e+005
 8.39275187e+002
 6.27009845e+005
 5.94915353e+005
 4.87276289e+005
 3.41395180e+005
 3.65792705e+005
 5.69410060e+005
 6.34557611e+005
 4.74311031e+005
 3.42239211e+005
 5.06043106e+005
 6.39454767e+005
 5.80667437e+005
 6.37322896e+005
 5.40733929e+005
 4.63798353e+005
 5.03356715e+005
 4.83757475e+005
 5.70269226e+005
 5.90843624e+005
 4.48155797e+005
 3.35659696e+005
 4.27219921e+005
 5.80314783e+005
 5.06308913e+005
 4.99834986e+005
 4.92676593e+005
 9.52415773e+004
 5.20117788e+005
 6.69679571e+005
 5.41871746e+005
 3.53991934e+005
 3.79297639e+005
 4.21344938e+005
 9.19660458e+001
 4.77323758e+005
 5.11702460e+005
 5.34881647e+005
 4.95349152e+005
 4.37832998e+005
 5.00098244e+005
 4.16900811e+005
 3.62862897e+005
 4.14951662e+005
 2.94741009e+005
 2.49323281e+005
 4.18018980e+005
 5.97156896e+005
 5.03073772e+005
 3.25473378e+005
 4.27020421e+005
 5.67863119e+005
 4.04025881e+005
 3.30856627e+005
 3.59650383e+005
 4.67482139e+005
 5.64666425e+005
 4.71564312e+005
 3.12248930e+005
 3.76776847e+005
 4.72045888e+005
 5.70812788e+005
 6.41323363e+005
 5.19687920e+005
 5.41957344e+005
 4.63283507e+005
 3.84823980e+005
 5.25964197e+005
 7.57693681e+005
 6.93345829e+005
 5.75824928e+005
 4.97604794e+005
 5.39377354e+005
 6.10925390e+005
 4.41118820e+005
 3.50430278e+005
 1.07279589e+004
 3.48118742e+005
 5.05314772e+005
 1.08796289e+002
 4.63217189e+005
 3.42798169e+005
 4.03299015e+005
 6.01750424e+005
 8.27481135e+001
 4.49266696e+005
 2.92292240e+005
 4.50850211e+005
 6.14504438e+005
 5.32986507e+005
 4.50241159e+005
 3.56945992e+005
 3.20516040e+005
 3.90625232e+005
 4.24046649e+005
 3.70916969e+005
 4.10197166e+005
 3.94468190e+005
 3.98384212e+005
 5.31017613e+005
 6.30096866e+005
 5.86957267e+005
 4.37223924e+005
 3.70881758e+005
 3.55800233e+005
 4.66199633e+005
 4.88966651e+005
 3.88210697e+005
 4.03495176e+005
 3.81290020e+005
 3.18598764e+005
 3.29112992e+005
 3.75746494e+005
 6.38245463e+002
 5.30751073e+005
 2.40256267e+002
 4.61263565e+005
 4.84516677e+005
 3.93625447e+005
 5.23665977e+005
 6.00988470e+005
 3.75417350e+005
 4.59472967e+005
 5.22875601e+005
 6.79918887e+005
 8.05293539e+005
 5.62267730e+005
 6.73308234e+005
 4.74467563e+005
 3.71853926e+005
 3.97916722e+005
 3.64670025e+005
 4.94210526e+005
 5.73369645e+001
 4.05746648e+005
 3.85320111e+005
 3.68645724e+005
 4.39646971e+005
 5.25928952e+005
 5.77835663e+005
 5.03369102e+005
 3.93992723e+005
 3.44516181e+005
 4.36352340e+005
 6.54935788e+005
 5.53508960e+005
 5.36972214e+005
 6.35989824e+005
 6.99232539e+005
 5.33355975e+005
 5.50949737e+005
 4.31377957e+005
 4.63036162e+005
 4.83802860e+005
 4.63705980e+005
 5.45660425e+005
 4.76726581e+005
 4.41120159e+005
 4.10513124e+005
 4.34316741e+002
 5.29905826e+005
 1.05389643e+002
 4.69627396e+005
 7.05789441e+001
 7.07133434e+005
 7.44687223e+005
 6.30581539e+005
 6.66574428e+005
 6.78623754e+005
 6.68693595e+005
 6.83499229e+005
 8.49113223e+005
 6.65668675e+005
 4.28849823e+005
 4.41604721e+005
 4.75921547e+005
 5.34155796e+005
 5.10484444e+005
 5.03122340e+005
 5.66723401e+005
 5.33879741e+005
 5.29505216e+005
 4.72826794e+005
 5.63814151e+005
 7.80448076e+005
 6.84913738e+005
 4.96619548e+005
 4.12977705e+005
 4.87723320e+005
 6.25189556e+005
 5.68032425e+005
 4.40166424e+005
 4.23370660e+005
 5.18340098e+005
 4.23652597e+005
 3.42801245e+005
 4.13819417e+005
 4.01447154e+005
 4.56122641e+005
 4.13604224e+005
 3.76992497e+005
 6.02893150e+005
 6.49924811e+005
 5.39675138e+005
 4.78792088e+005
 5.26472852e+005
 6.87187743e+005
 8.42923638e+005
 7.10911543e+005
 3.83144352e+005
 3.30831535e+005
 5.10639326e+005
 5.53181115e+005
 5.10978969e+005
 4.62435412e+005
 4.87880702e+005
 4.34423064e+005
 4.55783513e+005
 5.89194418e+005
 5.08723654e+005
 8.95340773e+003
 5.48490466e+005
 4.99784703e+005
 4.54176900e+005
 5.00197866e+005
 5.89749070e+005
 5.67961789e+001
 5.53892938e+005
 5.00427066e+005
 4.55249243e+005
 3.68820367e+005
 1.11311188e+003
 4.59135439e+005
 5.46252438e+005
 5.16268515e+005
 5.84273215e+005
 6.73428680e+005
 5.81305310e+005
 6.94348739e+005
 6.32323582e+005
 5.41214582e+005
 6.19359590e+005
 1.46637479e+003
 6.21285210e+005
 5.34978522e+005
 3.80626820e+005
 4.47247701e+005
 5.85485667e+005
 5.09784166e+005
 4.83306729e+005
 5.46918033e+005
 4.47746170e+005
 3.77740716e+005
 5.00849347e+005
 6.03141003e+005
 6.61320630e+005
 7.43008340e+005
 7.02432769e+005
 6.22596329e+005
 4.57753907e+005
 3.10014574e+005
 3.87510506e+005
 6.91700977e+005
 2.31597866e+003
 4.99696398e+005
 5.34728639e+005
 4.91957272e+005
 5.60262298e+005
 5.29105192e+005
 4.52678726e+002
 7.32139893e+005
 6.54541892e+005
 4.44602989e+005
 1.01643668e+002
 6.03051241e+005
 6.74786594e+005
 7.00129544e+005
 8.45781149e+005
 5.49078517e+005
 2.96296625e+002
 9.59035469e+005
 6.70226011e+005
 4.23116736e+005
 4.74786714e+005
 5.32079573e+005
 5.48255955e+005
 5.24839218e+005
 4.96920100e+005
 3.47035903e+005
 9.95293530e+002
 4.20750572e+005
 4.47703425e+005
 4.14650431e+005
 2.58485209e+005
 2.90727883e+005
 4.29294493e+005
 3.69525487e+002
 4.53653418e+005
 3.32188512e+005
 3.90357057e+005
 5.52597406e+005
 4.49505466e+005
 4.11941954e+005
 5.58530233e+005
 1.16665065e+003
 3.41553552e+005
 3.81783908e+005
 4.23501152e+005
 3.79582936e+005
 4.49683219e+005
 4.78717409e+005
 3.98137883e+005
 4.22571128e+005
 4.60803373e+005
 4.03490989e+005
 4.32470432e+005
 4.91798674e+005
 5.45322054e+005
 4.99638750e+005
 3.38930902e+005
 3.78759744e+005
 4.54235325e+005
 3.76237222e+005
 3.89476580e+005
 4.37955946e+005
 5.91701909e+005
 6.95901539e+005
 6.55699604e+005
 6.72528294e+005
 6.22016532e+005
 4.57699393e+005
 4.14167397e+005
 4.44638308e+005
 5.10858325e+005
 4.90340824e+005
 4.22955554e+005
 4.56810344e+005
 4.12822172e+005
 3.81091055e+005
 4.82318941e+005
 3.56022800e+005
 4.63021549e+005
 4.92628160e+005
 4.77244450e+005
 4.20937420e+005
 4.42455540e+005
 4.73591109e+005
 4.11123733e+005
 4.62096428e+005
 6.06220863e+005
 7.27480070e+005
 5.09895158e+005
 3.44871790e+005
 4.78472203e+005
 7.25940510e+005
 6.53383527e+005
 4.04776749e+005
 3.62228231e+002
 5.23852766e+005
 4.73100658e+005
 4.28962569e+005
 4.52768442e+005
 5.47018838e+005
 4.98312480e+005
 4.13495033e+005
 5.79563956e+005
 6.10527333e+005
 5.82111039e+005
 5.74861035e+005
 4.42080932e+005
 5.89141762e+001
 5.57825448e+005
 5.81173103e+005
 5.52286779e+005
 5.75428071e+005
 5.25117437e+005
 5.87999163e+005
 9.02670675e+005
 6.61499152e+005
 4.68604083e+005
 6.28164523e+005
 4.96788433e+005
 5.76071542e+005
 6.89332429e+005
 5.09668946e+005
 5.43766084e+005
 4.15392286e+005
 3.53685775e+005
 5.38681590e+005
 4.96997610e+005
 4.17291077e+005
 5.52349861e+005
 5.95713506e+005
 5.45134684e+005
 5.33699032e+005
 5.59402881e+005
 6.55875506e+005
 6.80884344e+005
 4.80001067e+005
 3.28655346e+005
 2.70568074e+003
 3.73183319e+005
 3.43503185e+005
 3.21724604e+005
 3.43235871e+005
 4.93106965e+005
 4.36926150e+005
 3.44374532e+005
 3.89545007e+005
 3.34042401e+005
 3.55454009e+005
 3.43294698e+005
 3.02554773e+005
 4.23317128e+005
 4.08462980e+005
 3.49059151e+005
 3.12594893e+005
 3.37413679e+005
 3.71659080e+005
 3.34706863e+005
 3.13314327e+005
 2.61949394e+005
 2.95762401e+005
 3.53421641e+005
 3.31118212e+005
 2.66674654e+005
 2.97158291e+005
 4.70046044e+005
 4.46854549e+005
 2.42088765e+005
 2.86943114e+005
 4.30281842e+005
 6.91202139e+002
 4.23336620e+005
 4.14353533e+005
 4.07617031e+005
 3.89720857e+005
 4.79209189e+005
 3.82579991e+005
 3.13495239e+005
 3.73505868e+005
 3.49879693e+005
 3.43790801e+005
 4.40498347e+005
 4.11485696e+005
 4.31651921e+005
 4.11646762e+005
 3.05869748e+005
 3.21676279e+005
 3.07245328e+005
 3.00457697e+005
 2.98667680e+005
 3.39270228e+005
 2.84983175e+005
 2.38450201e+005
 2.74521733e+005
 2.09037016e+005
 1.79399151e+005
 2.27224866e+005
 2.09614002e+005
 1.81163247e+005
 1.94316327e+005
 1.88204869e+005
 2.67621223e+005
 3.09292194e+005
 2.79089274e+005
 3.12302418e+005
 2.71024321e+005
 2.96530858e+005
 2.95682652e+005
 2.63754428e+005
 2.84372246e+005
 2.66086395e+005
 3.02582043e+005
 3.73068491e+005
 3.34508521e+005
 3.22888923e+005
 2.53504412e+005
 2.40962012e+005
 2.89394181e+005
 3.36350261e+005
 1.07245714e+003
 2.45325058e+005
 5.26970142e+003
 2.57739147e+005
 2.60828481e+005
 2.19734033e+005
 2.01564307e+005
 2.79954308e+005
 2.79489056e+003
 2.55229847e+005
 2.27969061e+005
 1.80758396e+005
 2.00099612e+005
 1.91311750e+005
 2.45621776e+005
 2.58398174e+005
 2.05165422e+005
 1.32166310e+004
 1.99581073e+005
 2.14773698e+005
 7.16380212e+003
 1.68584998e+005
 1.51564885e+005
 2.14401838e+005
 2.37895643e+005
 2.04430490e+005
 1.62628469e+005
 1.23503917e+005
 1.72119664e+005
 2.81297837e+005
 2.13897572e+005
 1.92157572e+005
 2.24381487e+005
 1.30520081e+005
 3.89660494e+004
 1.87552572e+005
 1.57243796e+005
 1.22714585e+005
 1.38552194e+005
 2.21810843e+005
 2.73799417e+005
 1.28967334e+004
 2.95428918e+005
 1.74640309e+005
 1.44891793e+005
 1.85510863e+005
 8.08180190e+003
 2.10741639e+005
 1.69868675e+005
 1.55528100e+005
 2.12755106e+005
 8.39981784e+003
 1.98542016e+005
 1.67145974e+005
 1.53698476e+005
 1.78657735e+005
 2.40081950e+005
 2.97714860e+005
 2.30309609e+005
 2.17641015e+005
 1.55450267e+005
 1.17995146e+005
 1.36508718e+005
 2.10483458e+005
 2.46361080e+005
 1.76295664e+005
 1.13756061e+005
 1.57703985e+005
 2.41182691e+005
 2.27708330e+005
 1.85207487e+005
 1.28515451e+005
 1.34729346e+004
 1.45111802e+005
 1.26623946e+005
 1.20166465e+005
 1.38303517e+005
 1.71036370e+005
 2.13661578e+005
 3.30981966e+004
 1.54528549e+005
 1.63061656e+005
 1.24873732e+005
 8.98120185e+004
 1.10574719e+005
 9.04651353e+004
 4.99385473e+004
 3.28455933e+004
 1.21486996e+005
 1.86733004e+005
 1.25655209e+005
 1.12070482e+005
 1.78375879e+005
 1.29023619e+005
 2.25907588e+004
 1.48868463e+005
 1.04268706e+005
 8.39703517e+004
 9.99014387e+004
 1.24987633e+005
 9.92123202e+004
 1.06165612e+005
 1.50846134e+005
 1.62559838e+005
 1.45155290e+005
 1.18945291e+005
 9.24905918e+004
 1.31281924e+005
 1.42750093e+005
 1.51675833e+005
 2.08923557e+005
 8.74134359e+003
 2.14784014e+005
 1.74724021e+005
 1.42527704e+005
 1.39340153e+005
 1.53616685e+005
 1.68861791e+005
 1.92052005e+005
 7.37954564e+003
 1.33545338e+005
 5.88601063e+004
 1.12744687e+005
 8.65013401e+004
 1.17683507e+005
 1.27434486e+005
 1.04819517e+005
 1.78786449e+005
 2.44639022e+005
 1.61710756e+005
 1.27018582e+005
 1.48639677e+005
 1.20376720e+004
 1.40572871e+005
 1.48768285e+005
 1.35236865e+005
 1.66626602e+005
 1.38908814e+005
 9.53263476e+004
 1.85629095e+004
 1.10831304e+005
 1.26589500e+005
 1.34649604e+005
 1.47272229e+005
 1.24752850e+005
 1.03288912e+005
 1.20316954e+005
 1.74673590e+005
 1.43420994e+005
 1.17178916e+005
 1.26292358e+005
 1.12633386e+005
 6.36951717e+004
 5.26664083e+004
 9.53136651e+004
 8.51789029e+004
 8.05265723e+004
 1.15202813e+005
 8.95665075e+004
 6.01767502e+004
 6.68652914e+004
 8.08371668e+004
 9.02335770e+004
 9.52008992e+004
 6.69306942e+004
 2.57449030e+004
 4.34884833e+004
 8.57390110e+004
 7.57628583e+004
 8.35427572e+004
 6.39909855e+004
 5.57400345e+004
 1.08709457e+005
 1.52380438e+005
 1.25045612e+005
 9.81161423e+004
 1.02610078e+005
 9.34950868e+004
 4.81451860e+004
 7.20181857e+004
 1.05269086e+005
 7.03814177e+004
 8.28773257e+004
 1.17082421e+005
 1.34612319e+005
 1.04179945e+005
 9.25426134e+004
 2.04576610e+004
 4.54270929e+004
 2.37780459e+004
 3.78606853e+004
 5.61525043e+004
 4.82459963e+004
 4.45808390e+004
 4.54724900e+004
 3.65605652e+004
 2.06001002e+004
 1.77061521e+004
 4.24024016e+004
 5.62857608e+004
 2.64720532e+004
 2.25130547e+004
 4.26245584e+004
 4.72096132e+004
 3.95836630e+004
 4.09632399e+004
 3.31858293e+004
 3.24790543e+004
 3.17236859e+004
 1.46830768e+004
 2.04075191e+004
 3.05406975e+004
 1.63854592e+004
 1.31803771e+004
 1.60915951e+004
 1.50267737e+004
 6.43763601e+003
 7.48196458e+003
 6.97095563e+003
 3.29100513e+003
 9.39185868e+003
 1.43452375e+004
 1.14643143e+004
 4.64856789e+003
 1.01432333e+004
 2.87145468e+004
 4.42882139e+004
 2.12440800e+004
 8.72011332e+003
 6.78859415e+003
 1.34656049e+004
 1.66942370e+004
 7.35565882e+003
 4.91257005e+003
 1.06133173e+003
 9.38843576e+002
 6.65204633e+001
 1.22395795e+005
 5.74066991e+001
 2.19190768e+003
 5.02764979e+003
 1.28674234e+004
 1.44017167e+003
 7.26278478e+003
 4.44547720e+003
 2.09312891e+003
 7.52401925e+004
 1.72528294e+003
 4.14337945e+002
 7.49076304e+002
 7.03530789e+002
 3.72743767e+003
 5.01857004e+003
 2.32745325e+003
 6.58864289e+001
 1.00640295e+002
 1.43796056e+002
 6.31374717e+002
 8.88081674e+003
 1.16382804e+005
 3.57454304e+003
 5.90235867e+003
 8.51125160e+003
 6.92851546e+003
 3.17698631e+003
 2.01843294e+003
 2.53190001e+003
 6.29934773e+003
 1.57725089e+004
 1.83015078e+004
 1.58002345e+004
 4.81351771e+003
 3.95877993e+003
 1.50397753e+004
 1.75590431e+005
 1.25447145e+004
 5.54934712e+003
 2.49167708e+003
 8.25684846e+003
 1.69952384e+004
 1.93133691e+004
 7.75016026e+003
 1.09412161e+005
 1.74141643e+004
 2.05649624e+004
 1.23360472e+004
 1.51510820e+005
 1.82192649e+004
 2.22803315e+004
 1.95843745e+004
 1.84989233e+004
 3.25037045e+004
 3.01368269e+004
 3.03240310e+004
 3.76488768e+004
 3.46594492e+004
 3.34951354e+004
 1.99037663e+004
 2.17519023e+004
 3.37385664e+004
 2.68681077e+004
 2.55116635e+004
 2.94122569e+004
 3.21921731e+004
 3.15006654e+004
 3.32772030e+004
 3.13970060e+004
 2.60294057e+004
 3.62709532e+004
 4.15675460e+004
 1.63291240e+005
 5.10572926e+004
 5.68964428e+004
 5.42086817e+004
 5.74881711e+004
 5.91311045e+004
 4.77873646e+004
 4.14438874e+004
 4.88916975e+004
 5.94321526e+004
 6.24206019e+004
 6.10443239e+004
 4.91623484e+004
 4.04163151e+004
 6.00499154e+004
 1.90001350e+005
 5.40930344e+004
 5.85533573e+004
 5.14535387e+004
 6.95333898e+004
 9.00581554e+004
 8.17008336e+004
 6.92166284e+004
 6.55293053e+004
 5.61611161e+004
 6.28353317e+004
 8.03610750e+004
 8.31914373e+004
 8.55810351e+004
 9.66371827e+004
 1.00757239e+005
 8.38083465e+004
 8.02407462e+004
 7.68831718e+004
 7.05113602e+004
 7.98449469e+004
 9.19262409e+004
 9.96616911e+004
 1.01726454e+005
 9.27796219e+004
 8.32786397e+004
 8.87379411e+004
 1.08210763e+005
 2.42821947e+005
 9.84433069e+004
 1.24117385e+006
 NaN
 NaN
 NaN
 NaN
 NaN
 NaN
 NaN
 NaN
 NaN
 NaN
 NaN
 NaN
 NaN
 4.42096015e+006
 2.18207378e+006
 1.59993955e+006
 1.36734777e+006
 1.41039980e+006
 1.40176416e+006
 1.38659992e+006
 1.46595690e+006
 1.53567944e+006
 1.44814914e+006
 1.38720730e+006
 1.50964586e+006
 1.55550044e+006
 1.50062052e+006
 1.48372603e+006
 1.50165535e+006
 1.53043150e+006
 1.54953054e+006
 1.56960681e+006
 1.56544249e+006
 5.41464549e+005
 5.40304536e+005
 3.85365778e+005
 4.95620425e+005
 4.76756694e+005
 3.39670783e+005
 3.52694577e+005
 3.59642847e+005
 3.61520122e+005
 3.55586526e+005
 3.47208442e+005
 3.56110426e+005
 3.77093713e+005
 3.84619707e+005
 3.72651315e+005
 3.61237822e+005
 3.74282017e+005
 3.82119025e+005
 3.71512378e+005
 3.89341163e+005
 3.91051923e+005
 3.77985679e+005
 3.89178208e+005
 3.96456632e+005
 3.80116211e+005
 3.73711475e+005
 5.35494726e+005
 3.71850289e+005
 3.94250249e+005
 3.98377158e+005
 3.93563799e+005
 4.04596090e+005
 4.03909573e+005
 3.90611080e+005
 4.14345368e+005
 4.39193827e+005
 4.19774450e+005
 4.03075855e+005
 4.14202427e+005
 4.38583766e+005
 4.17944127e+005
 5.71110947e+005
 4.63989266e+005
 6.50654165e+005
 4.34637774e+005
 4.21324797e+005
 4.17199503e+005
 4.34294222e+005
 4.54998676e+005
 4.43940349e+005
 4.30437259e+005
 5.83288798e+005
 4.51176788e+005
 4.73982810e+005
 4.71366569e+005
 4.49194735e+005
 4.51490248e+005
 4.91598059e+005
 4.84003143e+005
 4.53249577e+005
 4.64371952e+005
 4.74671185e+005
 4.51538303e+005
 4.28798570e+005
 4.33769054e+005
 4.50338794e+005
 4.55645976e+005
 4.57151857e+005
 4.49367530e+005
 4.51716135e+005
 4.65404284e+005
 6.23310810e+005
 4.63723972e+005
 4.62974462e+005
 4.67808895e+005
 4.49401203e+005
 4.45467083e+005
 4.74418152e+005
 4.66829713e+005
 6.25840415e+005
 4.70816947e+005
 4.68940841e+005
 4.59401902e+005
 4.23891582e+005
 4.31067235e+005
 4.65118523e+005
 6.43147978e+005
 4.57038120e+005
 4.71872687e+005
 4.73190722e+005
 4.67629458e+005
 4.56390714e+005
 4.39952850e+005
 4.48710883e+005
 4.46239539e+005
 4.51028238e+005
 4.67977334e+005
 4.60302638e+005
 4.55492888e+005
 4.64994235e+005
 4.68185704e+005
 4.72745247e+005
 4.73773193e+005
 4.61145778e+005
 4.76865753e+005
 4.93456857e+005
 4.66201708e+005
 4.54220637e+005
 4.65652628e+005
 4.93656179e+005
 5.39690857e+005
 7.06768665e+005
 5.05372358e+005
 5.00810499e+005
 5.02171598e+005
 5.11123060e+005
 5.43515783e+005
 5.17439507e+005
 5.14356291e+005
 5.26377997e+005
 5.10757168e+005
 4.82237520e+005
 4.70605072e+005
 5.26941440e+005
 6.90747490e+005
 5.09375155e+005
 5.52332448e+005
 5.59832250e+005
 5.42021357e+005
 5.53413568e+005
 5.94351270e+005
 6.04643672e+005
 5.94777118e+005
 6.17814522e+005
 5.79779292e+005
 5.42993731e+005
 5.64354462e+005
 5.57120397e+005
 5.41056541e+005
 5.59446876e+005
 5.82065301e+005
 5.68162737e+005
 5.62392929e+005
 5.42722545e+005
 5.31359441e+005
 5.56257032e+005
 5.77848338e+005
 5.49189495e+005
 7.11486830e+005
 5.95863410e+005
 5.80500744e+005
 5.57832544e+005
 5.62466281e+005
 5.80597757e+005
 6.07492462e+005
 5.96332968e+005
 5.53535555e+005
 5.43568915e+005
 5.66548324e+005
 7.35245858e+005
 5.54175223e+005
 5.35900039e+005
 5.28966911e+005
 5.53352320e+005
 5.75139373e+005
 5.42303808e+005
 5.28755767e+005
 5.54319158e+005
 5.30972840e+005
 5.21028050e+005
 5.03506551e+005
 5.10039362e+005
 5.35311907e+005
 5.30012753e+005
 5.30349143e+005
 5.01087941e+005
 6.62958620e+005
 5.40434514e+005
 5.62814693e+005
 5.24424692e+005
 4.90462893e+005
 5.23751704e+005
 6.97643117e+005
 5.11421320e+005
 5.08997414e+005
 5.25892008e+005
 5.40247929e+005
 4.98636641e+005
 5.07550432e+005
 5.44687360e+005
 5.35708439e+005
 5.26417779e+005
 5.15059027e+005
 5.21287716e+005
 5.04419701e+005
 4.74152746e+005
 4.98453312e+005
 5.23972908e+005
 5.07596930e+005
 4.84427239e+005
 5.14503108e+005
 5.61532142e+005
 7.51162348e+005
 5.15172003e+005
 6.79540038e+005
 5.44249832e+005
 5.22290154e+005
 4.96751141e+005
 4.69816655e+005
 4.78886258e+005
 4.96173295e+005
 5.04749753e+005
 4.95377348e+005
 4.64233170e+005
 6.72179911e+005
 4.79913245e+005
 5.06523887e+005
 5.26323675e+005
 4.98149619e+005
 4.79989136e+005
 4.70393774e+005
 4.77339735e+005
 4.93243562e+005
 4.99577882e+005
 5.08386372e+005
 4.94257251e+005
 4.83714068e+005
 4.90167384e+005
 4.80005422e+005
 4.67842929e+005
 4.64940786e+005
 4.54467435e+005
 4.60040004e+005
 4.62572849e+005
 4.38540428e+005
 4.50606069e+005
 4.59753370e+005
 4.42681862e+005
 4.72257682e+005
 4.65747834e+005
 4.48750493e+005
 4.61090434e+005
 4.34434983e+005
 4.23771579e+005
 4.47162849e+005
 4.43295157e+005
 4.17933543e+005
 3.93591368e+005
 3.88903253e+005
 4.09928933e+005
 4.13258651e+005
 3.97564677e+005
 3.77415496e+005
 3.92319581e+005
 3.98238419e+005
 3.82430312e+005
 5.66584840e+005
 3.81411428e+005
 3.79089927e+005
 3.66410550e+005
 3.41044859e+005
 3.32419499e+005
 3.46054200e+005
 3.54749265e+005
 3.59082283e+005
 3.60392525e+005
 3.66346357e+005
 3.87548413e+005
 4.05729549e+005
 3.85367171e+005
 3.59774525e+005
 3.46648575e+005
 3.41844026e+005
 3.43565467e+005
 3.59646101e+005
 3.45424603e+005
 3.15286827e+005
 2.95531984e+005
 3.03021782e+005
 3.04811654e+005
 3.11472040e+005
 3.32183099e+005
 3.19522338e+005
 3.10629911e+005
 3.02661711e+005
 2.99456389e+005
 6.38300591e+005
 2.87795736e+005
 2.77982090e+005
 2.90289063e+005
 2.94900152e+005
 2.80036952e+005
 4.25923331e+005
 2.79157390e+005
 2.82497104e+005
 2.94747647e+005
 7.54423395e+005
 2.87269700e+005
 2.77158402e+005
 2.80518545e+005
 2.75008523e+005
 2.96112344e+005
 3.03952265e+005
 3.02014622e+005
 3.35249244e+005
 3.54707903e+005
 3.36168092e+005
 3.08270181e+005
 2.96355624e+005
 2.72736610e+005
 2.87389066e+005
 4.68595358e+005
 2.64728404e+005
 2.71536636e+005
 2.94016271e+005
 3.16328336e+005
 2.89744660e+005
 2.78465039e+005
 2.69165559e+005
 4.35268256e+005
 2.68148126e+005
 2.60044017e+005
 2.80914291e+005
 2.85600697e+005
 2.65556495e+005
 2.72847602e+005
 2.84469750e+005
 2.75366297e+005
 2.72442539e+005
 2.60877249e+005
 2.70989997e+005
 2.93494969e+005
 4.50217934e+005
 2.84224682e+005
 2.71703012e+005
 2.67597993e+005
 2.59052548e+005
 2.74269071e+005
 2.88532586e+005
 2.65408729e+005
 4.12451948e+005
 2.79920724e+005
 2.57162521e+005
 2.31042940e+005
 2.45589312e+005
 2.61090327e+005
 2.93285016e+005
 2.96807844e+005
 2.62782561e+005
 2.48332679e+005
 2.64105873e+005
 2.82412866e+005
 2.93858460e+005
 3.03976184e+005
 3.14606409e+005
 3.01137288e+005
 3.04250192e+005
 3.45939433e+005
 3.50463330e+005
 3.39924655e+005
 3.27735885e+005
 3.48792969e+005
 3.56417266e+005
 3.44125288e+005
 3.18812938e+005
 3.11459520e+005
 3.38521799e+005
 3.56218562e+005
 3.38870775e+005
 3.18964598e+005
 3.29886076e+005
 3.20750284e+005
 3.38379032e+005
 3.53612082e+005
 5.06014666e+005
 3.51814393e+005
 3.40642155e+005
 3.67236297e+005
 3.90860909e+005
 3.93192748e+005
 4.00067520e+005
 3.99194564e+005
 4.21659265e+005
 4.24446799e+005
 3.96601111e+005
 3.93846019e+005
 3.94577472e+005
 4.05379057e+005
 3.98960437e+005
 3.72869395e+005
 3.85278632e+005
 3.88519706e+005
 3.61881459e+005
 3.83290367e+005
 4.22410956e+005
 4.06105004e+005
 3.89621229e+005
 4.07954347e+005
 4.27211571e+005
 5.81062702e+005
 4.42359442e+005
 4.64059332e+005
 6.22636890e+005
 4.48970957e+005
 4.27554025e+005
 4.34983423e+005
 4.52244713e+005
 4.58224469e+005
 4.95889036e+005
 5.21632571e+005
 5.44240625e+005
 5.50446271e+005
 5.28828749e+005
 6.92462809e+005
 5.21766910e+005
 5.01278334e+005
 4.95285430e+005
 5.28895755e+005
 5.48048030e+005
 5.43451536e+005
 5.67777112e+005
 5.76870312e+005
 5.75040875e+005
 5.61477289e+005
 5.47206902e+005
 5.50101055e+005
 5.78835202e+005
 5.99503739e+005
 7.80456156e+005
 5.92967151e+005
 5.61039000e+005
 5.73025450e+005
 6.25561266e+005
 6.20805393e+005
 5.94039570e+005
 6.03217902e+005
 5.99901382e+005
 5.87676932e+005
 5.63709143e+005
 5.37086943e+005
 5.60170014e+005
 5.83057010e+005
 5.61522252e+005
 5.84091637e+005
 5.94915902e+005
 5.77744817e+005
 6.14924925e+005
 6.35989113e+005
 6.66039822e+005
 1.19125335e+006
 6.17742053e+005
 6.37141391e+005
 6.94567617e+005
 7.50770920e+005
 7.35642119e+005
 7.04263566e+005
 7.17633267e+005
 7.26620427e+005
 6.88330623e+005
 6.73367403e+005
 6.83742224e+005
 6.82950061e+005
 7.20433667e+005
 7.39349238e+005
 7.47525222e+005
 8.14749846e+005
 8.21858864e+005
 8.40600016e+005
 9.09905911e+005
 8.98738249e+005
 8.91946426e+005
 8.93422254e+005
 9.07888372e+005
 1.00844123e+006
 1.10822775e+006
 1.20161910e+006
 1.47574544e+006
 1.60569417e+006
 1.64313409e+006
 1.85603588e+006
 1.95451633e+006
 1.84863340e+006
 1.75812521e+006
 1.62323128e+006
 1.51831270e+006
 1.63795425e+006
 1.66376640e+006
 1.66902100e+006
 1.69261384e+006
 1.57533264e+006
 1.59727579e+006
 1.70371191e+006
 1.57961905e+006
 1.47705682e+006
 1.62021625e+006
 1.72721357e+006
 1.68424571e+006
 1.43281068e+006
 1.69438465e+006
 1.45131753e+006
 1.27592890e+006
 1.63047816e+006
 1.84084443e+006
 1.73102785e+006
 1.87449226e+006
 1.84568017e+006
 1.70413827e+006
 1.56865109e+006
 1.52053838e+006
 1.45823707e+006
 1.42525971e+006
 1.38291042e+006
 1.29455742e+006
 1.30394185e+006
 1.23591751e+006
 1.09681798e+006
 1.01235832e+006
 1.20724600e+006
 9.48082482e+005
 1.13890179e+006
 1.02827301e+006
 1.01347832e+006
 1.02685417e+006
 1.11344030e+006
 1.12787180e+006
 1.13369379e+006
 1.15932893e+006
 1.06197348e+006
 9.56039897e+005
 9.09074147e+005
 1.10402728e+006
 8.52824305e+005
 8.14666973e+005
 7.65391932e+005
 7.15382314e+005
 7.87251420e+005
 8.20347153e+005
 8.09824498e+005
 8.21114014e+005
 8.08186968e+005
 7.97626463e+005
 7.65358190e+005
 7.05779521e+005
 6.92699622e+005
 7.04180204e+005
 7.22512553e+005
 6.77150045e+005
 6.15690269e+005
 5.57196207e+005
 4.86114772e+005
 4.42306790e+005
 4.12867827e+005
 4.07696772e+005
 4.05384213e+005
 3.71948873e+005
 3.56883072e+005
 3.74646301e+005
 3.65671493e+005
 3.30370612e+005
 3.22948970e+005
 3.44552299e+005
 3.39409174e+005
 2.91341961e+005
 2.80596086e+005
 2.74796688e+005
 2.61539100e+005
 2.84283379e+005
 2.75220260e+005
 2.72117303e+005
 2.71270690e+005
 2.49048868e+005
 2.43483222e+005
 2.39406939e+005
 2.34770277e+005
 2.17334961e+005
 2.10267394e+005
 2.13044598e+005
 2.21541754e+005
 2.31063898e+005
 2.43640653e+005
 2.68211969e+005
 2.55030427e+005
 2.14671561e+005
 1.98579381e+005
 2.07377207e+005
 1.84486317e+005
 1.41352273e+005
 1.55639827e+005
 1.80232043e+005
 1.50978356e+005
 1.35930486e+005
 2.75746251e+005
 1.38723879e+005
 1.50788665e+005
 1.26230302e+005
 8.70856684e+004
 8.22263447e+004
 8.84759003e+004
 7.69504774e+004
 5.87198714e+004
 7.09055902e+004
 8.06121440e+004
 6.02434837e+004
 3.65888858e+004
 3.91880433e+004
 4.43197377e+004
 3.90324587e+004
 6.47916351e+004
 6.80232181e+004
 7.45787421e+004
 1.11049004e+005
 8.95827538e+004
 5.38905585e+004
 1.75373605e+005
 4.59952504e+004
 3.51843872e+004
 3.63224405e+004
 2.03597185e+004
 8.17722842e+003
 1.28970194e+004
 3.55020915e+003
 8.87664361e+002
 9.56991138e+003
 1.45884433e+004
 8.52507555e+003
 2.85068514e+003
 2.02134040e+003
 1.14030189e+003
 9.70484597e+002
 4.30973747e+002
 8.81868161e+002
 1.86340024e+003
 9.24656458e+003
 1.16732087e+005
 6.96724776e+003
 1.92575795e+004
 3.10253165e+004
 2.19467635e+004
 1.74017593e+004
 1.81664700e+004
 2.37239942e+004
 3.21742689e+004
 2.51972873e+004
 1.79197165e+004
 1.32688557e+004
 2.17734283e+004
 3.88817198e+004
 3.59229413e+004
 2.09297797e+004
 1.39218313e+005
 2.46567142e+004
 6.39284951e+003
 7.11737433e+001
 1.73400287e+003
 1.36717768e+004
 2.55214502e+004
 3.04439577e+004
 3.11241132e+004
 2.78790431e+004
 2.49062332e+004
 2.18839661e+004
 2.59218823e+004
 7.36841911e+004
 1.28979313e+005
 1.16729014e+005
 1.01619592e+005
 1.03577860e+005
 1.11312573e+005
 1.33793485e+005
 1.37766504e+005
 1.01604501e+005
 7.81042246e+004
 5.66194429e+004
 2.00863489e+005
 8.88127095e+004
 8.48151831e+004
 8.24152257e+004
 5.82267449e+004
 2.84653939e+004
 4.18776778e+004
 4.83428206e+004
 2.37892279e+004
 4.54817467e+003
 1.00025088e+005
 3.03723628e+003
 2.72282018e+002
 7.26597699e+002
 1.81613752e+003
 1.24000268e+004
 2.99090022e+004
 7.05104680e+004
 1.23300624e+005
 1.43778491e+005
 1.12731840e+005
 4.96173733e+004
 3.44573506e+004
 1.57476856e+004
 1.18923426e+003
 6.15365085e+003
 1.39427415e+004
 4.35446757e+003
 1.70290365e+003
 6.82965568e+003
 4.81352225e+004
 1.14366151e+005
 6.69285582e+004
 3.57325071e+004
 4.21127796e+004
 3.91461116e+004
 2.97623354e+004
 3.14641720e+004
 3.34913938e+004
 3.18782485e+004
 3.56531762e+004
 1.89071332e+004
 2.36486218e+004
 4.99398330e+004
 3.37884161e+004
 4.54425691e+004
 6.62149712e+004
 6.27758742e+004
 5.43556034e+004
 7.11286394e+004
 1.10994040e+005
 7.06563646e+004
 7.10349743e+003
 6.20630166e+004
 5.62300838e+003
 2.37499473e+002
 5.00495396e+003
 2.50167033e+004
 6.39131598e+004
 8.24240635e+004
 6.46489543e+004
 8.26432981e+004
 1.22212371e+005
 5.92511371e+004
 6.75481000e+004
 6.22640369e+004
 1.05062091e+005
 1.26019376e+005
 1.17818479e+005
 1.43653846e+005
 1.82253463e+005
 1.06078409e+005
 5.39551677e+004
 8.82765061e+004
 1.47793598e+005
 1.60703950e+005
 1.44704408e+005
 1.23002904e+005
 1.75042405e+005
 3.08032324e+005
 4.65273553e+005
 4.31968843e+005
 3.52549924e+005
 3.75291740e+005
 3.23018417e+005
 3.43807863e+005
 5.58088555e+005
 4.48383206e+002
 3.67397072e+005
 3.46999315e+005
 3.59917395e+005
 3.28392680e+005
 2.75503139e+005
 2.78347369e+005
 4.23273692e+005
 3.90701660e+005
 3.45790609e+005
 3.88865766e+005
 3.60172873e+005
 4.05618727e+005
 3.46293989e+005
 4.18710411e+005
 6.28507848e+005
 5.79001918e+005
 1.55787460e+003
 5.12679903e+005
 5.87867070e+005
 7.54898218e+005
 6.98009002e+005
 8.47140934e+005
 8.92987863e+005
 8.39545171e+005
 6.69061697e+005
 7.47884123e+005
 1.12920278e+006
 1.29077276e+006
 1.33981673e+006
 1.12202672e+006
 9.55210022e+005
 8.98121703e+005
 8.53278297e+005
 7.36279706e+005
 5.57454480e+005
 4.34410390e+005
 4.58383328e+005
 5.06450119e+005
 5.21831109e+005
 2.73536429e+005
 2.23400293e+005
 3.28162158e+005
 1.64828554e+005
 4.20111190e+004
 1.55594999e+005
 1.41512570e+005
 1.92710980e+005
 1.19769321e+005
 6.61517974e+004
 3.49290943e+004
 2.10898394e+004
 1.28077580e+004
 1.14495055e+004
 2.07828145e+004
 2.99879235e+004
 4.07172209e+004
 5.03738498e+004
 7.48385872e+004
 5.64439143e+004
 4.90808588e+004
 2.82467970e+004
 2.21551032e+004
 2.93297834e+004
 3.86930090e+004
 5.15247489e+004
 9.50622580e+004
 1.29659305e+005
 2.48387354e+004
 1.27075616e+005
 1.77562478e+005
 2.83451075e+005
 2.36628476e+005
 1.90954126e+005
 1.98231085e+005
 1.96524721e+005
 9.80265859e+004
 5.96036008e+004
 4.79370439e+004
 6.00588558e+004
 7.46345326e+004
 3.61861532e+004
 2.02938879e+004
 1.30697774e+004
 1.08252539e+004
 9.04610344e+003
 1.08835383e+004
 2.22004676e+004
 3.86415052e+004
 4.95585260e+004
 5.82192314e+004
 8.78758505e+004
 1.04847434e+005
 8.06801630e+004
 6.06058922e+004
 5.27816075e+004
 3.88052123e+004
 3.52362974e+003
 4.83501133e+002
 2.95935645e+003
 6.16204791e+003
 1.93127477e+004
 3.28298019e+004
 2.60734050e+004
 1.99282866e+004
 1.17888280e+004
 9.60107968e+003
 1.73903300e+003
 7.41629754e+001
 1.55718788e+003
 3.17118273e+003
 5.33567238e+003
 4.00574946e+003
 7.68264424e+003
 1.70662113e+004
 1.99057560e+004
 2.41809166e+004
 1.52266609e+004
 1.12318730e+004
 1.43360820e+004
 1.70976810e+004
 1.66281117e+004
 1.64249183e+004
 2.19297559e+004
 1.76580458e+004
 1.23084677e+004
 7.95119018e+003
 2.63012064e+003
 1.03755927e+005
 5.82878741e+001
 3.67170156e+002
 5.77643293e+001
 6.19857041e+003
 3.17384192e+004
 6.01157819e+004
 3.05734352e+004
 4.01958178e+004
 1.00951225e+005
 2.05868129e+005
 1.66383018e+005
 1.28072012e+005
 9.25395768e+004
 8.26034137e+004
 5.55072350e+004
 1.34987044e+004
 3.32930915e+003
 2.82004368e+002
 6.68039718e+003
 1.58246992e+004
 1.11408906e+004
 9.73906605e+003
 9.86423164e+002
 5.74027365e+001
 1.56899112e+003
 7.98828108e+003
 1.55437309e+004
 8.05596061e+003
 1.05501429e+004
 8.86932857e+003
 3.70979181e+003
 4.86541707e+003
 7.11475017e+003
 1.03915994e+003
 5.71342943e+002
 1.28770127e+003
 9.34328210e+004
 1.99771884e+003
 6.89497219e+002
 4.98596287e+002
 4.03450445e+003
 1.06174765e+004
 2.82360465e+004
 4.46246496e+004
 3.85935019e+004
 3.68852568e+004
 4.79735276e+004
 1.83492779e+005
 5.47436876e+004
 6.70362219e+004
 5.80830324e+004
 7.61280010e+004
 9.60956392e+004
 7.62001337e+004
 6.73184850e+004
 6.50659109e+004
 7.76318095e+004
 8.04541667e+004
 7.29783610e+004
 7.05477833e+004
 5.40246787e+004
 4.38985357e+004
 4.02698430e+004
 3.27809284e+004
 2.74547330e+004
 2.34507210e+004
 2.76897281e+004
 4.11767177e+004
 4.82449043e+004
 5.99626849e+004
 5.78198660e+004
 6.91247098e+004
 8.88616339e+004
 2.19870437e+005
 8.12910687e+004
 5.86400944e+004
 4.77442284e+004
 4.41272728e+004
 2.29385055e+004
 9.30195077e+003
 2.30093286e+003
 1.17358765e+002
 1.42525428e+003
 1.91142487e+004
 2.72885312e+004
 2.01688630e+004
 1.73225226e+004
 8.35758844e+003
 3.43002438e+003
 6.92615805e+004
 2.28978902e+003
 1.37405227e+003
 2.20392492e+003
 1.27359202e+002
 9.77280188e+001
 1.51970199e+003
 1.05386226e+003
 1.91339725e+003
 1.04294680e+004
 1.47207365e+004
 2.38496298e+004
 1.87315504e+004
 9.45246033e+003
 7.61167728e+003
 4.18816013e+003
 1.36162598e+003
 1.04894096e+005
 7.16990239e+002
 1.44349954e+002
 1.45974117e+003
 7.08633501e+004
 2.21128310e+002
 1.03340999e+003
 3.06950220e+003
 3.86422437e+003
 7.55575773e+003
 2.18185123e+004
 1.44123871e+004
 8.42766319e+003
 2.72722827e+004
 4.48068596e+004
 5.64707650e+004
 8.13132209e+004
 9.36441576e+004
 1.42295978e+005
 1.58665796e+005
 1.50925862e+005
 1.36993026e+005
 1.05620431e+005
 1.99198972e+005
 2.53846599e+005
 2.36464018e+005
 2.07920162e+005
 1.48508183e+005
 2.21690738e+005
 3.13125455e+005
 1.81474931e+005
 1.12776239e+005
 1.28583598e+005
 1.26951428e+005
 8.36436832e+004
 3.02315850e+004
 2.26023962e+004
 1.60014956e+004
 3.48390526e+003
 9.22954206e+003
 3.22124364e+004
 6.28348269e+004
 7.45924383e+004
 7.76620206e+004
 1.16634529e+005
 2.10351238e+005
 2.63052732e+005
 2.10554568e+005
 2.25441251e+005
 1.60340387e+005
 9.42031824e+004
 8.21843458e+004
 1.55802849e+005
 1.79043770e+005
 6.97122075e+004
 3.54555276e+004
 1.17660336e+004
 4.66943449e+003
 2.05289861e+003
 1.69268411e+003
 1.05223823e+003
 1.07345011e+002
 1.54197907e+003
 4.10018324e+003
 5.37277797e+002
 3.59864487e+003
 1.80671962e+004
 1.33195718e+004
 1.23850275e+004
 1.65630280e+004
 1.32990437e+004
 1.24008498e+005
 1.21830842e+004
 1.33985069e+004
 1.75205303e+004
 2.60088984e+003
 2.46931678e+003
 6.37310060e+003
 2.06421055e+004
 3.76331191e+004
 4.91507356e+004
 1.13192170e+005
 2.16002969e+005
 1.90113762e+005
 1.82450213e+005
 1.14405879e+005
 7.54849438e+004
 2.59884650e+004
 5.04609867e+004
 4.67876225e+004
 3.20943568e+004
 4.73046613e+004
 2.38602621e+004
 3.73530666e+004
 5.38186331e+004
 5.90749042e+004
 1.03412573e+005
 8.73788059e+004
 7.69514351e+004
 4.48173420e+004
 9.58080974e+003
 3.20519701e+003
 2.19395351e+003
 1.52105956e+002
 3.86095860e+003
 1.53499974e+004
 2.07311292e+005
 1.44061201e+004
 1.49409516e+004
 2.98435683e+004
 4.79122800e+004
 1.74420672e+005
 7.00621519e+004
 2.01384243e+005
 6.57264875e+004
 6.32358687e+004
 5.88709712e+004
 5.05326804e+004
 3.55609106e+004
 5.61378606e+004
 4.76177962e+004
 1.89408467e+004
 1.30529877e+004
 3.68647376e+003
 2.14566824e+003
 2.60750687e+002
 5.52502933e+003
 6.42827234e+004
 8.21048930e+004
 3.87156917e+004
 6.67358315e+004
 1.01297177e+005
 1.10366011e+005
 1.43256343e+005
 2.02412417e+005
 4.74480361e+004
 2.92014841e+005
 4.28537039e+005
 3.57410929e+004
 3.87036488e+005
 3.08057026e+005
 2.68878031e+005
 1.81434676e+005
 1.02884187e+005
 4.36427768e+004
 1.18754975e+004
 2.53142819e+003
 4.06182051e+003
 2.48516210e+003
 1.86671823e+003
 3.21912592e+003
 2.73927350e+002
 1.07980757e+004
 8.39755915e+003
 1.12912685e+004
 5.56463561e+004
 8.41324343e+004
 9.34562684e+004
 1.12916981e+005
 1.39961901e+005
 1.27127197e+005
 9.65709514e+004
 7.86509977e+004
 7.34489705e+004
 6.16929538e+004
 3.40982708e+004
 1.63700644e+004
 7.29607359e+003
 1.46140162e+003
 1.59115644e+005
 4.62758762e+003
 5.74998412e+001
 2.45692571e+002
 2.62726397e+002
 5.32334815e+002
 7.77996428e+003
 1.44348060e+004
 1.87561864e+004
 1.52522243e+004
 1.44231364e+004
 2.12703044e+004
 1.42504548e+004
 2.05481999e+004
 2.99639818e+004
 2.15653134e+004
 4.56209262e+004
 4.31849851e+004
 7.84878668e+004
 1.21874040e+005
 9.87981788e+004
 8.39029333e+004
 1.34012455e+005
 2.42190239e+005
 3.38495274e+005
 4.04390275e+005
 1.08232236e+002
 4.84908765e+005
 9.27876984e+005
 1.16538021e+004
 5.89681731e+005
 4.33818273e+005
 3.90263518e+005
 4.80694967e+005
 2.87223913e+005
 1.23995523e+005
 1.21024802e+005
 1.82138596e+005
 1.70067412e+005
 9.29605784e+004
 3.40552168e+004
 4.96092171e+003
 5.76179517e+002
 1.61034272e+002
 4.97625117e+002
