 1.00012270e-003
 1.00012412e-003
 1.00012774e-003
 1.00013322e-003
 1.00014038e-003
 1.00015018e-003
 1.00016042e-003
 1.00017243e-003
 1.00018867e-003
 1.00020767e-003
 1.00022617e-003
 1.00024478e-003
 1.00026810e-003
 1.00029643e-003
 1.00032505e-003
 1.00035531e-003
 1.00037886e-003
 1.00040667e-003
 1.00045379e-003
 1.00049977e-003
 1.00053147e-003
 1.00055941e-003
 1.00060289e-003
 1.00067549e-003
 1.00071829e-003
 1.00071838e-003
 1.00075958e-003
 1.00080868e-003
 1.00086974e-003
 1.00096569e-003
 1.00104709e-003
 1.00107989e-003
 1.00113874e-003
 1.00120070e-003
 1.00124183e-003
 1.00131272e-003
 1.00141792e-003
 1.00150591e-003
 1.00156581e-003
 1.00164043e-003
 1.00169968e-003
 1.00177640e-003
 1.00186272e-003
 1.00198837e-003
 1.00210099e-003
 1.00217636e-003
 1.00224669e-003
 1.00236453e-003
 1.00244584e-003
 1.00250898e-003
 1.00256003e-003
 1.00268729e-003
 1.00285705e-003
 1.00291829e-003
 1.00302924e-003
 1.00312998e-003
 1.00320310e-003
 1.00326410e-003
 1.00343137e-003
 1.00350254e-003
 1.00350949e-003
 1.00356092e-003
 1.00365203e-003
 1.00388482e-003
 1.00411532e-003
 1.00442578e-003
 1.00455297e-003
 1.00461685e-003
 1.00494720e-003
 1.00499594e-003
 1.00495021e-003
 1.00505579e-003
 1.00509308e-003
 1.00547491e-003
 1.00572006e-003
 1.00570481e-003
 1.00590172e-003
 1.00588270e-003
 1.00608810e-003
 1.00646732e-003
 1.00656444e-003
 1.00670991e-003
 1.00686544e-003
 1.00699740e-003
 1.00725189e-003
 1.00755541e-003
 1.00751743e-003
 1.00747670e-003
 1.00762994e-003
 1.00781956e-003
 1.00824760e-003
 1.00865156e-003
 1.00849584e-003
 1.00853902e-003
 1.00892247e-003
 1.00898815e-003
 1.00919485e-003
 1.00939104e-003
 1.00932322e-003
 1.00958611e-003
 1.01006575e-003
 1.01028979e-003
 1.01051959e-003
 1.01080700e-003
 1.01081233e-003
 1.01089862e-003
 1.01120493e-003
 1.01135347e-003
 1.01181945e-003
 1.01212375e-003
 1.01230554e-003
 1.01250915e-003
 1.01243829e-003
 1.01260406e-003
 1.01278004e-003
 1.01275624e-003
 1.01314378e-003
 1.01341695e-003
 1.01386224e-003
 1.01444021e-003
 1.01526343e-003
 1.01538513e-003
 1.01480357e-003
 1.01505993e-003
 1.01472836e-003
 1.01556192e-003
 1.01608545e-003
 1.01647354e-003
 1.01679007e-003
 1.01637734e-003
 1.01681024e-003
 1.01704475e-003
 1.01722431e-003
 1.01736752e-003
 1.01785372e-003
 1.01764242e-003
 1.01779949e-003
 1.01879071e-003
 1.01922343e-003
 1.01891079e-003
 1.01915618e-003
 1.01961700e-003
 1.02018712e-003
 1.02102906e-003
 1.02104183e-003
 1.02139979e-003
 1.02158878e-003
 1.02155902e-003
 1.02183954e-003
 1.02194576e-003
 1.02245559e-003
 1.02343155e-003
 1.02375947e-003
 1.02428664e-003
 1.02443588e-003
 1.02399779e-003
 1.02397081e-003
 1.02438233e-003
 1.02492297e-003
 1.02491827e-003
 1.02555735e-003
 1.02644619e-003
 1.02708888e-003
 1.02786964e-003
 1.02766018e-003
 1.02762037e-003
 1.02840289e-003
 1.02816088e-003
 1.02819192e-003
 1.02866990e-003
 1.02949365e-003
 1.02906130e-003
 1.02860332e-003
 1.03050356e-003
 1.03143034e-003
 1.02998960e-003
 1.03054036e-003
 1.03215371e-003
 1.03176716e-003
 1.03126778e-003
 1.03211669e-003
 1.03403023e-003
 1.03470764e-003
 1.03509413e-003
 1.03389409e-003
 1.03326926e-003
 1.03397237e-003
 1.03442858e-003
 1.03559173e-003
 1.03569156e-003
 1.03528286e-003
 1.03593821e-003
 1.03695885e-003
 1.03797686e-003
 1.03887195e-003
 1.03834416e-003
 1.03830501e-003
 1.03886081e-003
 1.03846427e-003
 1.03967984e-003
 1.04191518e-003
 1.04222932e-003
 1.04097750e-003
 1.03949929e-003
 1.04094912e-003
 1.04350584e-003
 1.04385629e-003
 1.04371167e-003
 1.04300279e-003
 1.04237667e-003
 1.04402714e-003
 1.04526996e-003
 1.04433823e-003
 1.04440899e-003
 1.04638418e-003
 1.04638013e-003
 1.04642953e-003
 1.04767203e-003
 1.04715113e-003
 1.04728316e-003
 1.04836882e-003
 1.05070496e-003
 1.05128288e-003
 1.04638673e-003
 1.04636497e-003
 1.05063408e-003
 1.05222951e-003
 1.05198342e-003
 1.05323353e-003
 1.05383304e-003
 1.05162384e-003
 1.05363282e-003
 1.05581689e-003
 1.05540716e-003
 1.05612594e-003
 1.05630052e-003
 1.05560549e-003
 1.05757601e-003
 1.05907647e-003
 1.05666466e-003
 1.05845751e-003
 1.05986283e-003
 1.05992973e-003
 1.06168855e-003
 1.06113617e-003
 1.06307068e-003
 1.06395018e-003
 1.06252688e-003
 1.06370948e-003
 1.06339055e-003
 1.06056295e-003
 1.06179211e-003
 1.06727417e-003
 1.06601788e-003
 1.06294303e-003
 1.06778240e-003
 1.06821972e-003
 1.06623054e-003
 1.06664440e-003
 1.06556359e-003
 1.06673504e-003
 1.06883565e-003
 1.06763921e-003
 1.06686499e-003
 1.06852940e-003
 1.07222796e-003
 1.07328218e-003
 1.07199509e-003
 1.07149475e-003
 1.07250229e-003
 1.07627828e-003
 1.07570996e-003
 1.07722971e-003
 1.07550064e-003
 1.07364077e-003
 1.07671847e-003
 1.07837745e-003
 1.07741344e-003
 1.07726854e-003
 1.07916835e-003
 1.07807195e-003
 1.07961068e-003
 1.08139859e-003
 1.08004717e-003
 1.07969049e-003
 1.08213771e-003
 1.08241113e-003
 1.08205942e-003
 1.08209488e-003
 1.08388036e-003
 1.08736958e-003
 1.08784801e-003
 1.08599170e-003
 1.08652093e-003
 1.09056958e-003
 1.09253366e-003
 1.09217897e-003
 1.09268860e-003
 1.09215341e-003
 1.09343015e-003
 1.09522716e-003
 1.09328958e-003
 1.09193897e-003
 1.09350866e-003
 1.09610615e-003
 1.09734709e-003
 1.09451399e-003
 1.09319772e-003
 1.09782089e-003
 1.09879294e-003
 1.09760720e-003
 1.09714604e-003
 1.09743861e-003
 1.10266271e-003
 1.10598079e-003
 1.10334314e-003
 1.10221260e-003
 1.10328315e-003
 1.10789011e-003
 1.11014436e-003
 1.10643602e-003
 1.10387285e-003
 1.10389476e-003
 1.10531582e-003
 1.10527621e-003
 1.11207604e-003
 1.11360794e-003
 1.11007795e-003
 1.11217507e-003
 1.11457907e-003
 1.11472682e-003
 1.11294950e-003
 1.11357276e-003
 1.11416610e-003
 1.11577368e-003
 1.11762904e-003
 1.11851475e-003
 1.11894617e-003
 1.12020558e-003
 1.11995998e-003
 1.11742959e-003
 1.12042120e-003
 1.12291365e-003
 1.12258568e-003
 1.12403852e-003
 1.12372000e-003
 1.12570175e-003
 1.12598121e-003
 1.12509726e-003
 1.12758795e-003
 1.12467613e-003
 1.12615700e-003
 1.13090573e-003
 1.13454908e-003
 1.13477695e-003
 1.12685740e-003
 1.12844342e-003
 1.13455151e-003
 1.13264127e-003
 1.13261575e-003
 1.13912039e-003
 1.14484902e-003
 1.14678240e-003
 1.14163047e-003
 1.14010469e-003
 1.14433238e-003
 1.14348751e-003
 1.14414106e-003
 1.14419241e-003
 1.13968471e-003
 1.14326856e-003
 1.14739889e-003
 1.14832820e-003
 1.14834887e-003
 1.14836726e-003
 1.15516001e-003
 1.15881958e-003
 1.15847732e-003
 1.15478546e-003
 1.15222024e-003
 1.15146232e-003
 1.15691415e-003
 1.15755246e-003
 1.15404418e-003
 1.15730421e-003
 1.15906864e-003
 1.16584569e-003
 1.16311094e-003
 1.16204871e-003
 1.16895450e-003
 1.16283416e-003
 1.16625329e-003
 1.17570478e-003
 1.17043816e-003
 1.16505981e-003
 1.16186614e-003
 1.16167560e-003
 1.16628756e-003
 1.16592373e-003
 1.16842004e-003
 1.17061791e-003
 1.16790764e-003
 1.17127033e-003
 1.17519610e-003
 1.17670503e-003
 1.18761237e-003
 1.18633161e-003
 1.18056044e-003
 1.18162107e-003
 1.17689765e-003
 1.17750426e-003
 1.17708347e-003
 1.17391897e-003
 1.17912126e-003
 1.18882382e-003
 1.18841785e-003
 1.18160376e-003
 1.18504246e-003
 1.18994414e-003
 1.19136291e-003
 1.19410943e-003
 1.19858402e-003
 1.19909905e-003
 1.19679283e-003
 1.19859352e-003
 1.20049525e-003
 1.20815561e-003
 1.20675618e-003
 1.20373033e-003
 1.20117940e-003
 1.20194101e-003
 1.20601990e-003
 1.19975390e-003
 1.19504428e-003
 1.20260421e-003
 1.20972879e-003
 1.20669521e-003
 1.22089252e-003
 1.22736505e-003
 1.21488142e-003
 1.21330852e-003
 1.20966645e-003
 1.20872582e-003
 1.20903814e-003
 1.21545813e-003
 1.21689289e-003
 1.22645119e-003
 1.23153633e-003
 1.22502941e-003
 1.22457667e-003
 1.22476799e-003
 1.24196332e-003
 1.23889356e-003
 1.22640070e-003
 1.22736800e-003
 1.23205326e-003
 1.23100053e-003
 1.22859620e-003
 1.23896422e-003
 1.23718293e-003
 1.23274429e-003
 1.23288211e-003
 1.22809893e-003
 1.22895338e-003
 1.23240803e-003
 1.24056742e-003
 1.24094179e-003
 1.24508405e-003
 1.24778648e-003
 1.24044739e-003
 1.23653200e-003
 1.23675058e-003
 1.24602089e-003
 1.24760544e-003
 1.25101517e-003
 1.24754442e-003
 1.24869859e-003
 1.25065599e-003
 1.24380181e-003
 1.24854477e-003
 1.24922331e-003
 1.25322859e-003
 1.26484204e-003
 1.26224766e-003
 1.26076299e-003
 1.26180906e-003
 1.25878671e-003
 1.25770720e-003
 1.25211504e-003
 1.25987331e-003
 1.26683683e-003
 1.27505043e-003
 1.28395884e-003
 1.27817238e-003
 1.27731060e-003
 1.28608137e-003
 1.28363849e-003
 1.26867912e-003
 1.26996439e-003
 1.27200986e-003
 1.27186998e-003
 1.28471541e-003
 1.29045106e-003
 1.29046409e-003
 1.27069168e-003
 1.25796151e-003
 1.25221200e-003
 1.23793585e-003
 1.22828359e-003
 1.23076211e-003
 1.21298342e-003
 1.23041995e-003
 1.26612870e-003
 1.22476653e-003
 1.23594195e-003
 1.26894322e-003
 1.26912157e-003
 1.27339057e-003
 1.27268699e-003
 1.28925629e-003
 1.29882270e-003
 1.29742229e-003
 1.29628932e-003
 1.30062199e-003
 1.30420960e-003
 1.30178578e-003
 1.30624569e-003
 1.31365467e-003
 1.32011336e-003
 1.32433497e-003
 1.32660778e-003
 1.33181286e-003
 1.31977226e-003
 1.30711861e-003
 1.31378522e-003
 1.32339774e-003
 1.34082189e-003
 1.34330810e-003
 1.33063631e-003
 1.32813544e-003
 1.32015854e-003
 1.32080632e-003
 1.33963446e-003
 1.34358917e-003
 1.33694470e-003
 1.33073816e-003
 1.32229034e-003
 1.32722989e-003
 1.34042362e-003
 1.33675042e-003
 1.34471859e-003
 1.35832008e-003
 1.35340644e-003
 1.34397919e-003
 1.35753962e-003
 1.36279246e-003
 1.35693488e-003
 1.36431733e-003
 1.36383613e-003
 1.34486470e-003
 1.35164042e-003
 1.35554237e-003
 1.34194091e-003
 1.34780514e-003
 1.35748568e-003
 1.37593470e-003
 1.37581363e-003
 1.35990673e-003
 1.36246364e-003
 1.37766816e-003
 1.37753544e-003
 1.37289393e-003
 1.38136262e-003
 1.38707904e-003
 1.37366786e-003
 1.36291223e-003
 1.35916530e-003
 1.38248437e-003
 1.39776430e-003
 1.37973110e-003
 1.38177413e-003
 1.39008872e-003
 1.38588952e-003
 1.40100229e-003
 1.41377933e-003
 1.41288764e-003
 1.41022351e-003
 1.40365024e-003
 1.40513196e-003
 1.40580561e-003
 1.41197214e-003
 1.40133103e-003
 1.39237583e-003
 1.39488352e-003
 1.40194143e-003
 1.41344516e-003
 1.42126639e-003
 1.42845704e-003
 1.41814873e-003
 1.41285684e-003
 1.42687653e-003
 1.41827726e-003
 1.40710808e-003
 1.41483747e-003
 1.41516748e-003
 1.44750687e-003
 1.45178776e-003
 1.42688447e-003
 1.43523210e-003
 1.44005341e-003
 1.45702913e-003
 1.44868132e-003
 1.43251022e-003
 1.43262980e-003
 1.43093964e-003
 1.44388994e-003
 1.46173995e-003
 1.45370075e-003
 1.43453270e-003
 1.44343419e-003
 1.47594880e-003
 1.47830923e-003
 1.48052880e-003
 1.47791779e-003
 1.46187195e-003
 1.46698557e-003
 1.46162314e-003
 1.46272405e-003
 1.47952170e-003
 1.48256210e-003
 1.46362484e-003
 1.46661694e-003
 1.47803974e-003
 1.47051239e-003
 1.48310362e-003
 1.48855092e-003
 1.46947376e-003
 1.47922432e-003
 1.49786558e-003
 1.50475704e-003
 1.50345504e-003
 1.50800333e-003
 1.50451948e-003
 1.49024108e-003
 1.50485308e-003
 1.51477742e-003
 1.50501471e-003
 1.49382001e-003
 1.50749492e-003
 1.51483796e-003
 1.49141741e-003
 1.51983447e-003
 1.53854693e-003
 1.53367266e-003
 1.53780774e-003
 1.51545349e-003
 1.51243854e-003
 1.52224952e-003
 1.52108928e-003
 1.53193691e-003
 1.53862062e-003
 1.52853977e-003
 1.54259646e-003
 1.55538387e-003
 1.53832460e-003
 1.53658545e-003
 1.55416985e-003
 1.55808883e-003
 1.54685832e-003
 1.55150893e-003
 1.54679641e-003
 1.53453527e-003
 1.56353192e-003
 1.57499836e-003
 1.57513748e-003
 1.58984129e-003
 1.57280233e-003
 1.55812906e-003
 1.57065040e-003
 1.57906306e-003
 1.59512773e-003
 1.58802486e-003
 1.57167580e-003
 1.58254711e-003
 1.58436261e-003
 1.58751744e-003
 1.58352906e-003
 1.57956922e-003
 1.58849026e-003
 1.57769359e-003
 1.58647921e-003
 1.59464268e-003
 1.58923474e-003
 1.60440231e-003
 1.58720456e-003
 1.57260103e-003
 1.58506631e-003
 1.58504077e-003
 1.58463205e-003
 1.58365148e-003
 1.60541210e-003
 1.61375297e-003
 1.59262581e-003
 1.59869850e-003
 1.61462099e-003
 1.64185100e-003
 1.65336210e-003
 1.61809203e-003
 1.62087642e-003
 1.62685900e-003
 1.62217043e-003
 1.65398732e-003
 1.65575266e-003
 1.64086730e-003
 1.63196731e-003
 1.62320946e-003
 1.63387667e-003
 1.66693841e-003
 1.67882926e-003
 1.67860837e-003
 1.67635048e-003
 1.67646210e-003
 1.67207514e-003
 1.64743045e-003
 1.63200357e-003
 1.64922957e-003
 1.65907799e-003
 1.65145326e-003
 1.65045968e-003
 1.66130801e-003
 1.66712819e-003
 1.68102249e-003
 1.71060472e-003
 1.69708634e-003
 1.64245333e-003
 1.64029017e-003
 1.68445133e-003
 1.69793474e-003
 1.70898186e-003
 1.71274624e-003
 1.72578078e-003
 1.72804229e-003
 1.68133630e-003
 1.68916515e-003
 1.72265602e-003
 1.70371526e-003
 1.70897136e-003
 1.72900885e-003
 1.74023271e-003
 1.74872557e-003
 1.75681560e-003
 1.75425863e-003
 1.75723163e-003
 1.74941987e-003
 1.72702563e-003
 1.73196322e-003
 1.73307792e-003
 1.75801716e-003
 1.75620305e-003
 1.74889223e-003
 1.76945052e-003
 1.74517758e-003
 1.75228324e-003
 1.75405227e-003
 1.74345908e-003
 1.76826871e-003
 1.76915152e-003
 1.77134964e-003
 1.76854226e-003
 1.76613603e-003
 1.76634740e-003
 1.78219103e-003
 1.79664068e-003
 1.78624042e-003
 1.79295601e-003
 1.79602857e-003
 1.80242253e-003
 1.80678356e-003
 1.82977514e-003
 1.81052279e-003
 1.78705075e-003
 1.82504520e-003
 1.82594717e-003
 1.80720466e-003
 1.84210355e-003
 1.86070041e-003
 1.81698058e-003
 1.79627204e-003
 1.80304104e-003
 1.81945185e-003
 1.80584698e-003
 1.78938307e-003
 1.81623044e-003
 1.81793029e-003
 1.83324203e-003
 1.85305252e-003
 1.83106506e-003
 1.85871426e-003
 1.91031292e-003
 1.88980523e-003
 1.82197575e-003
 1.83415892e-003
 1.85277885e-003
 1.82289042e-003
 1.83813293e-003
 1.83882322e-003
 1.84877067e-003
 1.87755949e-003
 1.88525011e-003
 1.85785257e-003
 1.83784865e-003
 1.88103498e-003
 1.85961939e-003
 1.84881605e-003
 1.88813233e-003
 1.90736947e-003
 1.90121523e-003
 1.89479235e-003
 1.91112432e-003
 1.92108854e-003
 1.92672534e-003
 1.91018045e-003
 1.92749774e-003
 1.91707800e-003
 1.88937152e-003
 1.92599430e-003
 1.97454401e-003
 1.99406205e-003
 1.99895129e-003
 1.96629236e-003
 1.90683607e-003
 1.90605566e-003
 1.89668479e-003
 1.90831564e-003
 1.96515606e-003
 1.97595539e-003
 1.92884668e-003
 1.90704881e-003
 1.93813782e-003
 1.95792133e-003
 1.97610494e-003
 1.97643880e-003
 1.97641813e-003
 2.00986832e-003
 2.00292456e-003
 1.96415243e-003
 1.94855837e-003
 1.97153725e-003
 2.00095819e-003
 1.98639872e-003
 1.95723328e-003
 1.96960039e-003
 1.98711959e-003
 1.96687660e-003
 1.95238954e-003
 1.94622164e-003
 1.98684306e-003
 2.01440523e-003
 2.01911029e-003
 2.01111413e-003
 2.02170280e-003
 2.04053461e-003
 2.05940174e-003
 2.03090100e-003
 2.01409500e-003
 2.07016961e-003
 2.03412410e-003
 2.05784248e-003
 2.10315782e-003
 2.12381843e-003
 2.12700852e-003
 2.08199986e-003
 2.06843355e-003
 2.08010641e-003
 2.10898559e-003
 2.07760705e-003
 2.03970004e-003
 2.08801688e-003
 2.07749339e-003
 2.02401023e-003
 2.04968905e-003
 2.06146761e-003
 2.07065241e-003
 2.06947955e-003
 2.04760775e-003
 2.04779520e-003
 2.08866094e-003
 2.11075866e-003
 2.04639479e-003
 2.06178059e-003
 2.10048787e-003
 2.03778199e-003
 2.03737421e-003
 2.06868666e-003
 2.04832559e-003
 2.05906238e-003
 2.03363760e-003
 2.04000524e-003
 2.09873080e-003
 2.08360302e-003
 2.03004636e-003
 2.03580666e-003
 2.11874959e-003
 2.08233400e-003
 2.04621459e-003
 2.09318122e-003
 2.05796430e-003
 2.02729123e-003
 2.05624115e-003
 2.03498478e-003
 1.99607867e-003
 1.96583227e-003
 1.96470072e-003
 2.01046533e-003
 2.06473747e-003
 2.11764662e-003
 2.13717771e-003
 2.11614642e-003
 2.04688762e-003
 2.06528629e-003
 2.07200480e-003
 2.07936627e-003
 2.06760419e-003
 2.03070509e-003
 2.12424375e-003
 2.17329886e-003
 2.11190744e-003
 2.05982991e-003
 2.08165038e-003
 2.14957995e-003
 2.12570756e-003
 2.05336640e-003
 2.09375024e-003
 2.10573299e-003
 2.08256160e-003
 2.11498780e-003
 2.14797237e-003
 2.17461050e-003
 2.25818691e-003
 2.23473574e-003
 2.16386554e-003
 2.15239058e-003
 2.17873816e-003
 2.18247792e-003
 2.13972833e-003
 2.10946565e-003
 2.07721088e-003
 2.10775678e-003
 2.15820866e-003
 2.15363275e-003
 2.10905898e-003
 2.11188205e-003
 2.12696210e-003
 2.15405671e-003
 2.23926672e-003
 2.23426732e-003
 2.14720314e-003
 2.19288093e-003
 2.28436994e-003
 2.29068432e-003
 2.25319546e-003
 2.22674760e-003
 2.29557670e-003
 2.33108770e-003
 2.21995397e-003
 2.21547077e-003
 2.24399376e-003
 2.30144637e-003
 2.38629652e-003
 2.28064530e-003
 2.20936333e-003
 2.29739320e-003
 2.30073219e-003
 2.21742181e-003
 2.17058711e-003
 2.15890459e-003
 2.19762350e-003
 2.19387003e-003
 2.14706465e-003
 2.22664620e-003
 2.30087292e-003
 2.32748743e-003
 2.36879000e-003
 2.26352163e-003
 2.27446499e-003
 2.29864554e-003
 2.24126170e-003
 2.25984226e-003
 2.30000393e-003
 2.33220697e-003
 2.33094763e-003
 2.32482120e-003
 2.34365103e-003
 2.33074404e-003
 2.33049677e-003
 2.34134284e-003
 2.32333723e-003
 2.27961634e-003
 2.30230232e-003
 2.27076898e-003
 2.27756856e-003
 2.38407898e-003
 2.38028452e-003
 2.36265432e-003
 2.37272199e-003
 2.42153599e-003
 2.44317450e-003
 2.40511003e-003
 2.41333667e-003
 2.44900232e-003
 2.52383779e-003
 2.49549833e-003
 2.49721016e-003
 2.56225045e-003
 2.57732610e-003
 2.66844238e-003
 2.76081116e-003
 2.76398397e-003
 2.76642498e-003
 2.76007785e-003
 2.77831101e-003
 2.78224273e-003
 2.70073931e-003
 2.72955694e-003
 2.71096919e-003
 2.71539857e-003
 2.74885259e-003
 2.69613116e-003
 2.72375651e-003
 2.73070518e-003
 2.70363860e-003
 2.78794950e-003
 2.87405008e-003
 2.84565158e-003
 2.72545294e-003
 2.73703674e-003
 2.81695712e-003
 2.75102541e-003
 2.77714599e-003
 2.79101368e-003
 2.79974775e-003
 2.77530383e-003
 2.73218553e-003
 2.72622318e-003
 2.75365909e-003
 2.87942284e-003
 2.83344775e-003
 2.79000264e-003
 2.78636142e-003
 2.81726704e-003
 2.94348404e-003
 2.95894942e-003
 2.82623967e-003
 2.73305698e-003
 2.87298574e-003
 2.97516015e-003
 2.88497164e-003
 2.86170432e-003
 2.89944251e-003
 2.93226693e-003
 2.90258886e-003
 2.81350095e-003
 2.86482572e-003
 3.04565559e-003
 3.01069589e-003
 2.98411782e-003
 3.00076420e-003
 3.09131040e-003
 3.02669817e-003
 2.93756678e-003
 3.01748562e-003
 3.05699141e-003
 3.07979007e-003
 3.01907165e-003
 3.17245824e-003
 3.24397630e-003
 3.06157312e-003
 3.11454504e-003
 3.16403106e-003
 3.07834955e-003
 3.09774776e-003
 2.93840644e-003
 2.97419281e-003
 3.22383410e-003
 3.18818687e-003
 3.02839004e-003
 2.97963133e-003
 3.02201135e-003
 3.14387399e-003
 3.19562003e-003
 3.16953480e-003
 3.18226294e-003
 3.18447845e-003
 3.20798761e-003
 3.14468451e-003
 2.98925855e-003
 3.03491873e-003
 3.16911470e-003
 3.18179550e-003
 3.10775218e-003
 3.06763221e-003
 3.11603645e-003
 3.15263717e-003
 3.23694619e-003
 3.21111829e-003
 3.23887902e-003
 3.24704400e-003
 3.11313423e-003
 3.17524203e-003
 3.31674053e-003
 3.23641501e-003
 3.33744481e-003
 3.45328955e-003
 3.27296324e-003
 3.15867709e-003
 3.34444662e-003
 3.41865029e-003
 3.44748955e-003
 3.45153829e-003
 3.22744901e-003
 3.29280261e-003
 3.46033410e-003
 3.45041648e-003
 3.40652112e-003
 3.33671836e-003
 3.29232962e-003
 3.35110648e-003
 3.42880479e-003
 3.50695435e-003
 3.50588870e-003
 3.34088763e-003
 3.27649761e-003
 3.41435378e-003
 3.41276570e-003
 3.35637767e-003
 3.46316170e-003
 3.48573580e-003
 3.47107564e-003
 3.55208474e-003
 3.60738959e-003
 3.52646192e-003
 3.47560679e-003
 3.54213806e-003
 3.53106463e-003
 3.47498979e-003
 3.51252787e-003
 3.59643626e-003
 3.62963420e-003
 3.62592513e-003
 3.56533625e-003
 3.66323697e-003
 3.71839520e-003
 3.51038769e-003
 3.65595456e-003
 3.78834314e-003
 3.73372268e-003
 3.67796814e-003
 3.46149706e-003
 3.61807202e-003
 3.72999626e-003
 3.57938319e-003
 3.45874700e-003
 3.29594546e-003
 3.13079268e-003
 2.92267834e-003
 2.82003833e-003
 2.92897917e-003
 3.11172998e-003
 3.25855678e-003
 3.32062052e-003
 3.42508842e-003
 3.65549071e-003
 3.72618503e-003
 3.81988772e-003
 4.00079256e-003
 4.04351223e-003
 3.93187399e-003
 3.75766894e-003
 3.78541973e-003
 3.93655519e-003
 4.04850825e-003
 3.89275776e-003
 3.79338377e-003
 3.84639162e-003
 3.76718617e-003
 3.80955979e-003
 3.99022345e-003
 4.25181638e-003
 4.30727916e-003
 3.92731944e-003
 3.81501956e-003
 3.94123823e-003
 3.88381800e-003
 3.86290526e-003
 3.78697302e-003
 3.86996023e-003
 4.00440578e-003
 3.95737607e-003
 3.94911764e-003
 3.89075702e-003
 3.99091593e-003
 4.09183453e-003
 4.15135176e-003
 4.14234523e-003
 4.15176873e-003
 4.21512800e-003
 4.16372811e-003
 4.08850254e-003
 4.15481316e-003
 4.24605102e-003
 4.21442433e-003
 4.26724319e-003
 4.20919276e-003
 4.15246060e-003
 4.13722906e-003
 4.14654105e-003
 4.10702572e-003
 4.07782640e-003
 4.17541940e-003
 4.26090134e-003
 4.29091682e-003
 4.16477667e-003
 4.21723783e-003
 4.49597376e-003
 4.15719027e-003
 4.13036654e-003
 4.44809318e-003
 4.34716875e-003
 4.38742436e-003
 4.28713892e-003
 4.08953977e-003
 4.23721131e-003
 4.36046063e-003
 4.22839839e-003
 4.10371716e-003
 4.37541940e-003
 4.58802781e-003
 4.30312089e-003
 4.30549663e-003
 4.33388742e-003
 4.57004832e-003
 4.65068641e-003
 4.55987650e-003
 4.48683456e-003
 4.42684039e-003
 4.53969558e-003
 4.48989959e-003
 4.55191578e-003
 4.59246729e-003
 4.46055037e-003
 4.34312347e-003
 4.38902707e-003
 4.38544374e-003
 4.33423121e-003
 4.41985611e-003
 4.51453713e-003
 4.42966792e-003
 4.62986816e-003
 4.74463303e-003
 4.60446526e-003
 4.58318945e-003
 4.56116519e-003
 4.48003305e-003
 4.52917317e-003
 4.75328808e-003
 4.59433827e-003
 4.46740483e-003
 4.66570971e-003
 4.77698599e-003
 4.55395318e-003
 4.49575169e-003
 4.50772152e-003
 4.47220346e-003
 4.70287313e-003
 4.60917148e-003
 4.74978851e-003
 4.87939254e-003
 4.82203744e-003
 5.00067016e-003
 4.87084455e-003
 4.90771447e-003
 4.77299129e-003
 4.75172651e-003
 4.93012595e-003
 4.84472422e-003
 4.55905037e-003
 4.68475006e-003
 4.95554642e-003
 4.95596324e-003
 4.81408281e-003
 4.81347618e-003
 4.68377928e-003
 4.64111488e-003
 5.09531457e-003
 4.97484627e-003
 4.82114947e-003
 4.72622934e-003
 4.88368325e-003
 5.15271168e-003
 5.01944270e-003
 5.10638233e-003
 4.84576919e-003
 4.76740784e-003
 4.86328262e-003
 4.76499675e-003
 4.95121765e-003
 5.25457312e-003
 5.11589867e-003
 4.93749856e-003
 5.20123774e-003
 5.37345606e-003
 5.26483714e-003
 4.97237150e-003
 4.87945435e-003
 5.05056190e-003
 5.02631255e-003
 5.04874031e-003
 5.34079409e-003
 5.21964116e-003
 5.35391290e-003
 5.47796085e-003
 5.57279550e-003
 5.34839849e-003
 4.93350126e-003
 4.96138843e-003
 5.32303149e-003
 5.40114278e-003
 5.15869720e-003
 5.18974724e-003
 4.92511988e-003
 4.66861136e-003
 4.82852177e-003
 4.72538932e-003
 4.39581788e-003
 4.25796198e-003
 4.20624650e-003
 4.62388490e-003
 4.76759492e-003
 4.75399102e-003
 4.97952057e-003
 5.19828578e-003
 5.50185817e-003
 5.38876487e-003
 5.17461721e-003
 5.11957386e-003
 5.59292501e-003
 5.73213171e-003
 5.48758677e-003
 5.58613674e-003
 5.39241523e-003
 5.26678872e-003
 5.27229311e-003
 5.37527070e-003
 5.57754525e-003
 5.43539005e-003
 5.46644089e-003
 5.63719414e-003
 5.64453244e-003
 5.62773121e-003
 5.74192911e-003
 5.67939646e-003
 5.47802395e-003
 5.52903691e-003
 5.33944389e-003
 5.50135795e-003
 5.84714668e-003
 5.86290955e-003
 5.81418430e-003
 5.56767044e-003
 5.40906580e-003
 5.54945340e-003
 4.91330543e-003
 5.01233867e-003
 6.01751134e-003
 6.25918212e-003
 6.23179065e-003
 5.89412607e-003
 5.77168031e-003
 6.10434934e-003
 6.22494950e-003
 6.25407837e-003
 6.17799617e-003
 5.97879768e-003
 6.27155629e-003
 6.17895407e-003
 5.84825579e-003
 6.15129145e-003
 6.18273501e-003
 6.08923390e-003
 6.33676404e-003
 5.98182926e-003
 6.04432953e-003
 6.15272170e-003
 5.94497664e-003
 6.24690569e-003
 6.35943148e-003
 6.36624589e-003
 5.95989913e-003
 5.93424917e-003
 6.07930160e-003
 6.23141234e-003
 6.70668825e-003
 6.50432515e-003
 6.40925175e-003
 6.46290986e-003
 6.25663288e-003
 6.12776695e-003
 6.30430341e-003
 6.86679249e-003
 6.80235421e-003
 6.19248538e-003
 6.48246419e-003
 7.13887558e-003
 6.89639456e-003
 6.67192881e-003
 6.77926116e-003
 6.76455065e-003
 6.77344104e-003
 6.59526775e-003
 6.40706951e-003
 6.38889468e-003
 6.79884949e-003
 6.97051070e-003
 6.74395343e-003
 6.92044135e-003
 6.64519211e-003
 6.46572403e-003
 6.64747955e-003
 6.72055608e-003
 6.84258928e-003
 6.84974240e-003
 6.87412095e-003
 7.02530227e-003
 6.97941026e-003
 6.45525071e-003
 6.32729627e-003
 6.41196943e-003
 6.41680681e-003
 6.25547768e-003
 5.62167657e-003
 4.99029302e-003
 4.87052140e-003
 3.78764677e-003
 3.86594727e-003
 4.23984124e-003
 4.45878333e-003
 4.79349874e-003
 3.88248470e-003
 3.45858897e-003
 3.99574574e-003
 3.94407331e-003
 4.31326196e-003
 6.53226818e-003
 6.78711945e-003
 7.04126809e-003
 6.74325442e-003
 6.58193194e-003
 6.71140388e-003
 6.54800604e-003
 6.74129562e-003
 6.52225708e-003
 5.86447722e-003
 5.96016044e-003
 6.33496164e-003
 6.61840293e-003
 7.10857015e-003
 6.89715532e-003
 6.75858922e-003
 7.10432125e-003
 7.32123102e-003
 7.21396063e-003
 6.66615863e-003
 7.19673501e-003
 7.58122216e-003
 7.52519451e-003
 7.75550046e-003
 7.95760243e-003
 7.75267007e-003
 7.42969975e-003
 7.81634471e-003
 8.17294098e-003
 8.24901122e-003
 8.00676190e-003
 8.13799920e-003
 8.48820524e-003
 8.74376306e-003
 8.56796143e-003
 7.77488380e-003
 7.06282343e-003
 7.51656344e-003
 7.85477137e-003
 7.58301187e-003
 7.31176508e-003
 6.64477143e-003
 6.80618227e-003
 6.50347851e-003
 6.17528351e-003
 6.34679142e-003
 5.91378566e-003
 5.76700350e-003
 5.70391004e-003
 5.64443123e-003
 5.89135483e-003
 5.99429265e-003
 6.07781669e-003
 6.12902112e-003
 6.45067562e-003
 5.92488141e-003
 5.87386038e-003
 6.93893390e-003
 7.41303652e-003
 7.47447253e-003
 7.90017393e-003
 8.23250310e-003
 8.38033404e-003
 8.53923654e-003
 8.66346814e-003
 9.14381675e-003
 8.71741547e-003
 8.97743445e-003
 9.70106552e-003
 9.64814799e-003
 8.80908247e-003
 8.59690321e-003
 8.93255350e-003
 8.74063763e-003
 8.94257521e-003
 9.24440486e-003
 9.65464879e-003
 9.72182288e-003
 9.68286592e-003
 9.46436623e-003
 9.12810526e-003
 8.48108885e-003
 8.35820732e-003
 9.84534541e-003
 1.06503026e-002
 9.35833989e-003
 8.82381132e-003
 9.06206963e-003
 9.22111540e-003
 9.11359692e-003
 9.30358781e-003
 9.65720312e-003
 9.11893963e-003
 8.95143322e-003
 9.19994313e-003
 9.56461117e-003
 8.96666955e-003
 9.02925074e-003
 9.32806224e-003
 9.05272553e-003
 8.10869098e-003
 6.71544904e-003
 7.38572250e-003
 9.09468154e-003
 9.20883928e-003
 9.28451941e-003
 1.01046711e-002
 1.05351298e-002
 1.05132901e-002
 1.00220287e-002
 9.91223482e-003
 1.04928708e-002
 1.00874194e-002
 9.25968978e-003
 9.22806954e-003
 9.34991437e-003
 9.82737420e-003
 9.65743969e-003
 9.17142724e-003
 9.58459400e-003
 9.84684449e-003
 1.07137853e-002
 1.11675920e-002
 9.84220082e-003
 8.84360136e-003
 8.98358735e-003
 1.01704247e-002
 1.16098905e-002
 1.11140584e-002
 1.00374069e-002
 9.94481310e-003
 1.02584341e-002
 1.05054698e-002
 1.07643812e-002
 1.09945740e-002
 1.02127191e-002
 1.00872532e-002
 1.09097074e-002
 1.08827094e-002
 1.06233470e-002
 1.04106970e-002
 1.06463982e-002
 1.12537640e-002
 1.00032116e-002
 9.96728949e-003
 1.22203658e-002
 1.19342348e-002
 1.01119222e-002
 9.80029164e-003
 1.09214414e-002
 1.08434779e-002
 9.85257502e-003
 9.50898755e-003
 9.60151941e-003
 9.92880022e-003
 1.01701967e-002
 1.07021316e-002
 1.08587638e-002
 1.07015487e-002
 1.04830800e-002
 1.02989955e-002
 1.07402677e-002
 1.04404349e-002
 1.07861084e-002
 1.12966872e-002
 1.11758336e-002
 1.14179066e-002
 1.09156667e-002
 1.06283722e-002
 1.06540698e-002
 1.11101667e-002
 1.17099014e-002
 1.15937154e-002
 1.19367475e-002
 1.10798248e-002
 9.92336982e-003
 1.10265566e-002
 1.18952190e-002
 1.15156481e-002
 1.15185041e-002
 1.16656495e-002
 1.18230346e-002
 1.24697072e-002
 1.29267732e-002
 1.15141205e-002
 1.10124429e-002
 1.12031038e-002
 1.15332350e-002
 1.31125368e-002
 1.37471711e-002
 1.28842693e-002
 1.14814659e-002
 1.09440240e-002
 1.20885857e-002
 1.10830030e-002
 8.36664597e-003
 9.11010703e-003
 1.12744271e-002
 1.17606797e-002
 1.23372706e-002
 1.27616674e-002
 1.27686390e-002
 1.28907672e-002
 1.32389993e-002
 1.30085374e-002
 1.30504623e-002
 1.29144174e-002
 1.29601936e-002
 1.43164164e-002
 1.48174743e-002
 1.39660648e-002
 1.23188671e-002
 1.22769879e-002
 1.26019820e-002
 1.25132880e-002
 1.25817647e-002
 1.29482364e-002
 1.31118526e-002
 1.44549363e-002
 1.59830159e-002
 1.42708698e-002
 1.36411016e-002
 1.24941497e-002
 1.18888456e-002
 1.31457683e-002
 1.30732913e-002
 1.17652309e-002
 1.21260048e-002
 1.30885484e-002
 1.27041129e-002
 1.26015445e-002
 1.27884070e-002
 1.22306220e-002
 1.30901099e-002
 1.33229584e-002
 1.26737768e-002
 1.36747813e-002
 1.47521710e-002
 1.45342600e-002
 1.37838983e-002
 1.32897823e-002
 1.25612492e-002
 1.31045975e-002
 1.38646038e-002
 1.46713803e-002
 1.51295040e-002
 1.35246728e-002
 1.41514091e-002
 1.54617226e-002
 1.57090769e-002
 1.52634612e-002
 1.47673810e-002
 1.57773126e-002
 1.61186894e-002
 1.50562304e-002
 1.48525129e-002
 1.55881203e-002
 1.57076543e-002
 1.59026676e-002
 1.59101927e-002
 1.55173079e-002
 1.64295238e-002
 1.67530220e-002
 1.51621155e-002
 1.35936550e-002
 1.13148972e-002
 9.76560013e-003
 1.13204141e-002
 1.40092276e-002
 1.52355277e-002
 1.67417705e-002
 1.67432851e-002
 1.69930867e-002
 1.56034804e-002
 1.39970114e-002
 1.45515935e-002
 1.42969715e-002
 1.43875873e-002
 1.58752275e-002
 1.68344196e-002
 1.68418345e-002
 1.65129283e-002
 1.59083091e-002
 1.48950694e-002
 1.41472569e-002
 1.47666376e-002
 1.66151528e-002
 1.59937641e-002
 1.51111229e-002
 1.54538531e-002
 1.47809926e-002
 1.59337630e-002
 1.63974010e-002
 1.60357072e-002
 1.61998258e-002
 1.64199512e-002
 1.65469682e-002
 1.62017804e-002
 1.71176271e-002
 1.66337682e-002
 1.57423170e-002
 1.54305661e-002
 1.56139647e-002
 1.63586851e-002
 1.65390798e-002
 1.70958159e-002
 1.69516155e-002
 1.74230779e-002
 1.90199929e-002
 1.77720295e-002
 1.58422437e-002
 1.58938441e-002
 1.62249989e-002
 1.65534598e-002
 1.70726397e-002
 1.58542486e-002
 1.61782871e-002
 1.79069182e-002
 1.78799924e-002
 1.94208684e-002
 1.98935271e-002
 1.81099894e-002
 1.61076487e-002
 1.57062305e-002
 1.54773248e-002
 1.59046796e-002
 1.86381312e-002
 1.97988723e-002
 1.92098544e-002
 1.67771282e-002
 1.58858660e-002
 1.67701060e-002
 1.80175889e-002
 2.02568563e-002
 2.17459211e-002
 1.98250706e-002
 1.80559020e-002
 1.79832281e-002
 1.96189128e-002
 2.03188201e-002
 1.82198782e-002
 1.74106193e-002
 1.67716957e-002
 1.67893619e-002
 1.86003602e-002
 1.87416982e-002
 1.81524083e-002
 1.86752948e-002
 2.02214805e-002
 2.07028401e-002
 1.98126219e-002
 2.06266736e-002
 1.91249765e-002
 1.79741179e-002
 1.87809255e-002
 1.99681614e-002
 2.18699857e-002
 2.13237378e-002
 1.87178726e-002
 1.99928817e-002
 2.09570686e-002
 1.80035279e-002
 1.72639432e-002
 1.97383698e-002
 2.08830944e-002
 2.00132394e-002
 1.96030123e-002
 1.99469642e-002
 1.97364773e-002
 1.80989341e-002
 1.97400557e-002
 2.06548449e-002
 2.18447822e-002
 2.36749016e-002
 2.18309872e-002
 1.96451164e-002
 1.94010533e-002
 2.17968647e-002
 2.23456020e-002
 1.92747757e-002
 1.83662272e-002
 2.06792154e-002
 2.10647246e-002
 2.09121664e-002
 1.93893299e-002
 1.50099495e-002
 1.37436379e-002
 1.60042779e-002
 1.77115916e-002
 1.83127120e-002
 1.97551728e-002
 2.04354198e-002
 2.09633233e-002
 2.10267484e-002
 2.05876042e-002
 2.27148194e-002
 2.34470741e-002
 2.15389390e-002
 2.13046124e-002
 2.04663871e-002
 2.09950399e-002
 2.18814004e-002
 2.16419658e-002
 2.06225813e-002
 1.88717331e-002
 2.13218328e-002
 2.41222484e-002
 2.27142034e-002
 2.24078637e-002
 2.25678158e-002
 2.47444474e-002
 2.63002397e-002
 2.33799117e-002
 2.50528831e-002
 2.72701623e-002
 2.63909807e-002
 2.70833905e-002
 2.52966529e-002
 2.32943883e-002
 2.47198897e-002
 2.65661069e-002
 2.43009123e-002
 2.30096748e-002
 2.34809457e-002
 2.36699017e-002
 2.45029304e-002
 2.43550988e-002
 2.22947485e-002
 2.22178728e-002
 2.48306453e-002
 2.45977555e-002
 2.30390074e-002
 2.35493867e-002
 2.48384048e-002
 2.62214907e-002
 2.53422605e-002
 2.62196657e-002
 2.73953989e-002
 2.40592520e-002
 2.33593255e-002
 2.40472867e-002
 2.51067827e-002
 2.72935474e-002
 2.58784571e-002
 2.43135945e-002
 2.51651064e-002
 2.70423997e-002
 2.97808692e-002
 2.91621545e-002
 2.82381126e-002
 2.99403003e-002
 2.89334143e-002
 2.66982724e-002
 2.57536613e-002
 2.73441711e-002
 3.00557834e-002
 2.62836076e-002
 2.40378779e-002
 2.69044496e-002
 2.66785305e-002
 2.47682428e-002
 2.44632201e-002
 2.57628004e-002
 3.19761353e-002
 3.34666627e-002
 2.98309443e-002
 2.88405695e-002
 2.85678922e-002
 3.15809566e-002
 3.04471624e-002
 2.87406867e-002
 3.11555666e-002
 3.22343138e-002
 3.26644671e-002
 2.97219118e-002
 2.89504091e-002
 2.97412734e-002
 2.97837659e-002
 3.30858281e-002
 3.45946008e-002
 3.06648375e-002
 3.16160970e-002
 3.57465287e-002
 3.05234013e-002
 3.09512727e-002
 3.50492718e-002
 3.48743141e-002
 3.13640011e-002
 2.96033301e-002
 3.10334894e-002
 3.24361856e-002
 3.56082619e-002
 3.75660311e-002
 3.39265618e-002
 3.17925862e-002
 3.33003501e-002
 3.10074025e-002
 3.31985167e-002
 3.36282291e-002
 3.44911252e-002
 3.67292807e-002
 3.34806549e-002
 3.31175874e-002
 3.15248225e-002
 3.30456552e-002
 3.41389321e-002
 3.33365446e-002
 3.54613368e-002
 3.07374387e-002
 3.23402971e-002
 3.88572210e-002
 3.35575733e-002
 3.12410559e-002
 3.34526199e-002
 3.47386967e-002
 3.49007616e-002
 3.84419809e-002
 4.30182518e-002
 3.92400638e-002
 3.32652517e-002
 3.39427772e-002
 3.33882855e-002
 3.18781114e-002
 3.80184912e-002
 3.70617657e-002
 3.55506650e-002
 3.51243423e-002
 3.23294233e-002
 3.56010191e-002
 3.67335155e-002
 3.82917596e-002
 3.74492130e-002
 3.71501898e-002
 3.76973556e-002
 3.48488607e-002
 3.54515324e-002
 3.81633297e-002
 4.01834673e-002
 3.81441498e-002
 3.58979982e-002
 3.53338116e-002
 3.58631147e-002
 3.60300156e-002
 3.78700104e-002
 3.99847581e-002
 3.69502444e-002
 3.43140661e-002
 3.51474313e-002
 3.67907174e-002
 3.68412515e-002
 4.19367099e-002
 4.12883159e-002
 3.66127094e-002
 3.68871223e-002
 3.74631396e-002
 4.61335308e-002
 4.76346655e-002
 4.42012052e-002
 4.18388527e-002
 3.49015968e-002
 3.18671864e-002
 3.68715183e-002
 4.15249718e-002
 3.57292712e-002
 3.46979866e-002
 3.66377422e-002
 3.99983171e-002
 4.38468071e-002
 4.36785099e-002
 4.39988742e-002
 4.02629556e-002
 3.60492081e-002
 4.01210335e-002
 4.13166841e-002
 3.89034302e-002
 3.78070159e-002
 3.95337200e-002
 4.50015235e-002
 3.85757276e-002
 3.49681009e-002
 3.88633244e-002
 4.13457168e-002
 4.13014104e-002
 3.72468292e-002
 3.75605598e-002
 4.41270331e-002
 4.85139045e-002
 4.49761166e-002
 3.85907990e-002
 4.17733002e-002
 4.22592881e-002
 4.13397302e-002
 4.03285961e-002
 3.90116437e-002
 4.33905960e-002
 4.02552907e-002
 3.97504010e-002
 4.00132659e-002
 4.11231055e-002
 3.97155960e-002
 3.73298068e-002
 3.79112859e-002
 3.67102474e-002
 3.69299712e-002
 3.71863156e-002
 3.07527588e-002
 2.51094809e-002
 2.65721862e-002
 2.52828804e-002
 2.70821275e-002
 3.49653885e-002
 3.35722753e-002
 3.46330390e-002
 3.62071214e-002
 3.75883018e-002
 4.33829090e-002
 4.29732325e-002
 4.37391792e-002
 4.98604578e-002
 5.03109118e-002
 4.66526505e-002
 4.28795751e-002
 4.31457558e-002
 4.94606635e-002
 5.20729387e-002
 5.41788337e-002
 5.30284011e-002
 4.88241903e-002
 5.03008441e-002
 4.97553394e-002
 4.14724580e-002
 4.14442228e-002
 4.63818831e-002
 4.34792209e-002
 4.97037690e-002
 5.76951134e-002
 5.23467059e-002
 5.16130678e-002
 4.61156816e-002
 4.40272903e-002
 4.51198442e-002
 4.49982217e-002
 4.91149543e-002
 4.89794300e-002
 4.65634167e-002
 4.79768862e-002
 4.90696324e-002
 4.67647136e-002
 4.76782760e-002
 4.85160740e-002
 4.90228636e-002
 5.07377284e-002
 5.31289790e-002
 5.11558557e-002
 4.74178544e-002
 5.10253529e-002
 5.92545257e-002
 6.26636384e-002
 6.25116918e-002
 5.31980966e-002
 4.51746814e-002
 4.70728811e-002
 4.89483315e-002
 4.89601321e-002
 4.95469441e-002
 5.36372262e-002
 5.97234688e-002
 5.78049163e-002
 5.02291026e-002
 4.92534388e-002
 5.15814888e-002
 5.64446900e-002
 5.51137006e-002
 4.78726594e-002
 5.32232279e-002
 5.87788815e-002
 5.68969199e-002
 5.70296100e-002
 5.51107548e-002
 5.57022903e-002
 3.47169659e-002
 3.18393393e-002
 5.23146468e-002
 5.27048148e-002
 5.04122964e-002
 5.98013276e-002
 6.51958125e-002
 5.61773093e-002
 5.59533514e-002
 6.10453725e-002
 6.09270465e-002
 6.23287126e-002
 5.50388073e-002
 4.56785035e-002
 5.14759557e-002
 6.71966844e-002
 6.44109633e-002
 5.19026490e-002
 4.74193586e-002
 5.33060982e-002
 5.84653363e-002
 5.68916096e-002
 6.05124632e-002
 5.73025960e-002
 5.22877493e-002
 5.25126254e-002
 5.59324445e-002
 5.60003707e-002
 5.66901036e-002
 6.62344484e-002
 6.51000156e-002
 5.74086893e-002
 5.67560617e-002
 5.98836130e-002
 3.30820048e-002
 1.87190362e-002
 2.04173639e-002
 2.52050778e-002
 2.74373328e-002
 2.84961134e-002
 2.55883197e-002
 3.21339048e-002
 4.94825766e-002
 5.57331475e-002
 5.65060746e-002
 5.20280755e-002
 6.12697553e-002
 6.86101349e-002
 6.02133392e-002
 6.09986301e-002
 6.65960308e-002
 5.96287629e-002
 6.09232521e-002
 7.03132821e-002
 6.35839542e-002
 6.13378324e-002
 6.39438647e-002
 6.54979179e-002
 7.54426229e-002
 6.30722547e-002
 5.63755786e-002
 6.05944239e-002
 6.46483125e-002
 7.28226245e-002
 6.37218831e-002
 6.72588064e-002
 8.34235041e-002
 8.24770968e-002
 6.73150135e-002
 6.45867770e-002
 6.66668049e-002
 6.25693978e-002
 5.59370248e-002
 6.19433116e-002
 6.76093914e-002
 7.26192602e-002
 7.35237126e-002
 7.41501119e-002
 8.60131061e-002
 6.86848912e-002
 5.98568200e-002
 7.39643537e-002
 8.58392988e-002
 7.64285412e-002
 5.97448344e-002
 3.98798111e-002
 3.47885651e-002
 4.20486822e-002
 5.74988414e-002
 7.72521002e-002
 8.31140673e-002
 7.91249313e-002
 8.02193384e-002
 8.38969956e-002
 8.02728737e-002
 6.55944628e-002
 6.64983943e-002
 8.73358048e-002
 7.65881659e-002
 6.60352983e-002
 7.00763883e-002
 6.42326637e-002
 7.00420404e-002
 8.39295269e-002
 7.61286209e-002
 7.18195073e-002
 7.25049240e-002
 7.29939796e-002
 6.19948807e-002
 6.02926309e-002
 7.19066185e-002
 6.60181849e-002
 6.68175803e-002
 6.97863619e-002
 6.70020024e-002
 6.82270901e-002
 6.84530513e-002
 7.86413987e-002
 7.77094058e-002
 7.32067139e-002
 8.26046968e-002
 7.53737126e-002
 6.92112221e-002
 7.89535265e-002
 8.27449310e-002
 8.21752441e-002
 7.68299221e-002
 7.78802352e-002
 7.78802352e-002
 7.65657959e-002
 8.72603204e-002
 8.19776294e-002
 7.70818491e-002
 7.51049135e-002
 6.88537877e-002
 7.46375708e-002
 8.64878072e-002
 8.68878716e-002
 8.74426481e-002
 8.84133499e-002
 8.97116875e-002
 8.57363454e-002
 8.38205231e-002
 8.32389287e-002
 7.85612095e-002
 9.29824979e-002
 9.49795404e-002
 8.40418270e-002
 9.53076355e-002
 9.70755267e-002
 8.99442706e-002
 9.98891890e-002
 9.06745444e-002
 8.80541569e-002
 8.82024807e-002
 7.97727116e-002
 8.32711289e-002
 8.15603281e-002
 8.74095521e-002
 8.92066501e-002
 8.10297339e-002
 8.20516697e-002
 8.40528179e-002
 8.85543684e-002
 9.77804440e-002
 9.88290897e-002
 8.54449301e-002
 7.84366474e-002
 8.33332159e-002
 9.16748222e-002
 8.68123320e-002
 7.34016756e-002
 9.19717464e-002
 1.02621825e-001
 1.00170874e-001
 9.53192819e-002
 8.33144454e-002
 8.12728928e-002
 7.14118509e-002
 6.62120849e-002
 6.95988696e-002
 7.76164456e-002
 9.03696437e-002
 9.84607821e-002
 7.15226085e-002
 5.87154308e-002
 5.29808815e-002
 4.94404044e-002
 4.75474635e-002
 4.83395153e-002
 6.49593197e-002
 7.97690649e-002
 6.76217448e-002
 6.19181874e-002
 7.66730534e-002
 7.02935556e-002
 6.14632999e-002
 6.99249191e-002
 7.44597661e-002
 7.99071900e-002
 8.89564680e-002
 8.76034118e-002
 8.97129311e-002
 8.13334934e-002
 7.86728569e-002
 8.45037629e-002
 9.08196676e-002
 1.08016070e-001
 1.03254115e-001
 1.07322324e-001
 9.41934704e-002
 7.36880890e-002
 8.58841989e-002
 1.18194301e-001
 1.25091249e-001
 1.11483888e-001
 1.09834845e-001
 1.03086026e-001
 9.93539717e-002
 1.03233483e-001
 1.09481518e-001
 1.20160271e-001
 1.06088060e-001
 8.94876416e-002
 8.94701886e-002
 8.23811053e-002
 9.63957104e-002
 1.21442039e-001
 1.16168543e-001
 9.83094043e-002
 9.92340575e-002
 1.10985095e-001
 1.10166678e-001
 1.20172020e-001
 1.14679788e-001
 1.04539203e-001
 1.12943675e-001
 1.22104184e-001
 1.08019283e-001
 1.03877243e-001
 1.17684385e-001
 1.03703651e-001
 1.00120166e-001
 1.23698712e-001
 1.58228053e-001
 1.55399376e-001
 1.23761678e-001
 1.25059047e-001
 1.28789851e-001
 1.30481314e-001
 1.41670958e-001
 1.40995178e-001
 1.50307281e-001
 1.71061298e-001
 1.54108585e-001
 1.56824137e-001
 1.32070819e-001
 1.27350518e-001
 1.55254157e-001
 1.40051984e-001
 1.58155275e-001
 1.72968122e-001
 1.54971976e-001
 1.42808555e-001
 1.41573462e-001
 1.60550094e-001
 1.73869251e-001
 1.51430025e-001
 1.14105736e-001
 1.24697998e-001
 1.60197857e-001
 1.54476638e-001
 1.40441923e-001
 1.39587630e-001
 1.53724662e-001
 1.55298517e-001
 1.32245722e-001
 1.38965699e-001
 1.75933719e-001
 1.69050132e-001
 1.55966976e-001
 1.64493292e-001
 1.84590737e-001
 1.83029358e-001
 1.71727022e-001
 1.91315732e-001
 1.99984601e-001
 1.77055115e-001
 1.81228805e-001
 1.60493917e-001
 1.78907991e-001
 2.35346591e-001
 1.85067164e-001
 1.50272978e-001
 1.39702130e-001
 1.62827131e-001
 2.00492786e-001
 1.91789329e-001
 1.58193630e-001
 1.43099973e-001
 1.52766343e-001
 1.33845201e-001
 1.30105224e-001
 1.49927738e-001
 1.66659504e-001
 1.91594142e-001
 1.71271611e-001
 1.60818934e-001
 1.73916891e-001
 1.48521806e-001
 1.61593060e-001
 1.95377877e-001
 1.92540574e-001
 1.88297208e-001
 1.73652389e-001
 1.76526748e-001
 1.80065532e-001
 1.80724123e-001
 1.82866883e-001
 1.78632236e-001
 1.69440747e-001
 1.50576362e-001
 1.39343961e-001
 1.39826894e-001
 1.40401982e-001
 1.56156246e-001
 1.57225969e-001
 1.88091027e-001
 1.88266172e-001
 1.57858586e-001
 1.90689114e-001
 1.88147557e-001
 1.68135270e-001
 1.65175789e-001
 1.76655456e-001
 1.71318171e-001
 1.69192542e-001
 1.51738552e-001
 1.05184266e-001
 1.02258074e-001
 1.31584715e-001
 1.63505218e-001
 2.02320651e-001
 2.36649647e-001
 2.28774152e-001
 2.17205419e-001
 2.56992856e-001
 2.19754107e-001
 2.00496691e-001
 2.44182070e-001
 2.09536942e-001
 1.83785648e-001
 2.01358359e-001
 2.15906754e-001
 2.13547868e-001
 1.80229602e-001
 1.76530464e-001
 1.68239925e-001
 1.65050953e-001
 2.18911268e-001
 2.36492460e-001
 2.12057818e-001
 2.44485232e-001
 2.84399059e-001
 2.16826323e-001
 1.72016138e-001
 2.18125672e-001
 2.40939212e-001
 2.23681540e-001
 2.42582030e-001
 2.46125775e-001
 2.50089813e-001
 2.15960516e-001
 2.02460006e-001
 2.56243564e-001
 2.19736045e-001
 2.25891421e-001
 2.55817929e-001
 1.97922863e-001
 1.63256842e-001
 2.09405918e-001
 2.30429752e-001
 1.88890522e-001
 2.18472829e-001
 2.18505236e-001
 2.32539383e-001
 2.59535377e-001
 2.09475860e-001
 1.63354668e-001
 1.76794367e-001
 2.29591411e-001
 2.25281764e-001
 1.76149649e-001
 1.68093730e-001
 1.90366491e-001
 2.28608241e-001
 2.28313992e-001
 1.83432596e-001
 2.28694070e-001
 2.57745541e-001
 2.09243024e-001
 2.17158955e-001
 2.12228845e-001
 1.97625914e-001
 2.09191956e-001
 2.18785330e-001
 1.96468811e-001
 2.41989700e-001
 3.44599470e-001
 3.32564796e-001
 2.17064331e-001
 1.95757684e-001
 2.25828957e-001
 2.06778255e-001
 2.30225988e-001
 2.52658763e-001
 2.83957415e-001
 2.98620209e-001
 2.57935054e-001
 2.29554759e-001
 2.73030246e-001
 3.34785728e-001
 2.69511157e-001
 2.64865003e-001
 3.06909879e-001
 3.06019361e-001
 2.40201352e-001
 2.42807317e-001
 2.60765267e-001
 2.23325332e-001
 2.59668844e-001
 2.49940506e-001
 2.46390941e-001
 2.47824380e-001
 2.06847773e-001
 2.13893620e-001
 2.32276317e-001
 1.99566092e-001
 1.51429159e-001
 1.63463653e-001
 1.80031583e-001
 1.70489015e-001
 1.94993251e-001
 1.58796806e-001
 1.56310443e-001
 1.83515840e-001
 1.81910699e-001
 2.14003051e-001
 2.27505898e-001
 2.43941474e-001
 2.14771345e-001
 2.26722319e-001
 2.86233981e-001
 2.70331997e-001
 2.62013499e-001
 2.45554252e-001
 2.30792688e-001
 2.63552881e-001
 2.91381573e-001
 2.65095864e-001
 2.26436912e-001
 2.34772290e-001
 2.71948855e-001
 3.22255586e-001
 3.49999053e-001
 2.90749729e-001
 2.38142397e-001
 2.86700513e-001
 3.39244947e-001
 2.54748649e-001
 2.42123172e-001
 2.83386564e-001
 2.57749027e-001
 2.83379250e-001
 2.98417215e-001
 2.53674808e-001
 2.60357257e-001
 2.99287255e-001
 3.21539824e-001
 3.19124445e-001
 3.29618975e-001
 2.96823239e-001
 2.84993459e-001
 3.11059449e-001
 2.98561252e-001
 3.06655583e-001
 3.08249684e-001
 2.95443727e-001
 2.96089015e-001
 3.02296768e-001
 3.80717773e-001
 4.05147602e-001
 3.10013886e-001
 2.72005131e-001
 2.65529211e-001
 2.92934981e-001
 3.62833327e-001
 3.67300273e-001
 3.70400944e-001
 3.86466881e-001
 3.17147109e-001
 2.87683110e-001
 3.04785891e-001
 3.17558661e-001
 3.17297774e-001
 2.71804126e-001
 3.00420935e-001
 3.11341354e-001
 3.10851692e-001
 3.76727192e-001
 3.69216265e-001
 3.75210688e-001
 3.91816434e-001
 3.63206003e-001
 3.61503952e-001
 3.01536936e-001
 2.92912185e-001
 4.23183625e-001
 4.01478780e-001
 3.18556892e-001
 3.70288818e-001
 4.14850058e-001
 3.65748157e-001
 3.39847097e-001
 3.50315063e-001
 3.47614753e-001
 3.06915551e-001
 3.25852278e-001
 3.98611228e-001
 3.75443715e-001
 3.77433257e-001
 3.65365667e-001
 3.34635470e-001
 3.13614177e-001
 3.72610492e-001
 3.36796309e-001
 3.22806662e-001
 4.35452928e-001
 4.09453891e-001
 3.63023139e-001
 3.48547633e-001
 4.01040137e-001
 3.94162672e-001
 3.76478661e-001
 3.89173124e-001
 3.35818837e-001
 3.86346063e-001
 3.97254194e-001
 3.08781193e-001
 3.44653839e-001
 4.12897927e-001
 3.84845107e-001
 3.50581466e-001
 4.18568994e-001
 3.76408695e-001
 3.60468850e-001
 3.90540385e-001
 3.47099421e-001
 3.86183183e-001
 4.25773271e-001
 4.66048387e-001
 4.53928786e-001
 4.04442393e-001
 3.86206638e-001
 3.54764597e-001
 2.94747610e-001
 2.98875829e-001
 4.43774773e-001
 4.33264603e-001
 3.94867010e-001
 4.19971992e-001
 4.10112206e-001
 3.70347468e-001
 3.76029903e-001
 4.42793675e-001
 4.39203394e-001
 4.16824479e-001
 5.12153931e-001
 5.84901015e-001
 4.28536795e-001
 4.17778397e-001
 4.37592571e-001
 4.70773366e-001
 5.61946404e-001
 5.01890943e-001
 4.81922697e-001
 5.25877293e-001
 4.93090781e-001
 5.15028287e-001
 6.24148148e-001
 6.14143043e-001
 5.25240244e-001
 4.82668059e-001
 4.59886237e-001
 4.82817709e-001
 4.85034612e-001
 4.88836571e-001
 4.42556987e-001
 3.79459557e-001
 4.65104007e-001
 4.35266372e-001
 4.00682938e-001
 4.33324614e-001
 4.67229617e-001
 3.84203848e-001
 3.79375034e-001
 4.68353072e-001
 4.61901033e-001
 4.54101052e-001
 4.22734069e-001
 3.68497103e-001
 4.10720324e-001
 5.64170174e-001
 5.39068620e-001
 4.29201211e-001
 4.93534465e-001
 6.33834330e-001
 5.44757196e-001
 4.64999712e-001
 4.61899684e-001
 4.53366777e-001
 4.00765330e-001
 3.86858766e-001
 3.95565591e-001
 4.05768702e-001
 5.54254130e-001
 5.89041259e-001
 5.17108885e-001
 5.47393693e-001
 5.37435201e-001
 5.87308232e-001
 5.82264750e-001
 4.92975187e-001
 4.31606794e-001
 4.31129860e-001
 5.32456239e-001
 6.69209514e-001
 6.09843568e-001
 5.43374010e-001
 5.00273783e-001
 5.26384048e-001
 5.04004918e-001
 4.67841032e-001
 5.39789235e-001
 6.13471784e-001
 7.20882018e-001
 5.63243687e-001
 4.77656141e-001
 4.80185501e-001
 5.01805899e-001
 5.50982248e-001
 5.33885458e-001
 5.56964683e-001
 5.36126956e-001
 4.80716084e-001
 4.89135176e-001
 5.12050871e-001
 4.56203986e-001
 4.73132138e-001
 5.01311562e-001
 5.20627373e-001
 5.03380749e-001
 4.76331932e-001
 5.26011393e-001
 5.35350622e-001
 6.41838083e-001
 6.26137252e-001
 4.87838834e-001
 5.31475049e-001
 6.72434768e-001
 7.40922780e-001
 6.88061779e-001
 6.16319901e-001
 4.54291210e-001
 4.37469923e-001
 4.88290137e-001
 5.53324954e-001
 5.91419592e-001
 4.23871578e-001
 5.22715302e-001
 5.83373844e-001
 5.01495082e-001
 5.79994346e-001
 5.19313325e-001
 5.55602306e-001
 7.04111225e-001
 5.79495113e-001
 5.90901395e-001
 5.91630197e-001
 4.98622934e-001
 4.93202122e-001
 4.62302508e-001
 5.09833076e-001
 5.36035639e-001
 6.49729847e-001
 7.52724197e-001
 6.20860029e-001
 5.79118586e-001
 7.33915011e-001
 7.61269257e-001
 5.98986366e-001
 6.07769426e-001
 6.45854161e-001
 5.85375800e-001
 5.88518669e-001
 6.09700224e-001
 5.50366228e-001
 5.93595410e-001
 6.75848084e-001
 5.47803514e-001
 4.96538355e-001
 6.10532800e-001
 6.42278560e-001
 5.55391685e-001
 7.09230675e-001
 7.65928330e-001
 5.84242381e-001
 5.93745806e-001
 6.08992620e-001
 5.53353366e-001
 5.82148200e-001
 5.77540808e-001
 6.50011724e-001
 7.60205779e-001
 5.65362055e-001
 5.50836366e-001
 7.76976604e-001
 6.92107564e-001
 5.45970689e-001
 5.75261862e-001
 5.45428452e-001
 5.57393589e-001
 7.43077787e-001
 8.48382953e-001
 7.89307343e-001
 7.01222314e-001
 6.27835982e-001
 7.10121131e-001
 7.76223280e-001
 7.45569901e-001
 6.29685038e-001
 5.65271364e-001
 5.40432294e-001
 5.54991961e-001
 6.50955810e-001
 6.70719776e-001
 7.00670901e-001
 5.65822768e-001
 5.50808658e-001
 7.09748955e-001
 8.06741912e-001
 7.40666593e-001
 7.07961323e-001
 9.37205976e-001
 8.86501754e-001
 6.89503284e-001
 7.83278698e-001
 8.99956558e-001
 7.02566044e-001
 6.85610660e-001
 7.61431494e-001
 6.59747943e-001
 6.89700448e-001
 7.88959692e-001
 8.37437426e-001
 7.19776190e-001
 7.83473038e-001
 1.00470278e+000
 7.90055338e-001
 7.15635976e-001
 7.98778584e-001
 8.68327401e-001
 9.81984692e-001
 8.59662065e-001
 9.46272299e-001
 9.64461396e-001
 7.80813938e-001
 7.21442954e-001
 8.51756638e-001
 1.09188162e+000
 8.63678094e-001
 7.59269073e-001
 7.94474822e-001
 7.08561286e-001
 7.57209112e-001
 8.75502299e-001
 7.41420202e-001
 6.81386764e-001
 8.97310173e-001
 9.99006868e-001
 8.90618519e-001
 1.06573816e+000
 1.16695091e+000
 8.49064563e-001
 8.10755237e-001
 8.49455191e-001
 1.02625511e+000
 1.28650552e+000
 8.25067537e-001
 7.68421060e-001
 8.54903526e-001
 8.02166731e-001
 8.30863987e-001
 9.47225331e-001
 1.07969284e+000
 9.92821183e-001
 8.22162571e-001
 7.96911982e-001
 9.02954246e-001
 7.55524724e-001
 7.28838987e-001
 8.05935409e-001
 8.62349059e-001
 1.07684516e+000
 1.19675325e+000
 1.14107657e+000
 9.28005482e-001
 7.20485225e-001
 6.80571943e-001
 7.07305280e-001
 6.96645337e-001
 5.93731619e-001
 5.71131981e-001
 7.34384293e-001
 8.74265063e-001
 9.86953587e-001
 1.23240571e+000
 1.36724537e+000
 1.15467111e+000
 9.57334127e-001
 9.99620769e-001
 1.05260491e+000
 8.26291829e-001
 7.29451386e-001
 7.89916145e-001
 8.61505004e-001
 9.80151861e-001
 8.26949310e-001
 7.08447437e-001
 8.09331481e-001
 1.01670184e+000
 1.00410991e+000
 8.32659713e-001
 1.17469776e+000
 1.20450271e+000
 7.89156675e-001
 7.25229562e-001
 8.82288558e-001
 8.87887224e-001
 8.76318724e-001
 9.85722605e-001
 1.05583944e+000
 1.13068087e+000
 1.27035543e+000
 1.34380962e+000
 1.34399009e+000
 1.24282544e+000
 1.06243569e+000
 9.61424577e-001
 9.56395355e-001
 9.94996376e-001
 7.37909057e-001
 8.21054268e-001
 9.82904608e-001
 9.60379308e-001
 1.36347602e+000
 1.58445320e+000
 1.09310338e+000
 9.32905871e-001
 1.20504054e+000
 1.61592974e+000
 1.53601639e+000
 1.53031906e+000
 1.75673288e+000
 1.29624909e+000
 1.21585036e+000
 1.61538065e+000
 1.54905619e+000
 1.24493618e+000
 1.20088841e+000
 1.35560064e+000
 1.28768886e+000
 1.26167966e+000
 1.55138019e+000
 1.85418003e+000
 1.63422974e+000
 1.48089625e+000
 1.15713438e+000
 1.30780533e+000
 1.61285183e+000
 1.42619461e+000
 1.63026027e+000
 1.39048291e+000
 1.28047576e+000
 1.10284749e+000
 9.46040744e-001
 1.06354691e+000
 1.23518683e+000
 1.22273034e+000
 1.01850663e+000
 1.15915395e+000
 1.37429854e+000
 1.71546729e+000
 1.68752508e+000
 1.32508519e+000
 1.51115470e+000
 1.32148625e+000
 1.13531226e+000
 1.23127058e+000
 1.51573833e+000
 1.68314347e+000
 1.32918794e+000
 1.30215460e+000
 1.37757085e+000
 1.54671447e+000
 1.89800213e+000
 1.81613858e+000
 1.75012065e+000
 1.64813592e+000
 1.67222285e+000
 2.08115189e+000
 1.79868190e+000
 1.29760631e+000
 1.31717659e+000
 1.47781689e+000
 1.53233283e+000
 1.54145485e+000
 1.45171187e+000
 1.34998371e+000
 1.48378660e+000
 1.51376749e+000
 1.32739598e+000
 1.44212677e+000
 1.42313681e+000
 1.21167049e+000
 1.20607490e+000
 1.79213286e+000
 1.79386415e+000
 1.63910309e+000
 1.71197797e+000
 1.30513406e+000
 1.48789551e+000
 1.65010037e+000
 1.60924888e+000
 1.98269019e+000
 2.10853163e+000
 1.58458635e+000
 1.29039600e+000
 1.38435921e+000
 1.40802123e+000
 1.47067790e+000
 1.65447306e+000
 1.68019178e+000
 1.94719104e+000
 1.68006035e+000
 1.14912372e+000
 1.29360357e+000
 1.38912158e+000
 1.24044136e+000
 1.59601787e+000
 1.65223169e+000
 1.45609832e+000
 1.73569626e+000
 1.41918514e+000
 1.21055620e+000
 1.53257439e+000
 1.73697707e+000
 1.42827708e+000
 1.42413974e+000
 1.55879793e+000
 1.39335695e+000
 1.62272665e+000
 2.52999696e+000
 2.23580836e+000
 1.66356943e+000
 1.86228408e+000
 1.73912690e+000
 1.69075050e+000
 1.53850742e+000
 1.75569022e+000
 2.10640725e+000
 2.17723466e+000
 1.95541140e+000
 1.48905786e+000
 1.60734130e+000
 1.83746489e+000
 1.88103738e+000
 1.79101266e+000
 1.60827245e+000
 1.59886345e+000
 1.96354620e+000
 2.32662904e+000
 1.74872609e+000
 1.43898313e+000
 2.06648214e+000
 2.21144783e+000
 1.43987857e+000
 1.32396179e+000
 1.71393229e+000
 1.79216417e+000
 1.50351278e+000
 1.55294795e+000
 2.32123919e+000
 2.33504369e+000
 2.10128202e+000
 2.50118589e+000
 2.12177736e+000
 2.19485866e+000
 2.61515095e+000
 2.44196879e+000
 2.79241539e+000
 3.50515180e+000
 2.76575798e+000
 2.25097745e+000
 2.98550162e+000
 2.96026447e+000
 1.85760762e+000
 2.04793162e+000
 2.47867999e+000
 2.04323768e+000
 1.58041266e+000
 1.73867953e+000
 2.45699728e+000
 2.58250295e+000
 2.37289464e+000
 2.06164122e+000
 1.59109077e+000
 1.70526371e+000
 2.49732887e+000
 2.11637778e+000
 2.06192994e+000
 2.62150210e+000
 2.54698018e+000
 2.22114429e+000
 2.54343772e+000
 2.41232616e+000
 1.69797944e+000
 2.07822651e+000
 2.07576920e+000
 1.66292019e+000
 2.12519690e+000
 2.69335133e+000
 3.04323794e+000
 3.32328526e+000
 3.32609698e+000
 3.04451644e+000
 1.86464476e+000
 1.51133338e+000
 2.86730618e+000
 4.26559964e+000
 3.51369546e+000
 2.46892064e+000
 1.82087700e+000
 1.67445106e+000
 1.76587532e+000
 2.01989440e+000
 1.74124355e+000
 1.91037049e+000
 1.84001838e+000
 1.52206173e+000
 1.78258782e+000
 2.29251210e+000
 2.25309003e+000
 1.75384452e+000
 2.64687870e+000
 2.95881702e+000
 2.10494256e+000
 2.28236127e+000
 2.02995895e+000
 1.92019658e+000
 1.59888569e+000
 1.55764238e+000
 1.35335705e+000
 1.14905829e+000
 2.03139435e+000
 2.54718775e+000
 2.25488719e+000
 1.56015348e+000
 1.72596411e+000
 2.01279791e+000
 1.57099098e+000
 1.61030096e+000
 1.62546187e+000
 2.30349850e+000
 2.86921349e+000
 2.08277954e+000
 2.10515854e+000
 1.76090201e+000
 1.42134536e+000
 1.87910625e+000
 1.86939823e+000
 1.98071767e+000
 2.24294571e+000
 2.36781174e+000
 2.55213674e+000
 3.24563702e+000
 3.26179262e+000
 2.24649893e+000
 2.24358806e+000
 2.59042280e+000
 2.41869937e+000
 2.13210421e+000
 2.20965993e+000
 2.19355086e+000
 1.86931015e+000
 2.13168675e+000
 2.48147091e+000
 2.72021654e+000
 2.94807451e+000
 2.09538742e+000
 2.00516658e+000
 2.76479813e+000
 3.16111228e+000
 3.08480313e+000
 3.32980424e+000
 2.85707162e+000
 2.51425091e+000
 2.79667559e+000
 2.79574260e+000
 2.76037987e+000
 2.95789556e+000
 3.00033579e+000
 2.22909292e+000
 2.13231079e+000
 2.39058324e+000
 3.62279933e+000
 3.11057184e+000
 1.81312211e+000
 2.26563005e+000
 2.86466932e+000
 3.13229516e+000
 2.91965217e+000
 2.57625312e+000
 2.62056814e+000
 2.17632249e+000
 2.15821543e+000
 2.72480022e+000
 2.78922338e+000
 3.30215949e+000
 3.67085136e+000
 2.94046649e+000
 2.89991731e+000
 2.60131096e+000
 3.05267126e+000
 2.93298315e+000
 1.93570063e+000
 2.22639399e+000
 2.91746078e+000
 2.89821501e+000
 2.71157761e+000
 3.73813181e+000
 3.29601695e+000
 3.17885988e+000
 3.60417301e+000
 2.87645456e+000
 2.21439342e+000
 2.35619592e+000
 2.88197431e+000
 2.81298060e+000
 2.76574076e+000
 2.70820906e+000
 2.72951586e+000
 2.42071217e+000
 2.27275191e+000
 2.39193549e+000
 2.53627015e+000
 2.80962099e+000
 3.30216446e+000
 3.07316317e+000
 2.31108353e+000
 2.86659513e+000
 3.85952857e+000
 3.22298393e+000
 3.52473777e+000
 2.75712506e+000
 1.98887980e+000
 2.20725321e+000
 2.31081457e+000
 2.18559953e+000
 3.41669034e+000
 3.94969034e+000
 2.63304887e+000
 3.37614925e+000
 3.26593396e+000
 2.12410399e+000
 1.82711666e+000
 2.68178901e+000
 3.28762083e+000
 3.28264996e+000
 3.80829795e+000
 3.72972103e+000
 3.13977054e+000
 2.23654391e+000
 2.10948072e+000
 2.40297197e+000
 2.73489494e+000
 2.92389501e+000
 2.81834958e+000
 2.95170554e+000
 2.67146557e+000
 2.47558302e+000
 3.95725846e+000
 3.76436215e+000
 2.92336825e+000
 2.97412240e+000
 2.87543498e+000
 2.40431436e+000
 2.03254080e+000
 2.31614921e+000
 3.00741760e+000
 3.55059961e+000
 3.35475067e+000
 2.99049509e+000
 2.70607092e+000
 1.99405320e+000
 2.39644634e+000
 3.39987540e+000
 2.77126655e+000
 2.45445771e+000
 2.85577317e+000
 4.30216535e+000
 3.85036369e+000
 3.27676536e+000
 3.48240422e+000
 4.13353786e+000
 3.84298964e+000
 4.28456708e+000
 4.60792930e+000
 4.12468565e+000
 3.56566710e+000
 3.26718310e+000
 3.65034805e+000
 2.95769971e+000
 3.89297179e+000
 5.58776677e+000
 4.77310421e+000
 3.94567832e+000
 4.58755749e+000
 3.85734152e+000
 3.13407714e+000
 3.38279081e+000
 3.32422642e+000
 3.29446922e+000
 3.46425003e+000
 3.82800021e+000
 3.66922265e+000
 4.03108851e+000
 4.42372471e+000
 3.93199154e+000
 4.74026585e+000
 4.53862754e+000
 4.05891155e+000
 3.74181034e+000
 3.10028958e+000
 3.37790640e+000
 3.15579409e+000
 4.12684118e+000
 5.32458085e+000
 4.51236409e+000
 4.71750889e+000
 4.81985869e+000
 4.71703452e+000
 5.15667087e+000
 4.22747897e+000
 3.35142127e+000
 4.10935148e+000
 4.85030994e+000
 5.06705289e+000
 5.24174068e+000
 4.92237252e+000
 4.51919843e+000
 3.56079663e+000
 3.49487540e+000
 4.29050877e+000
 5.11939079e+000
 5.12755752e+000
 4.99503581e+000
 4.77052146e+000
 4.31468589e+000
 3.87354010e+000
 4.34231199e+000
 5.26399592e+000
 6.32965057e+000
 7.30279798e+000
 5.17819886e+000
 3.68514398e+000
 4.52421407e+000
 5.36201196e+000
 4.34396511e+000
 3.81643249e+000
 5.01102910e+000
 6.12928127e+000
 5.55815238e+000
 4.55345377e+000
 4.17000193e+000
 4.55749151e+000
 5.36002119e+000
 6.56653278e+000
 6.07953078e+000
 5.67060191e+000
 5.79594754e+000
 5.01335706e+000
 6.25891409e+000
 6.87800638e+000
 4.97554133e+000
 5.46026781e+000
 6.37088864e+000
 5.84015882e+000
 4.83195990e+000
 4.70250040e+000
 4.40474675e+000
 4.27865894e+000
 4.73441946e+000
 5.36364888e+000
 6.96738515e+000
 6.59005657e+000
 6.19172826e+000
 5.86624666e+000
 5.26291228e+000
 5.90442642e+000
 6.61159075e+000
 6.07909523e+000
 4.04494009e+000
 3.66926196e+000
 3.39993555e+000
 3.07110682e+000
 4.37630421e+000
 6.60043528e+000
 5.59491700e+000
 4.30088527e+000
 5.00208410e+000
 4.29013408e+000
 4.38643807e+000
 6.11557392e+000
 5.15099092e+000
 4.66439030e+000
 4.82307843e+000
 5.98774742e+000
 5.76419815e+000
 4.78605927e+000
 4.96034235e+000
 4.88585247e+000
 6.12298734e+000
 6.50673636e+000
 5.46142452e+000
 5.24200681e+000
 7.13352775e+000
 1.02122208e+001
 7.41708379e+000
 5.04345260e+000
 5.26917436e+000
 7.24684851e+000
 6.58116648e+000
 4.10923633e+000
 4.27461553e+000
 6.38079620e+000
 8.35165315e+000
 6.27709955e+000
 4.50601137e+000
 5.91476134e+000
 6.18443840e+000
 4.88277253e+000
 5.25609281e+000
 4.60366679e+000
 4.98707260e+000
 4.80452143e+000
 5.71970885e+000
 8.50585066e+000
 8.71207352e+000
 7.11991808e+000
 5.63779676e+000
 5.32022897e+000
 6.00299319e+000
 6.44391167e+000
 4.78154482e+000
 5.74325650e+000
 7.18638343e+000
 4.78608833e+000
 6.58122983e+000
 8.97571483e+000
 5.32964220e+000
 5.28977670e+000
 7.38635188e+000
 6.97358523e+000
 4.70218414e+000
 4.29946266e+000
 5.18103768e+000
 6.94226668e+000
 7.64530629e+000
 5.45314806e+000
 6.23241575e+000
 6.74602655e+000
 6.29325307e+000
 7.24200549e+000
 6.15531905e+000
 4.62490842e+000
 4.80811261e+000
 6.19588033e+000
 7.38006546e+000
 8.64591535e+000
 6.43898817e+000
 5.30934084e+000
 7.07896824e+000
 9.57551784e+000
 1.00482072e+001
 8.24323053e+000
 7.29499715e+000
 8.30632398e+000
 8.64827870e+000
 7.67521989e+000
 6.36196753e+000
 6.30591216e+000
 7.96477747e+000
 6.21066903e+000
 6.31935501e+000
 9.49637325e+000
 1.05823667e+001
 8.11854832e+000
 8.13979461e+000
 7.70656092e+000
 7.65487932e+000
 7.05175067e+000
 7.82136295e+000
 1.33249900e+001
 1.00341225e+001
 9.46530086e+000
 1.24769083e+001
 1.46981080e+001
 1.03760304e+001
 8.93884167e+000
 1.24135858e+001
 1.14541954e+001
 9.19312850e+000
 9.65594987e+000
 1.00718898e+001
 8.05133714e+000
 8.10058910e+000
 7.84134088e+000
 1.05281729e+001
 1.17747433e+001
 9.35453854e+000
 1.01375485e+001
 1.03868799e+001
 1.28428411e+001
 9.27449568e+000
 7.20814235e+000
 8.15747406e+000
 8.20730497e+000
 1.09958189e+001
 1.31822738e+001
 1.27220086e+001
 1.04333371e+001
 8.35253225e+000
 7.22892188e+000
 7.81611688e+000
 1.15756134e+001
 1.29766806e+001
 1.02598569e+001
 1.11815335e+001
 1.27786390e+001
 1.16303920e+001
 1.26276348e+001
 1.04703116e+001
 9.77936473e+000
 9.14946348e+000
 7.54662531e+000
 1.11998551e+001
 1.20522752e+001
 8.87846864e+000
 1.02476001e+001
 1.28730623e+001
 1.09176414e+001
 1.05945389e+001
 9.66036151e+000
 1.01122296e+001
 1.75582632e+001
 1.54363141e+001
 1.41275285e+001
 1.69756647e+001
 9.86950012e+000
 9.41050828e+000
 1.48058282e+001
 1.13174871e+001
 1.17838543e+001
 1.66109130e+001
 1.76130229e+001
 1.65956963e+001
 1.72203302e+001
 1.39972585e+001
 1.07550633e+001
 1.32748085e+001
 1.86981200e+001
 1.58941043e+001
 1.39218327e+001
 1.71747835e+001
 1.44924240e+001
 1.19684188e+001
 1.30776103e+001
 1.38979938e+001
 1.36267251e+001
 1.34109779e+001
 1.08925544e+001
 1.10001874e+001
 1.51212246e+001
 1.53720731e+001
 1.24175254e+001
 1.03609881e+001
 1.21051190e+001
 1.82728485e+001
 1.61772393e+001
 1.43257426e+001
 1.19057418e+001
 7.42855384e+000
 8.81608983e+000
 1.50113349e+001
 1.85252123e+001
 1.66485197e+001
 1.16554646e+001
 1.13073085e+001
 1.27046237e+001
 8.85617120e+000
 9.61457659e+000
 1.68761016e+001
 1.78037427e+001
 1.46970613e+001
 1.52613791e+001
 1.81538256e+001
 1.72317709e+001
 1.08378298e+001
 1.10109157e+001
 1.48727074e+001
 1.66373714e+001
 1.62851028e+001
 1.34667299e+001
 1.13005337e+001
 9.41193267e+000
 9.50296698e+000
 1.19410190e+001
 1.55909199e+001
 1.48292691e+001
 1.29844660e+001
 1.61344526e+001
 1.88689666e+001
 1.38339284e+001
 1.20652797e+001
 1.41316115e+001
 1.98710899e+001
 1.75951795e+001
 1.36344701e+001
 1.49900392e+001
 1.78473418e+001
 1.96743706e+001
 1.56270909e+001
 1.38092725e+001
 1.88369655e+001
 1.73819914e+001
 1.59490371e+001
 2.04058304e+001
 2.22325791e+001
 1.66307475e+001
 1.30822109e+001
 1.17288135e+001
 1.06952212e+001
 1.18306084e+001
 1.18600845e+001
 1.33466340e+001
 1.39739906e+001
 1.71076179e+001
 1.66166582e+001
 1.08415869e+001
 9.75257815e+000
 1.34159648e+001
 1.50640599e+001
 1.22627288e+001
 1.32522557e+001
 1.44051432e+001
 1.26797050e+001
 1.31578570e+001
 1.45507806e+001
 1.93262845e+001
 2.03229511e+001
 1.55507670e+001
 1.58075139e+001
 2.51784360e+001
 2.75543758e+001
 1.92291794e+001
 1.75601942e+001
 1.65017048e+001
 1.98074009e+001
 2.41090763e+001
 1.70331149e+001
 1.43906914e+001
 1.39323463e+001
 1.43369969e+001
 1.91561222e+001
 1.85042838e+001
 2.25805390e+001
 3.23714045e+001
 2.40455449e+001
 1.65434482e+001
 1.65642209e+001
 2.13777028e+001
 2.52452423e+001
 2.36061675e+001
 2.11010632e+001
 1.87887515e+001
 1.76931045e+001
 2.30843893e+001
 2.24882590e+001
 1.49561052e+001
 1.42269554e+001
 1.42798407e+001
 1.11247737e+001
 7.58711133e+000
 1.02097852e+001
 1.32697420e+001
 1.25223023e+001
 1.23689991e+001
 1.06739368e+001
 1.42049814e+001
 1.46177928e+001
 1.08155540e+001
 1.15620345e+001
 1.59577883e+001
 2.05514696e+001
 1.53873903e+001
 1.17180959e+001
 1.38362039e+001
 1.34630746e+001
 1.14620025e+001
 1.54219524e+001
 1.67812599e+001
 1.91364837e+001
 1.82960989e+001
 2.08882204e+001
 3.53145560e+001
 2.89126149e+001
 2.22863520e+001
 1.98560602e+001
 2.64731196e+001
 2.81418154e+001
 1.75321892e+001
 1.50090228e+001
 2.42874295e+001
 3.28813365e+001
 2.70285906e+001
 2.03626086e+001
 2.03083274e+001
 2.30059577e+001
 3.26448958e+001
 3.36757778e+001
 2.57547418e+001
 2.86813785e+001
 2.03235560e+001
 1.93254249e+001
 2.03196289e+001
 1.84734772e+001
 2.21321197e+001
 2.16173724e+001
 2.19266878e+001
 2.16973100e+001
 1.48526895e+001
 1.85805588e+001
 3.58035535e+001
 2.70490023e+001
 2.27867367e+001
 2.93756542e+001
 2.72560572e+001
 2.41627441e+001
 1.89991592e+001
 1.43996536e+001
 1.40113544e+001
 1.85625311e+001
 2.36812173e+001
 2.04377686e+001
 1.86269530e+001
 2.04853942e+001
 2.51789421e+001
 3.16304599e+001
 2.66463522e+001
 2.00556251e+001
 2.29837844e+001
 3.12730819e+001
 2.85027770e+001
 2.19481806e+001
 2.19164498e+001
 2.02466660e+001
 1.96267631e+001
 2.45497096e+001
 2.19034295e+001
 2.45098905e+001
 3.26538110e+001
 2.15542341e+001
 2.43056699e+001
 3.57020140e+001
 3.90775411e+001
 3.25387000e+001
 2.33518771e+001
 2.18722036e+001
 1.72820497e+001
 1.82060326e+001
 2.41461645e+001
 2.41737596e+001
 2.36049763e+001
 1.88335050e+001
 1.77097217e+001
 2.18138141e+001
 1.88720037e+001
 2.04631712e+001
 1.90844131e+001
 1.62114628e+001
 1.92993431e+001
 1.99012713e+001
 1.48195650e+001
 9.41881301e+000
 1.12121805e+001
 1.44459512e+001
 8.89199838e+000
 5.98906902e+000
 6.47719846e+000
 7.47087009e+000
 8.53568883e+000
 1.22110694e+001
 1.25892679e+001
 1.39991799e+001
 2.03437825e+001
 1.90465594e+001
 2.10898840e+001
 2.90038494e+001
 2.36760724e+001
 2.20862737e+001
 2.90624829e+001
 2.91729685e+001
 2.68516202e+001
 3.71119901e+001
 4.78236988e+001
 2.61309284e+001
 1.80107846e+001
 3.16228514e+001
 3.79429976e+001
 2.28874424e+001
 1.88428087e+001
 2.33304023e+001
 2.66833009e+001
 2.99224144e+001
 3.67614517e+001
 3.59075944e+001
 3.99019319e+001
 2.87923452e+001
 2.34753158e+001
 3.43401049e+001
 3.77777548e+001
 3.06766185e+001
 3.26332677e+001
 2.72915400e+001
 2.35327157e+001
 2.72050558e+001
 2.38626693e+001
 2.48824012e+001
 3.54946287e+001
 3.04483264e+001
 2.67396333e+001
 3.08027180e+001
 2.02464584e+001
 2.17085944e+001
 3.08189861e+001
 1.21246961e+001
 1.21364937e+001
 3.01783702e+001
 3.42578440e+001
 2.69591964e+001
 2.02294029e+001
 2.60305965e+001
 2.99340453e+001
 2.29883336e+001
 2.49974519e+001
 4.84365704e+001
 5.75555439e+001
 4.33456555e+001
 3.67770174e+001
 3.23946689e+001
 3.07661559e+001
 3.52195560e+001
 3.45906445e+001
 3.51021348e+001
 5.19845705e+001
 4.33065480e+001
 3.09592059e+001
 3.73342087e+001
 5.97738653e+001
 5.20472311e+001
 1.83867865e+001
 1.36208268e+001
 1.79351350e+001
 2.54583862e+001
 3.70467301e+001
 5.68046949e+001
 4.99834989e+001
 2.89652027e+001
 3.12176775e+001
 3.31199926e+001
 3.16635256e+001
 3.00338671e+001
 2.42726857e+001
 2.74787406e+001
 3.80546263e+001
 3.55242461e+001
 2.68734155e+001
 2.96535604e+001
 2.85910155e+001
 2.35271719e+001
 3.09250500e+001
 3.85404639e+001
 3.20067749e+001
 3.64568000e+001
 4.33017206e+001
 3.13322584e+001
 3.26167850e+001
 3.37293276e+001
 2.46886091e+001
 2.90592286e+001
 3.54816930e+001
 3.09717163e+001
 3.98969196e+001
 6.04825156e+001
 4.87904087e+001
 3.37685964e+001
 3.14617982e+001
 4.11650254e+001
 4.42307116e+001
 3.86040011e+001
 4.35331454e+001
 4.99869539e+001
 3.30525104e+001
 2.60295927e+001
 3.82204896e+001
 4.78459578e+001
 5.27881656e+001
 3.62876797e+001
 3.40683238e+001
 3.71130151e+001
 3.69968270e+001
 3.03348121e+001
 2.77962465e+001
 4.18319776e+001
 3.57938880e+001
 2.89372371e+001
 3.52322409e+001
 2.82648249e+001
 3.49646434e+001
 3.91058576e+001
 2.87257277e+001
 2.55776836e+001
 1.25976731e+001
 1.34274885e+001
 2.93001569e+001
 2.48385896e+001
 1.87989912e+001
 2.83397475e+001
 3.55402122e+001
 2.50283549e+001
 1.85304252e+001
 1.76907821e+001
 1.75715042e+001
 2.23218329e+001
 2.40413320e+001
 1.26751849e+001
 1.39015390e+001
 2.14038930e+001
 2.03146671e+001
 2.28258244e+001
 1.99343773e+001
 1.88059351e+001
 1.69104564e+001
 2.32694602e+001
 2.40034475e+001
 2.04659701e+001
 1.98076801e+001
 1.76430621e+001
 2.28878726e+001
 3.31711485e+001
 2.76546116e+001
 2.50592786e+001
 4.79462013e+001
 3.36548142e+001
 1.67012522e+001
 1.58117238e+001
 1.69642291e+001
 1.18910215e+001
 1.28891036e+001
 2.50737025e+001
 3.18699779e+001
 2.84942636e+001
 2.65758659e+001
 2.90448566e+001
 2.23771561e+001
 1.67699158e+001
 2.64918380e+001
 3.20243568e+001
 2.49050907e+001
 2.42784266e+001
 2.27275714e+001
 2.77258469e+001
 3.28243531e+001
 3.95638950e+001
 3.67166921e+001
 3.91994490e+001
 4.73985657e+001
 4.48594941e+001
 5.74787485e+001
 5.01349013e+001
 3.72659514e+001
 4.61015517e+001
 7.55928458e+001
 7.58847792e+001
 5.61671324e+001
 5.83427217e+001
 5.46895472e+001
 4.04982901e+001
 5.25048780e+001
 3.76609189e+001
 2.40679419e+001
 3.84583609e+001
 3.12104243e+001
 3.35128958e+001
 5.50802600e+001
 3.32071226e+001
 3.78872093e+001
 4.86953593e+001
 5.36502986e+001
 5.19025641e+001
 3.50673887e+001
 3.49535872e+001
 2.91118492e+001
 2.25180846e+001
 2.18704173e+001
 3.02652922e+001
 3.43959943e+001
 4.12047697e+001
 4.62246434e+001
 5.18471588e+001
 4.74190851e+001
 3.92834931e+001
 4.64464557e+001
 3.00565965e+001
 4.20253274e+001
 6.82156356e+001
 4.89492694e+001
 4.74331193e+001
 4.12406414e+001
 2.97193562e+001
 3.73557223e+001
 3.36114631e+001
 3.56667427e+001
 5.71360480e+001
 5.23614711e+001
 3.80262359e+001
 2.92508289e+001
 2.70214737e+001
 2.66857069e+001
 4.10984302e+001
 6.31764901e+001
 5.65444681e+001
 5.21908352e+001
 5.38879130e+001
 4.91989036e+001
 5.23938404e+001
 3.60192231e+001
 5.08009707e+001
 6.36005022e+001
 4.20081797e+001
 4.87487138e+001
 5.65271520e+001
 5.08012104e+001
 4.63381592e+001
 4.21829268e+001
 4.50696753e+001
 7.41408661e+001
 6.65378909e+001
 3.60190854e+001
 2.61331746e+001
 3.92245542e+001
 5.96651585e+001
 6.63287807e+001
 7.51173991e+001
 5.77084354e+001
 4.72414548e+001
 6.75143534e+001
 6.86549874e+001
 6.44732591e+001
 7.19358827e+001
 5.24902456e+001
 5.92888702e+001
 9.37451435e+001
 7.47407322e+001
 5.47105292e+001
 6.92981607e+001
 8.71856313e+001
 6.66480651e+001
 5.76873488e+001
 7.03315502e+001
 6.43433471e+001
 6.54243362e+001
 8.93154630e+001
 7.63389465e+001
 6.33467252e+001
 4.91351125e+001
 4.80112923e+001
 1.00447589e+002
 1.16738380e+002
 7.91006819e+001
 8.20085072e+001
 9.32307941e+001
 1.09395844e+002
 1.22881015e+002
 9.31745168e+001
 8.53004884e+001
 6.48632306e+001
 6.86812638e+001
 9.98240124e+001
 8.10199430e+001
 6.44067173e+001
 7.04083671e+001
 9.57409600e+001
 1.08538664e+002
 1.01659064e+002
 1.24449043e+002
 8.08593175e+001
 4.84231294e+001
 9.29421805e+001
 1.22763107e+002
 8.18254685e+001
 8.22655651e+001
 7.24696318e+001
 5.89062865e+001
 7.83139665e+001
 9.62905632e+001
 9.82563570e+001
 6.25681077e+001
 6.56647768e+001
 8.04769377e+001
 6.37059345e+001
 7.66717448e+001
 8.41796646e+001
 9.09923522e+001
 1.02015789e+002
 1.34428542e+002
 1.09337188e+002
 1.00419899e+002
 9.39526395e+001
 8.02410639e+001
 8.67056052e+001
 7.73472682e+001
 8.22124258e+001
 7.21052382e+001
 7.34306696e+001
 9.15282469e+001
 9.66481334e+001
 1.01927499e+002
 8.69532766e+001
 8.46036356e+001
 1.17212280e+002
 1.31944950e+002
 1.32245913e+002
 1.29530688e+002
 1.49625185e+002
 1.53745143e+002
 1.93208930e+002
 1.84974316e+002
 1.26859378e+002
 1.00980516e+002
 7.24441976e+001
 6.28102756e+001
 7.95527545e+001
 9.99101524e+001
 8.10821557e+001
 1.25760900e+002
 1.71578182e+002
 9.46549166e+001
 6.48728032e+001
 8.53128296e+001
 1.20583217e+002
 7.76308018e+001
 5.68401527e+001
 5.19358778e+001
 7.76751337e+001
 8.21945478e+001
 4.14225205e+001
 7.03716946e+001
 1.12902584e+002
 9.66083572e+001
 7.71928685e+001
 6.83404105e+001
 8.23402391e+001
 9.41610829e+001
 1.52705562e+002
 1.76742992e+002
 9.02292372e+001
 8.34725144e+001
 8.79672504e+001
 9.31418273e+001
 1.39304295e+002
 1.01111901e+002
 8.05993509e+001
 1.37032423e+002
 2.15178925e+002
 1.32245291e+002
 8.26153606e+001
 9.28021106e+001
 1.31097025e+002
 1.35697589e+002
 9.75351959e+001
 9.13967326e+001
 8.34270619e+001
 6.47580313e+001
 6.59313714e+001
 7.81153363e+001
 6.60137843e+001
 1.01416672e+002
 1.49554036e+002
 9.56424960e+001
 7.80178228e+001
 1.07178278e+002
 1.19979863e+002
 1.03349657e+002
 1.13221974e+002
 1.69696637e+002
 2.11599994e+002
 1.50211406e+002
 2.07864747e+002
 2.72284257e+002
 2.37012605e+002
 1.62549896e+002
 1.10071272e+002
 1.88692666e+002
 3.35536500e+002
 4.60384587e+002
 2.52682604e+002
 1.44117923e+002
 1.78319926e+002
 1.95881913e+002
 1.65587194e+002
 1.59343939e+002
 2.01637668e+002
 1.61047749e+002
 1.98397660e+002
 2.52139919e+002
 1.56396914e+002
 1.55765426e+002
 1.88466645e+002
 2.21854978e+002
 3.18570416e+002
 2.30869152e+002
 1.53598338e+002
 1.84923112e+002
 1.89780646e+002
 1.34504818e+002
 1.35834872e+002
 2.27689264e+002
 3.05795638e+002
 3.41818491e+002
 3.92855169e+002
 2.76783332e+002
 2.90887093e+002
 3.43842534e+002
 2.86056544e+002
 3.08180436e+002
 2.17515145e+002
 1.40363949e+002
 1.51992370e+002
 1.19266711e+002
 1.64770158e+002
 3.62084529e+002
 3.90629814e+002
 2.22688407e+002
 2.20336563e+002
 2.72463507e+002
 2.06938305e+002
 2.32750771e+002
 2.83409909e+002
 3.31019773e+002
 2.30558637e+002
 2.42515925e+002
 2.93559686e+002
