 1.12479606e-009
 1.49382288e-009
 1.81856142e-009
 1.56038477e-009
 1.80497837e-009
 2.99082109e-009
 3.46606256e-009
 4.48803227e-007
 5.41832374e-009
 7.06290935e-009
 6.52124691e-009
 6.29124835e-009
 5.20570284e-009
 3.30543886e-009
 2.61776175e-009
 3.05267140e-009
 2.82258345e-009
 2.11283908e-009
 1.47668884e-009
 1.10750763e-009
 9.21988087e-010
 8.53622977e-010
 8.00135300e-010
 NaN
 1.64313097e-008
 NaN
 1.89111283e-008
 NaN
 NaN
 NaN
 NaN
 NaN
 NaN
 NaN
 NaN
 NaN
 NaN
 NaN
 1.10935736e-008
 NaN
 NaN
 NaN
 9.03046585e-010
 1.13872551e-009
 7.61187888e-010
 NaN
 8.18523352e-010
 NaN
 NaN
 NaN
 NaN
 7.12220928e-010
 NaN
 1.61780257e-008
 NaN
 8.23867834e-010
 1.09462367e-009
 1.24938835e-009
 1.21117446e-009
 9.97539636e-010
 1.05033395e-009
 9.07340500e-010
 NaN
 NaN
 NaN
 NaN
 NaN
 NaN
 NaN
 NaN
 NaN
 NaN
 3.49291530e-009
 NaN
 NaN
 NaN
 NaN
 4.08766064e-009
 NaN
 NaN
 NaN
 NaN
 NaN
 NaN
 NaN
 NaN
 2.73061420e-009
 NaN
 NaN
 NaN
 NaN
 NaN
 NaN
 NaN
 NaN
 NaN
 NaN
 NaN
 NaN
 4.18146350e-009
 NaN
 NaN
 NaN
 NaN
 NaN
 NaN
 NaN
 NaN
 NaN
 NaN
 NaN
 NaN
 NaN
 NaN
 NaN
 NaN
 NaN
 NaN
 9.34912884e-009
 NaN
 NaN
 NaN
 NaN
 NaN
 NaN
 NaN
 NaN
 NaN
 4.02089029e-009
 NaN
 NaN
 NaN
 NaN
 NaN
 NaN
 NaN
 NaN
 NaN
 NaN
 NaN
 NaN
 NaN
 NaN
 NaN
 1.38563687e-008
 8.25845106e-010
 1.14353124e-009
 1.07489887e-009
 7.21991318e-010
 NaN
 8.33563230e-010
 8.85033171e-010
 NaN
 NaN
 NaN
 NaN
 NaN
 NaN
 NaN
 NaN
 7.31611374e-010
 NaN
 7.18844534e-010
 7.69139285e-010
 NaN
 NaN
 9.44303768e-010
 1.38440807e-009
 1.94408791e-009
 2.07186158e-009
 1.53352369e-009
 1.45499001e-009
 1.87164880e-009
 1.46323356e-009
 1.30899385e-009
 2.04014319e-009
 2.18313192e-009
 1.51626192e-009
 1.19397442e-009
 9.66437548e-010
 NaN
 2.53126275e-008
 NaN
 NaN
 NaN
 NaN
 NaN
 NaN
 NaN
 7.11644486e-010
 1.92258038e-008
 NaN
 1.36306826e-009
 2.30140210e-009
 3.12451970e-009
 3.28096394e-009
 6.25990900e-009
 1.33652346e-008
 8.19143470e-009
 7.04102689e-009
 4.99667513e-009
 4.75063555e-009
 5.88273180e-009
 4.46416853e-009
 4.07830740e-009
 3.91895822e-009
 3.25901617e-009
 3.40158094e-009
 2.09949080e-009
 1.26412103e-009
 9.86722622e-010
 NaN
 NaN
 NaN
 NaN
 NaN
 NaN
 NaN
 8.47710532e-010
 9.24292812e-010
 8.90231843e-010
 1.00137980e-009
 1.21441491e-009
 1.65683402e-009
 1.96490946e-009
 2.56880028e-009
 2.60771203e-007
 1.96611677e-009
 1.69746160e-009
 1.30988643e-009
 1.38614851e-009
 1.89257166e-009
 2.18451657e-009
 2.23557761e-009
 2.32038748e-009
 2.21041662e-009
 1.97912847e-009
 2.44990293e-009
 2.29877238e-009
 1.99144618e-009
 2.36359512e-009
 2.03428819e-009
 1.86576732e-009
 1.52257352e-009
 9.81897280e-010
 7.45825990e-010
 2.39004380e-008
 8.13912237e-010
 7.77309808e-010
 7.19813914e-010
 NaN
 NaN
 NaN
 NaN
 NaN
 NaN
 1.10366731e-009
 2.10993452e-009
 2.43094163e-009
 2.62964905e-009
 3.90391662e-009
 3.29810297e-009
 3.00616171e-009
 3.66387301e-009
 5.19576081e-009
 3.96921460e-009
 3.17048938e-009
 2.97635720e-009
 2.17357680e-009
 3.50627630e-009
 5.12321572e-009
 3.82928069e-009
 2.60699354e-009
 2.03945662e-009
 1.94641801e-009
 1.58401585e-009
 1.06684627e-009
 8.13685574e-010
 NaN
 8.25334055e-010
 9.73145202e-010
 1.47721147e-009
 2.19121511e-009
 2.52512152e-009
 2.31726786e-009
 1.83325834e-009
 1.50660753e-009
 1.61157020e-009
 2.09589651e-009
 1.43313489e-009
 1.20435529e-009
 1.54581775e-009
 6.30556395e-008
 2.07475819e-009
 2.71844770e-009
 2.50798739e-009
 2.79376803e-009
 3.48045893e-009
 3.18850106e-009
 2.46650868e-009
 2.85841397e-009
 4.10064862e-009
 6.32272275e-009
 1.05960520e-008
 1.24791202e-008
 2.18577893e-008
 8.36921620e-008
 2.82452614e-007
 6.40556573e-007
 2.25223352e-006
 1.14311532e-006
 6.56190762e-006
 9.81240364e-007
 6.21744338e-006
 3.24882319e-007
 1.51160909e-007
 1.32524968e-007
 2.14736466e-007
 5.30113056e-007
 1.41283161e-005
 4.16826451e-007
 8.87479380e-008
 2.89000195e-008
 1.97939269e-008
 2.76395696e-008
 4.00828410e-008
 6.68609825e-008
 1.21340064e-007
 5.28327632e-008
 6.38882255e-008
 8.51659270e-008
 5.41913900e-008
 7.32235900e-008
 6.76205986e-008
 5.26208223e-008
 3.00809899e-008
 1.93712427e-008
 2.35383333e-008
 2.18024389e-008
 1.97332615e-008
 3.21594026e-008
 1.69683725e-007
 1.47893167e-006
 5.48791021e-006
 3.26670242e-007
 2.03123726e-007
 9.55315916e-008
 1.01173792e-007
 2.10531225e-007
 3.69162589e-007
 7.68388446e-007
 2.88308637e-006
 1.46894643e-005
 1.07781022e-006
 3.64601118e-006
 2.37871200e-005
 5.18979824e-006
 1.50203201e-006
 5.66321115e-007
 2.73682814e-008
 2.55523854e-006
 6.18225784e-006
 3.62602119e-005
 1.61589587e-006
 1.13035790e-006
 9.51994301e-007
 1.99126865e-006
 3.73385667e-005
 8.49316838e-007
 2.89625839e-007
 1.29901468e-006
 3.32537119e-005
 1.00284996e-006
 1.24841730e-007
 5.93642252e-008
 2.83015319e-008
 1.42279097e-008
 5.04135757e-007
 1.35373474e-008
 1.01935037e-008
 1.08009037e-008
 1.36389840e-008
 1.93942910e-008
 4.47261399e-008
 9.11566293e-008
 2.73216406e-008
 3.60764201e-008
 3.41949235e-008
 2.48329545e-008
 2.62635959e-008
 2.77192058e-008
 1.72199340e-008
 9.29578522e-009
 8.00217467e-009
 7.05279183e-009
 4.86823042e-009
 3.27546079e-009
 2.30293767e-009
 1.28035427e-007
 2.52162184e-009
 2.39344321e-009
 2.70831326e-009
 3.08548704e-009
 2.86895567e-009
 3.32847155e-009
 4.23757564e-009
 3.33891440e-009
 2.77781977e-009
 4.13768856e-009
 4.50854346e-009
 5.04570605e-009
 8.62395150e-009
 1.33571400e-008
 4.92234852e-008
 6.81070344e-009
 5.25599027e-009
 3.91319293e-009
 2.99340535e-009
 2.83716683e-009
 1.74152611e-009
 1.27397271e-009
 1.14366935e-009
 1.19020403e-009
 9.06299916e-010
 8.57690622e-010
 1.05647268e-009
 1.19290376e-009
 1.88286564e-009
 1.76841192e-009
 1.59162982e-009
 2.33982954e-009
 2.46010195e-009
 2.00560519e-009
 9.84983143e-008
 2.52905048e-009
 3.25338031e-009
 2.13763106e-009
 1.64305828e-009
 2.07767629e-009
 2.28793805e-007
 1.87965179e-009
 1.61422063e-009
 1.48399660e-009
 1.49809017e-009
 2.13305024e-009
 3.66667674e-009
 6.42843189e-009
 3.15244090e-009
 9.69589550e-007
 2.44711087e-009
 2.19283875e-009
 1.87227492e-009
 1.14514972e-009
 9.39315703e-010
 1.21053632e-009
 1.37512082e-009
 1.80821938e-009
 2.43561165e-009
 1.63208903e-007
 2.79709270e-009
 3.24891269e-009
 4.00049908e-009
 5.75493261e-009
 9.57224466e-009
 1.26587742e-006
 7.62517522e-009
 8.68105923e-009
 2.25948806e-008
 7.44376327e-008
 1.28354023e-007
 3.20432662e-006
 3.72218030e-007
 6.41742798e-008
 3.29755867e-008
 2.41019754e-008
 1.77802321e-008
 1.64404901e-008
 1.24831062e-008
 9.01640925e-009
 7.35085805e-009
 6.11100477e-009
 5.10404876e-009
 4.02777496e-009
 3.54748809e-009
 3.05222392e-009
 2.61633028e-009
 2.49029368e-009
 2.20927697e-009
 1.88822135e-009
 1.79769585e-009
 1.83264692e-009
 1.84700396e-009
 1.81723770e-009
 1.61115491e-009
 1.51528704e-009
 1.61504134e-009
 1.72192750e-009
 1.84965133e-009
 1.96053203e-009
 1.98520899e-009
 2.15617951e-009
 2.38759514e-009
 2.61900336e-009
 2.79334377e-009
 2.91001299e-009
 3.01519940e-009
 3.36964005e-009
 3.90825159e-009
 4.21363440e-009
 4.29855193e-009
 4.53812604e-009
 4.89484291e-009
 4.59909270e-009
 4.64088822e-009
 4.89089588e-009
 5.33435038e-009
 5.70414993e-009
 5.92560605e-009
 6.89169354e-009
 7.18357948e-009
 6.17194996e-009
 6.29930567e-009
 6.86977891e-009
 6.70352718e-009
 6.77807150e-009
 7.01962735e-009
 7.08332890e-009
 6.82255221e-009
 7.28493952e-009
 8.05833014e-009
 8.78266225e-009
 8.52166758e-009
 8.13064226e-009
 8.54284720e-009
 9.12100850e-009
 9.20081563e-009
 8.20540989e-009
 8.58352573e-009
 9.13639650e-009
 6.23167261e-009
 8.42933531e-009
 7.94118808e-009
 8.11454714e-009
 5.55168917e-009
 8.94349585e-009
 9.48778777e-009
 8.62068135e-009
 7.91687766e-009
 7.70097430e-009
 7.42857243e-009
 7.88373983e-009
 8.66675923e-009
 7.92026987e-009
 8.02260521e-009
 8.54301538e-009
 8.37290095e-009
 8.71089565e-009
 8.67236160e-009
 8.66227001e-009
 8.50891300e-009
 8.61253553e-009
 8.73166606e-009
 5.96165975e-009
 9.16708237e-009
 8.84355609e-009
 9.06529005e-009
 1.00376990e-008
 6.57403679e-009
 9.97636435e-009
 1.00760183e-008
 9.81957147e-009
 1.06701195e-008
 1.17499277e-008
 1.20984788e-008
 1.17009401e-008
 1.21017172e-008
 1.36087376e-008
 1.38257683e-008
 1.30992892e-008
 1.43805133e-008
 1.62861446e-008
 9.12847251e-009
 1.49478042e-008
 1.55030830e-008
 1.90910879e-008
 9.79586959e-009
 1.99960455e-008
 2.22075677e-008
 2.00450062e-008
 2.26344276e-008
 2.59839204e-008
 2.40657776e-008
 2.65552670e-008
 2.79583755e-008
 2.93100561e-008
 3.34112031e-008
 3.11669101e-008
 2.95789693e-008
 3.19479027e-008
 3.75558269e-008
 4.01200231e-008
 3.90538157e-008
 4.26123998e-008
 3.92543681e-008
 4.09529011e-008
 5.48834653e-008
 6.58930336e-008
 5.68297074e-008
 4.49983944e-008
 5.61756307e-008
 7.35520687e-008
 4.55670458e-008
 4.04734243e-008
 5.50782994e-008
 7.55102889e-008
 8.26223165e-008
 8.53876010e-008
 8.67223430e-008
 1.00542944e-008
 7.75032538e-008
 5.53706477e-008
 6.24042255e-008
 1.59797549e-008
 6.82086603e-008
 6.70204781e-008
 4.36119053e-008
 4.92526795e-008
 5.80421767e-008
 4.49088674e-008
 4.10934633e-008
 5.47684735e-008
 6.51939493e-008
 7.09460790e-008
 8.07860689e-008
 6.28169404e-008
 4.57143182e-008
 5.23383529e-008
 7.47371124e-008
 8.12376751e-008
 1.07319677e-007
 9.56867257e-008
 4.79751245e-008
 3.97366716e-008
 5.47519013e-008
 5.78289383e-008
 6.53067005e-008
 8.40900334e-008
 6.48281798e-008
 5.10410678e-008
 5.89314239e-008
 6.14351374e-008
 5.57319973e-008
 4.61632676e-008
 1.51593854e-008
 5.27657475e-008
 4.75925788e-008
 4.65097199e-008
 4.75710067e-008
 4.61122577e-008
 5.43888027e-008
 5.28200182e-008
 4.55187576e-008
 4.26054637e-008
 3.59469779e-008
 3.88018593e-008
 4.20906406e-008
 3.86662331e-008
 3.64102203e-008
 4.87144160e-008
 4.58788169e-008
 3.73940930e-008
 1.38613005e-008
 4.44526216e-008
 3.62018972e-008
 2.91608696e-008
 3.90063425e-008
 4.15021998e-008
 4.29915820e-008
 3.48380974e-008
 2.83546199e-008
 3.27167709e-008
 3.77332782e-008
 3.63712058e-008
 3.60568302e-008
 3.04102129e-008
 3.21104840e-008
 3.34352837e-008
 3.29573725e-008
 3.96359361e-008
 3.85873624e-008
 4.16103543e-008
 3.69349650e-008
 3.34992037e-008
 3.39370152e-008
 3.20996451e-008
 3.19615701e-008
 3.08593410e-008
 2.77676202e-008
 2.33820440e-008
 2.42627959e-008
 2.76068581e-008
 2.87904580e-008
 3.41049668e-008
 2.88598923e-008
 2.46482598e-008
 2.55968670e-008
 2.59508141e-008
 2.58070875e-008
 2.53284297e-008
 2.97617818e-008
 3.42623781e-008
 3.23452337e-008
 3.35960886e-008
 3.58602075e-008
 2.96588933e-008
 2.51207726e-008
 2.58955507e-008
 3.07515201e-008
 3.33896497e-008
 2.80379957e-008
 2.39547633e-008
 2.44998002e-008
 2.57848676e-008
 2.51208418e-008
 2.18298890e-008
 1.99751420e-008
 2.05355739e-008
 1.97390404e-008
 1.87743407e-008
 1.84463844e-008
 1.73705352e-008
 1.68646930e-008
 1.75104341e-008
 1.78997179e-008
 1.79876605e-008
 1.80122819e-008
 1.70049098e-008
 1.59097043e-008
 1.49943292e-008
 1.43913640e-008
 1.45348134e-008
 1.58858461e-008
 1.50935213e-008
 1.34673263e-008
 1.29210667e-008
 1.18647431e-008
 1.14803718e-008
 1.15847966e-008
 1.21757971e-008
 1.14273540e-008
 9.79567543e-009
 6.62064522e-009
 9.98859188e-009
 9.62669050e-009
 1.02130664e-008
 9.96387113e-009
 9.33186909e-009
 6.03680091e-009
 9.31365177e-009
 8.77204283e-009
 8.27412667e-009
 8.09236239e-009
 7.62300297e-009
 7.01556311e-009
 7.17823920e-009
 7.46798092e-009
 6.89332446e-009
 6.59216672e-009
 6.26844342e-009
 6.33132637e-009
 6.49171368e-009
 6.13355974e-009
 5.89453894e-009
 6.06755679e-009
 6.24054762e-009
 6.01916455e-009
 5.79306145e-009
 5.57764741e-009
 4.06012353e-009
 5.69955876e-009
 5.65900894e-009
 5.31339101e-009
 4.95166340e-009
 3.82812221e-009
 4.73833682e-009
 4.68894827e-009
 4.67506618e-009
 4.24815091e-009
 4.18599789e-009
 4.51106642e-009
 3.54158715e-009
 4.26510408e-009
 4.24155924e-009
 4.31243463e-009
 4.21958705e-009
 3.97261264e-009
 3.69592858e-009
 2.98128787e-009
 3.76994387e-009
 3.73691615e-009
 4.13792826e-009
 4.35371788e-009
 3.90913486e-009
 3.74666703e-009
 3.83370965e-009
 3.74769054e-009
 3.64958795e-009
 3.65994384e-009
 3.52961017e-009
 3.44355917e-009
 3.60413861e-009
 3.75479432e-009
 3.87312643e-009
 3.86127887e-009
 3.63241460e-009
 3.49464338e-009
 3.55584106e-009
 3.53059903e-009
 3.33107287e-009
 3.34971002e-009
 3.62253553e-009
 2.84498817e-009
 3.46403314e-009
 2.82567542e-009
 3.46081248e-009
 3.41090145e-009
 3.42403314e-009
 3.55018000e-009
 3.44477697e-009
 3.38282720e-009
 3.33875162e-009
 3.22891256e-009
 3.30271587e-009
 3.26945537e-009
 3.07804820e-009
 3.00400018e-009
 2.81272258e-009
 2.52058357e-009
 2.58889886e-009
 2.70492187e-009
 2.64899490e-009
 2.79878535e-009
 2.72104722e-009
 2.49715653e-009
 2.47105030e-009
 2.56489069e-009
 2.57362819e-009
 2.45369485e-009
 2.07309819e-009
 2.52079335e-009
 2.50337749e-009
 2.40127587e-009
 2.38179408e-009
 2.48005776e-009
 2.51031831e-009
 2.27057543e-009
 2.29568655e-009
 2.53992500e-009
 2.68914475e-009
 2.25381476e-009
 2.53297374e-009
 2.59097142e-009
 2.67564306e-009
 2.74415041e-009
 2.88835423e-009
 2.82332445e-009
 2.76782472e-009
 2.88168551e-009
 3.06034215e-009
 3.22575918e-009
 3.33705629e-009
 3.18463999e-009
 2.60000521e-009
 3.46973814e-009
 3.60015113e-009
 3.73976481e-009
 3.61197706e-009
 3.43017451e-009
 3.73767801e-009
 3.97307597e-009
 3.71512984e-009
 3.79396845e-009
 4.01498475e-009
 3.97983075e-009
 4.01696832e-009
 3.81164236e-009
 3.94901369e-009
 4.06811030e-009
 4.02674119e-009
 4.20514966e-009
 3.36215523e-009
 4.25915465e-009
 4.30726204e-009
 4.46147818e-009
 4.43395337e-009
 4.34352248e-009
 4.39366444e-009
 4.34147085e-009
 4.17356754e-009
 4.27292183e-009
 4.53996617e-009
 4.62390982e-009
 3.64348017e-009
 4.48999514e-009
 4.44761571e-009
 4.46896914e-009
 4.24590969e-009
 4.26596330e-009
 4.73048950e-009
 3.61100972e-009
 4.65710353e-009
 4.50496641e-009
 4.28293878e-009
 4.46122205e-009
 4.51612288e-009
 4.44904240e-009
 4.32742161e-009
 4.36632183e-009
 4.15826946e-009
 3.96611739e-009
 4.34571297e-009
 4.22632538e-009
 4.10733662e-009
 4.50147283e-009
 4.43224727e-009
 3.99881212e-009
 3.76334386e-009
 4.06572211e-009
 4.34081162e-009
 4.14112691e-009
 3.86148730e-009
 3.67645009e-009
 3.92325231e-009
 4.13353006e-009
 4.11280187e-009
 4.00610915e-009
 3.80104319e-009
 3.73745808e-009
 3.58214021e-009
 3.68291587e-009
 3.95362745e-009
 3.77201206e-009
 3.49210656e-009
 3.41120879e-009
 3.44844776e-009
 3.67678235e-009
 3.61737880e-009
 3.51131224e-009
 3.73790930e-009
 3.59907731e-009
 2.88332397e-009
 3.72770047e-009
 3.57492103e-009
 3.43011224e-009
 3.53035253e-009
 3.78468398e-009
 3.68335408e-009
 3.65404663e-009
 3.77438254e-009
 3.72348767e-009
 3.80783653e-009
 3.07065884e-009
 3.67472104e-009
 3.89162213e-009
 4.02346919e-009
 3.93522590e-009
 3.89889699e-009
 3.70461814e-009
 3.88535692e-009
 3.90612480e-009
 3.59245502e-009
 3.74699735e-009
 3.83403608e-009
 3.88124977e-009
 4.16721222e-009
 4.12892375e-009
 4.03857218e-009
 4.30829155e-009
 4.33748241e-009
 4.36317013e-009
 4.32346832e-009
 4.27182363e-009
 4.49640323e-009
 4.69777578e-009
 4.90373164e-009
 4.78803413e-009
 4.70847558e-009
 4.80606500e-009
 5.00323915e-009
 5.04940519e-009
 4.94232012e-009
 4.77028659e-009
 4.64957170e-009
 5.00902489e-009
 3.90823575e-009
 5.08122012e-009
 5.65259760e-009
 5.79797452e-009
 5.90695082e-009
 5.98855357e-009
 6.07669423e-009
 6.15793124e-009
 5.99981065e-009
 5.91845537e-009
 6.26310890e-009
 6.69306852e-009
 6.21291452e-009
 6.43608919e-009
 7.35713346e-009
 7.00697055e-009
 6.64832661e-009
 6.61590417e-009
 6.80130356e-009
 7.61852909e-009
 7.80307572e-009
 7.44338248e-009
 7.65876386e-009
 7.44648879e-009
 7.32815149e-009
 7.87952190e-009
 8.23661151e-009
 8.14097277e-009
 7.70839301e-009
 7.59228547e-009
 7.84837626e-009
 8.39412569e-009
 8.66946297e-009
 8.41852872e-009
 8.36708817e-009
 8.45351930e-009
 8.64090219e-009
 9.16187896e-009
 9.26979704e-009
 9.19891678e-009
 9.59597848e-009
 9.22600988e-009
 9.49231845e-009
 1.01169694e-008
 9.99285139e-009
 1.01539918e-008
 1.03139360e-008
 1.07455507e-008
 1.10821836e-008
 1.06876343e-008
 1.02667204e-008
 1.12049951e-008
 1.14433730e-008
 1.11248606e-008
 1.14086935e-008
 1.13288202e-008
 1.19587881e-008
 1.21245757e-008
 1.17543251e-008
 1.21917701e-008
 1.26765000e-008
 1.34586866e-008
 1.42035638e-008
 1.44033316e-008
 1.62581481e-008
 1.55196723e-008
 1.30508816e-008
 1.34021355e-008
 1.45570506e-008
 1.41396524e-008
 1.51932196e-008
 1.59919528e-008
 1.48552044e-008
 1.54547951e-008
 1.51092765e-008
 1.58766652e-008
 1.93357534e-008
 2.06306997e-008
 1.78906122e-008
 1.83668048e-008
 2.21748379e-008
 2.08244349e-008
 1.76936746e-008
 1.88081922e-008
 2.14394034e-008
 1.95017621e-008
 1.91405322e-008
 2.16520150e-008
 2.28876442e-008
 2.34199195e-008
 2.13515813e-008
 2.10337851e-008
 2.46905014e-008
 1.15445843e-008
 2.45719268e-008
 2.64689166e-008
 2.61130428e-008
 2.81105805e-008
 3.35424380e-008
 1.16165732e-008
 3.95793977e-008
 5.04547534e-008
 1.55282894e-008
 4.62961691e-008
 4.01937019e-008
 3.92652077e-008
 4.09030418e-008
 4.72291810e-008
 5.23168205e-008
 4.66924942e-008
 4.99095284e-008
 1.53004142e-008
 4.31432577e-008
 4.95398890e-008
 5.14222496e-008
 4.51201137e-008
 5.35510010e-008
 6.42014679e-008
 1.70362327e-008
 7.62549996e-008
 9.81241164e-008
 1.04618401e-007
 9.01939189e-008
 7.83199985e-008
 6.86082139e-008
 7.95054408e-008
 1.31191780e-007
 2.15286233e-008
 1.18985117e-007
 1.48534250e-007
 1.78477686e-007
 1.20999677e-007
 1.32157162e-007
 7.49650790e-009
 1.77383135e-007
 2.10774748e-007
 1.52952326e-007
 2.27203431e-007
 2.02742692e-007
 3.00116303e-007
 1.44946268e-006
 2.47800700e-008
 1.11044406e-006
 4.60882253e-006
 4.80127122e-005
 1.44701261e-005
 9.14245870e-007
 4.54592449e-007
 2.60120989e-008
 4.17056988e-007
 9.01524231e-009
 7.31433368e-007
 2.62106363e-006
 2.60388850e-005
 2.85207910e-006
 3.09059856e-008
 4.32721769e-006
 1.46028014e-005
 2.35394057e-005
 3.49190613e-005
 3.80397800e-005
 1.26562742e-005
 3.32404956e-008
 4.57916186e-006
 5.44689703e-007
 7.34713301e-006
 1.69320696e-006
 4.40332934e-006
 3.46306509e-005
 5.25690823e-006
 1.43383857e-006
 8.65170031e-007
 4.13748140e-006
 3.57969146e-007
 1.40081978e-007
 9.89430428e-007
 1.50755445e-006
 5.80731489e-007
 3.52253549e-006
 1.46859776e-006
 5.84975060e-007
 4.30741476e-008
 1.12899960e-006
 1.32041357e-006
 5.19868804e-007
 2.14960397e-007
 2.31029585e-007
 2.76991302e-007
 1.77916626e-007
 3.65962613e-008
 1.38377385e-007
 1.28123192e-007
 3.54893288e-007
 4.14166959e-007
 3.14807620e-007
 7.89985785e-007
 1.07093336e-006
 9.86950471e-007
 5.84816734e-007
 1.69893617e-007
 1.22996996e-007
 1.13932285e-007
 6.42940337e-008
 1.37642535e-007
 3.26464626e-007
 1.34480935e-007
 6.21592566e-008
 1.94226171e-007
 1.81990795e-007
 1.69832671e-007
 8.41364505e-008
 6.61858303e-008
 1.39885603e-007
 2.21520020e-007
 9.12496676e-008
 6.56840246e-008
 8.46174459e-008
 8.04076389e-008
 1.36978998e-007
 2.48982030e-007
 1.72893021e-007
 6.07120448e-008
 1.63016390e-007
 6.15354929e-008
 6.92520329e-008
 9.97152860e-008
 1.05484073e-007
 1.73609725e-007
 1.32783959e-007
 8.28418088e-008
 6.59594563e-008
 1.13661362e-007
 8.85951866e-008
 5.39239177e-008
 6.02918154e-008
 8.96592106e-008
 1.56694854e-007
 9.70360824e-008
 6.86381677e-008
 7.35827427e-008
 6.52824760e-008
 4.07542808e-008
 3.08988204e-008
 1.43872428e-007
 4.80064568e-008
 5.24048625e-008
 4.04444822e-008
 1.04426533e-007
 8.14426363e-008
 5.10693507e-008
 5.67227963e-008
 4.04588088e-008
 3.61167561e-008
 4.03815093e-008
 7.16685152e-008
 5.71052543e-008
 6.28825787e-008
 7.92008684e-008
 5.94037385e-008
 4.57004424e-008
 5.30202187e-008
 8.87402006e-008
 8.08343538e-008
 6.16146140e-010
 5.35743910e-009
 5.40704472e-009
 5.42890083e-009
 5.41343902e-009
 5.40478299e-009
 5.40684042e-009
 5.40169922e-009
 5.39986504e-009
 5.40452398e-009
 5.40860548e-009
 5.40348352e-009
 5.40059587e-009
 5.40479046e-009
 5.40741595e-009
 5.40306561e-009
 5.40357343e-009
 5.40169443e-009
 5.39841986e-009
 5.40106473e-009
 5.40280431e-009
 5.40651176e-009
 5.40531678e-009
 5.41424387e-009
 5.41551164e-009
 5.40130058e-009
 5.39715187e-009
 5.39608894e-009
 5.39817687e-009
 5.39524886e-009
 5.39136179e-009
 5.39421174e-009
 5.40187429e-009
 5.40494250e-009
 5.40038618e-009
 5.39762830e-009
 5.40140083e-009
 5.32429691e-009
 5.39945797e-009
 5.41122347e-009
 5.40684761e-009
 5.39582758e-009
 5.40092022e-009
 5.39919587e-009
 5.39459276e-009
 5.40112152e-009
 5.40568533e-009
 5.39876068e-009
 5.39225018e-009
 5.39692490e-009
 5.39804539e-009
 5.39630836e-009
 5.40017992e-009
 5.39968728e-009
 5.40388012e-009
 5.32024198e-009
 5.41567731e-009
 5.42082567e-009
 5.40594509e-009
 5.40392017e-009
 5.39785008e-009
 5.39388011e-009
 5.39888886e-009
 5.40121049e-009
 5.39524587e-009
 5.39921858e-009
 5.40292463e-009
 5.39916408e-009
 5.40113915e-009
 5.39693173e-009
 5.39257342e-009
 5.39305024e-009
 5.40702633e-009
 5.40943092e-009
 5.40123765e-009
 5.32521023e-009
 5.39138498e-009
 5.38658726e-009
 5.38690925e-009
 5.39280081e-009
 5.39559853e-009
 5.39502236e-009
 5.39473459e-009
 5.38992931e-009
 5.39052547e-009
 5.39236953e-009
 5.38944322e-009
 5.33514375e-009
 5.39725712e-009
 5.31699793e-009
 5.39611745e-009
 5.40886263e-009
 5.39906040e-009
 5.38958826e-009
 5.39347418e-009
 5.39193152e-009
 5.39231566e-009
 5.39764579e-009
 5.39991511e-009
 5.39369460e-009
 5.39091619e-009
 5.39727340e-009
 5.40069749e-009
 5.39582064e-009
 5.40690876e-009
 5.41501191e-009
 5.40436778e-009
 5.36365076e-009
 5.40538678e-009
 5.40266237e-009
 5.39644269e-009
 5.40186011e-009
 5.41041126e-009
 5.40041147e-009
 5.31949614e-009
 5.40416983e-009
 5.39625909e-009
 5.31721351e-009
 5.40163005e-009
 5.40270671e-009
 5.40287445e-009
 5.40648733e-009
 5.32516511e-009
 5.39828013e-009
 5.40013924e-009
 5.40555111e-009
 5.40475711e-009
 5.40450264e-009
 5.41309302e-009
 5.33306811e-009
 5.40345804e-009
 5.40093515e-009
 5.39945024e-009
 5.40326492e-009
 5.40176468e-009
 5.39695318e-009
 5.39748364e-009
 5.40142101e-009
 5.40560446e-009
 5.41010584e-009
 5.41352138e-009
 5.41893686e-009
 5.40966841e-009
 5.40033647e-009
 5.40513922e-009
 5.40008667e-009
 5.39717911e-009
 5.40056825e-009
 5.41401993e-009
 5.40964827e-009
 5.40057771e-009
 5.40336919e-009
 5.40247018e-009
 5.40081764e-009
 5.40012157e-009
 5.40302211e-009
 5.39749603e-009
 5.39516200e-009
 5.40766682e-009
 5.41373053e-009
 5.40527439e-009
 5.40019581e-009
 5.40091935e-009
 5.40025123e-009
 5.40326379e-009
 5.40875041e-009
 5.32398239e-009
 5.41402474e-009
 5.41375552e-009
 5.39851041e-009
 5.39431316e-009
 5.40184194e-009
 5.31947305e-009
 5.40053180e-009
 5.40186904e-009
 5.41710798e-009
 5.41246120e-009
 5.39814130e-009
 5.40059860e-009
 5.40269598e-009
 5.40358727e-009
 5.40413885e-009
 5.36263070e-009
 4.14871891e-009
 3.35668105e-008
 1.48123050e-006
 1.39832643e-008
 2.70075639e-008
 2.04523170e-008
 1.86430030e-008
 2.40788464e-008
 1.20221233e-007
 2.34471352e-008
 1.91967946e-008
 1.95884089e-008
 2.84102336e-008
 1.75221854e-008
 1.55406125e-008
 1.79051500e-008
 1.45939751e-008
 9.21529180e-008
 1.57082061e-008
 1.38642473e-008
 1.73457256e-008
 3.00683366e-008
 2.61949666e-008
 2.13791048e-008
 2.00874620e-008
 1.82678260e-008
 1.89320318e-008
 1.94273758e-008
 1.76235500e-008
 1.68091669e-008
 1.81133994e-008
 1.72436995e-008
 1.46171946e-008
 1.69314996e-008
 1.63525000e-008
 1.47689581e-008
 1.99338725e-008
 3.11904626e-008
 2.87068793e-008
 2.29164356e-008
 2.18754967e-008
 1.81814634e-008
 1.50910978e-008
 1.31303649e-008
 1.44961016e-008
 3.09722309e-007
 1.68677813e-008
 2.32531004e-008
 1.88967544e-008
 1.31565979e-008
 1.55940210e-008
 1.88620471e-008
 2.03199181e-008
 2.70897210e-008
 1.98472132e-008
 1.42376444e-008
 1.48879599e-008
 1.32525395e-008
 1.18363285e-008
 4.03621250e-007
 1.12238092e-008
 9.90586787e-009
 1.04698884e-008
 1.13808762e-008
 1.36412087e-008
 1.85346991e-007
 1.35319080e-008
 2.43117795e-008
 6.86350610e-008
 1.76441612e-008
 1.14753013e-008
 1.58131757e-007
 1.71223198e-008
 1.43356676e-008
 1.08715765e-008
 1.35138152e-008
 2.32175825e-008
 3.08737735e-008
 2.73920624e-008
 1.93746610e-008
 1.61453807e-008
 1.86893498e-008
 2.45030187e-008
 1.36940928e-007
 2.14514804e-008
 2.06532578e-008
 1.91225316e-008
 1.35458580e-008
 1.58970198e-008
 2.29650073e-008
 1.82135859e-008
 1.48480961e-008
 1.57351727e-008
 1.12749371e-008
 1.35323462e-007
 1.45028876e-008
 2.06184757e-008
 2.19204145e-008
 1.35256053e-008
 1.04586680e-008
 1.12616764e-008
 1.53826597e-008
 1.08904298e-008
 8.55795661e-009
 7.26852257e-009
 6.97923425e-009
 6.91966863e-009
 7.33528919e-009
 7.25343595e-009
 9.59450589e-009
 1.87525381e-008
 1.43446812e-008
 1.13987991e-008
 9.27010898e-009
 9.65353451e-009
 8.87805580e-009
 6.09304688e-009
 6.99239359e-009
 9.31172201e-009
 1.15679614e-008
 1.02982941e-008
 1.35711470e-008
 2.03110966e-008
 1.68380322e-008
 1.37061982e-008
 1.08127994e-008
 1.89715181e-007
 1.44993868e-008
 1.33359176e-008
 1.40082398e-008
 1.02470304e-008
 8.19773296e-009
 1.07911178e-008
 9.77785361e-009
 1.13882636e-008
 1.45735286e-008
 1.10796370e-008
 8.10889999e-009
 1.11772496e-008
 1.36972087e-008
 1.01745081e-008
 1.16947813e-008
 1.27689148e-008
 1.04748594e-008
 9.64482997e-009
 8.93125034e-009
 8.36788143e-009
 9.39983930e-009
 1.06249077e-008
 9.84477267e-009
 1.01138494e-008
 1.09045482e-008
 1.22252224e-008
 1.16805704e-008
 1.13480826e-008
 1.27868012e-008
 9.70425880e-009
 8.50628772e-009
 1.28289602e-008
 1.16730154e-008
 1.01525464e-008
 1.24558949e-008
 1.14766197e-008
 1.00769434e-008
 1.01647791e-008
 8.36140728e-009
 7.28528597e-009
 7.80519692e-009
 9.25204487e-009
 1.03837798e-008
 1.12293820e-008
 1.14029128e-008
 1.03361781e-008
 9.99663147e-009
 1.01646357e-008
 1.01242334e-008
 8.28457995e-009
 7.77861618e-009
 7.16837512e-009
 7.48367521e-009
 8.96474214e-009
 7.75799416e-009
 7.20972351e-009
 8.17254942e-009
 1.06988803e-008
 1.11397464e-008
 1.20103746e-008
 1.20505044e-008
 8.29378066e-009
 2.40668782e-007
 1.12551792e-008
 3.72780889e-007
 9.18942743e-009
 9.91219905e-009
 1.04146868e-008
 7.63323972e-009
 9.65433381e-009
 1.09690067e-008
 1.00914426e-008
 1.08903286e-008
 1.00873755e-008
 1.31138062e-008
 1.55047867e-008
 3.66633221e-007
 1.37133535e-008
 1.07611957e-008
 1.11945021e-008
 1.29132117e-008
 1.36269933e-008
 1.68104670e-008
 1.25611381e-008
 7.79936918e-009
 1.63018379e-008
 2.17144577e-008
 1.00490650e-008
 8.64580858e-009
 1.43269732e-008
 1.74917952e-008
 1.17521946e-008
 1.42230774e-008
 1.22031056e-008
 1.03307464e-008
 1.40462421e-008
 1.63749116e-008
 1.36528228e-008
 1.20784872e-008
 1.75691612e-008
 1.24071609e-008
 8.28896288e-009
 1.32047602e-008
 1.88858085e-008
 1.63753310e-008
 1.42942457e-008
 1.25304336e-008
 9.79084383e-009
 9.25117155e-009
 9.14882453e-009
 9.49545413e-009
 1.17599436e-008
 1.36681634e-008
 1.75689248e-008
 1.57094590e-008
 1.67150967e-008
 1.78343974e-008
 1.41303900e-008
 1.36184331e-008
 1.48807899e-008
 1.52010994e-008
 1.31135893e-008
 1.19212254e-008
 1.66648638e-008
 1.81326473e-008
 1.53578108e-008
 2.05926306e-008
 1.77015261e-008
 1.59219587e-008
 1.83140596e-008
 2.35472722e-008
 2.21815348e-008
 1.64496228e-008
 1.44334601e-008
 1.46272134e-008
 1.68208634e-008
 1.13096301e-008
 1.01487236e-008
 1.04694033e-008
 9.55004838e-009
 1.08286997e-008
 9.40009471e-007
 9.86006271e-009
 9.10967560e-007
 1.20070714e-008
 1.28572422e-008
 1.07388827e-008
 1.03759421e-008
 1.26144508e-008
 1.07171588e-008
 1.00311568e-008
 1.23236516e-008
 1.39989213e-008
 2.46485881e-007
 1.14659571e-008
 1.09492023e-008
 1.44257046e-008
 1.35695203e-008
 1.16949206e-008
 1.13074929e-008
 1.19626352e-008
 1.52652352e-008
 3.44576421e-007
 1.69208009e-008
 2.10728144e-008
 1.63700814e-008
 1.47032760e-008
 1.26013207e-008
 1.37471733e-008
 1.78214049e-008
 1.35894750e-008
 1.28282714e-008
 1.13415108e-008
 1.30626611e-008
 9.61138239e-009
 8.20994164e-009
 1.02922849e-008
 9.08461341e-009
 1.00767706e-008
 1.52052533e-008
 1.84656065e-008
 1.65943275e-008
 1.44138338e-008
 1.22457448e-008
 1.52392679e-008
 1.73202276e-008
 2.39756128e-008
 1.93912700e-008
 9.32780785e-009
 7.01992006e-009
 7.71397763e-009
 7.29765144e-009
 7.78146462e-009
 1.15950002e-008
 1.02500669e-008
 1.08705422e-008
 1.31133774e-008
 1.09354986e-008
 1.45470278e-008
 1.55128123e-008
 8.62830433e-009
 7.82234469e-009
 1.16886880e-008
 1.47571961e-008
 1.13057468e-008
 8.64919460e-007
 1.17468281e-008
 1.24490865e-008
 2.35653668e-008
 1.23352642e-007
 1.52889883e-008
 1.29824994e-008
 1.44193311e-008
 8.70790480e-009
 6.42393739e-009
 1.26066197e-008
 1.04838589e-008
 2.70712697e-007
 1.38928484e-008
 9.47771873e-009
 1.46913188e-008
 1.77445400e-008
 1.59216316e-008
 1.43298813e-008
 8.95913920e-009
 1.30784588e-008
 1.38042110e-008
 9.04687936e-009
 1.03351610e-008
 1.50840309e-008
 1.41016547e-008
 1.25666137e-008
 1.20563233e-008
 1.83208416e-008
 2.00589927e-008
 1.03422010e-008
 1.39860024e-008
 1.66973720e-008
 1.46344803e-008
 1.19085804e-008
 1.22894318e-008
 1.53076934e-008
 1.44218231e-008
 1.56743871e-008
 1.53903822e-008
 1.16784589e-008
 1.25664118e-008
 1.27496620e-008
 1.72281613e-008
 2.02619967e-008
 1.66378906e-008
 2.23841671e-008
 1.78023392e-008
 1.29465033e-008
 5.75431128e-007
 1.16018455e-008
 1.53932716e-008
 1.83208010e-008
 1.30299401e-008
 1.11827061e-008
 1.17939970e-008
 1.32995025e-008
 9.71963544e-009
 1.36109595e-006
 1.13812763e-008
 1.29697455e-008
 1.11551530e-008
 6.57331745e-009
 5.81995406e-009
 9.41934448e-009
 1.12943573e-008
 7.83794488e-009
 7.29821350e-009
 7.81914793e-009
 1.07515865e-008
 1.17313252e-008
 8.95234937e-009
 9.64488605e-009
 1.07355583e-008
 9.81887123e-009
 1.04646664e-008
 9.25475548e-009
 1.73175011e-006
 9.27120782e-009
 8.68402183e-009
 1.04217534e-008
 8.86543527e-009
 1.10702104e-008
 1.48442658e-008
 1.10539108e-008
 1.46307564e-008
 1.28250131e-008
 8.84502184e-009
 1.05131717e-008
 1.09539563e-008
 1.00841841e-008
 8.64189807e-009
 1.08480653e-008
 9.94736143e-009
 8.57904344e-009
 7.09042064e-009
 6.23036843e-009
 9.68035511e-009
 1.23280883e-008
 1.34416574e-008
 1.17346096e-008
 7.19557014e-007
 9.93782113e-009
 1.03290336e-008
 7.02674890e-007
 7.20180464e-009
 7.85682703e-009
 1.04085101e-008
 9.35577605e-009
 6.50673967e-009
 6.94523355e-009
 6.86635743e-006
 7.68348413e-009
 1.14470107e-008
 4.85383467e-007
 7.47713612e-009
 6.29879686e-009
 7.64780229e-009
 9.66126034e-009
 1.15123664e-008
 1.26325234e-008
 1.11521677e-008
 1.10629718e-008
 1.16856586e-008
 9.19228146e-009
 7.34163043e-009
 7.06637203e-009
 8.44436978e-009
 1.17164533e-008
 1.09209469e-008
 9.36251250e-009
 1.14891434e-006
 9.70669126e-009
 7.64796775e-009
 8.44005862e-009
 1.26894446e-008
 9.80785289e-009
 5.09519212e-009
 3.71657489e-009
 9.02252757e-006
 4.30698697e-009
 5.43555434e-009
 4.52128825e-009
 4.25541450e-009
 4.18207550e-009
 4.39566022e-009
 4.07317900e-009
 3.38998907e-009
 4.32505231e-009
 1.88629834e-007
 3.28890405e-009
 3.78681615e-009
 5.68639743e-007
 3.40272819e-009
 4.66118918e-009
 3.20547393e-009
 2.93708310e-009
 4.30049279e-009
 3.79466872e-009
 1.00957759e-008
 4.54463325e-009
 2.50132429e-006
 4.58085812e-009
 4.44435838e-009
 4.65160685e-009
 4.39079485e-009
 4.01765367e-009
 4.55882683e-009
 3.56139153e-009
 3.83734475e-009
 4.65254599e-009
 5.06255486e-009
 5.90785621e-009
 4.22196205e-009
 3.92461692e-009
 4.51844021e-009
 6.03252254e-007
 3.45044345e-009
 4.39199530e-009
 7.10796687e-009
 5.45182664e-009
 5.76140739e-009
 5.46511984e-009
 5.62285596e-009
 6.08768227e-009
 4.31307696e-009
 3.80447968e-009
 3.56516114e-009
 4.33456146e-009
 6.02110710e-009
 6.64996746e-009
 5.56653084e-009
 4.95171684e-009
 6.67724108e-009
 5.28247155e-009
 4.81828144e-009
 4.67083978e-009
 3.99555319e-009
 4.42613389e-009
 4.71338947e-009
 5.09128481e-009
 6.82913499e-009
 4.93717338e-005
 3.88869370e-009
 4.69172679e-009
 6.14683281e-009
 5.56968103e-009
 5.18437695e-009
 5.57117414e-009
 6.05766016e-009
 4.55059298e-009
 5.33823939e-006
 5.38079350e-009
 5.54525810e-006
 7.51115720e-009
 4.64935818e-006
 6.15490855e-009
 6.66452572e-009
 7.25927011e-009
 6.98390204e-009
 5.98863938e-009
 6.29665379e-009
 7.39578066e-009
 6.00940635e-009
 5.05387012e-009
 6.10299272e-009
 5.47001509e-009
 5.01723146e-009
 4.80879447e-009
 4.63719226e-009
 5.56358398e-009
 4.49698583e-005
 5.82321978e-009
 6.65002148e-009
 6.46563315e-009
 4.49283020e-009
 3.44648962e-009
 4.79637099e-009
 5.34524769e-009
 4.10405551e-009
 4.37866708e-009
 5.28385221e-009
 5.10381131e-009
 3.89006647e-009
 4.16793068e-009
 6.72704247e-009
 3.52682303e-006
 5.01984498e-009
 3.39795519e-006
 6.69178665e-009
 5.74668640e-009
 4.93340103e-009
 5.09698814e-009
 7.05288334e-009
 6.48912312e-009
 4.52138549e-009
 6.07207652e-009
 7.19941378e-009
 1.36147835e-005
 5.89924789e-009
 5.36822523e-009
 4.82599321e-009
 4.25697050e-009
 7.22654444e-009
 7.84526701e-009
 8.46261479e-009
 8.74164980e-009
 6.31762682e-009
 4.88232618e-009
 3.80519940e-009
 4.66807046e-009
 4.83063985e-009
 4.05746175e-009
 1.41120716e-006
 3.48334226e-009
 3.86761857e-009
 4.25865854e-009
 3.92190004e-009
 4.89394413e-009
 5.16822593e-009
 4.54634061e-009
 3.26179996e-009
 2.67161752e-009
 2.96740944e-009
 3.76982645e-009
 4.19981180e-009
 3.20876639e-009
 4.17025800e-009
 1.11565824e-006
 3.18852475e-009
 3.87363401e-009
 1.11231800e-006
 3.67000770e-009
 4.15510853e-009
 4.24495796e-009
 3.36449321e-009
 1.01168864e-006
 4.05479426e-009
 1.15220820e-006
 3.16709320e-009
 4.15168216e-009
 4.86632604e-009
 3.68423830e-009
 3.17365331e-009
 3.04415195e-009
 3.17032555e-009
 3.57981232e-009
 3.94277880e-009
 3.87026536e-009
 3.57762811e-009
 3.18265973e-009
 4.05490151e-009
 4.18891061e-009
 3.82165547e-009
 4.36592667e-009
 4.10268818e-009
 3.66119864e-009
 3.74316671e-009
 3.38276573e-009
 3.84912691e-009
 4.65154086e-009
 3.78580023e-009
 2.85034138e-009
 2.71277633e-009
 3.23179718e-009
 3.80210835e-009
 5.15197924e-009
 4.63062273e-009
 3.57395154e-009
 3.90296160e-009
 3.49959795e-009
 4.34375552e-009
 4.01707449e-009
 3.28604325e-009
 3.97262187e-009
 7.80807497e-007
 7.66855398e-007
 3.45487377e-009
 3.94103377e-009
 4.19274495e-009
 3.58143522e-009
 3.05367379e-009
 2.75316104e-009
 3.34140460e-009
 4.49144296e-007
 3.06087906e-009
 3.62638050e-009
 3.35817829e-009
 2.29577133e-009
 2.43247621e-009
 3.22126301e-009
 1.60062303e-006
 3.61116700e-009
 3.21313860e-009
 3.66676663e-009
 4.90956759e-009
 4.29380268e-009
 3.46170087e-009
 4.03421960e-009
 3.84099293e-009
 2.57175612e-009
 3.92360281e-009
 4.45555371e-009
 3.77636970e-009
 4.37612273e-009
 4.06792974e-009
 3.57035985e-009
 3.38811001e-009
 3.09787157e-009
 3.15254015e-009
 3.56524802e-009
 2.70506162e-009
 3.27458330e-009
 4.45063599e-009
 3.63848763e-009
 3.55856244e-009
 3.48294954e-009
 3.84808064e-009
 3.26065434e-009
 2.85774881e-009
 3.28840228e-009
 3.19901360e-009
 3.71885703e-009
 4.12257952e-009
 3.69650335e-009
 3.73887335e-009
 5.49290184e-009
 8.32172045e-009
 5.68920428e-009
 3.17959982e-009
 1.76793061e-005
 3.97668518e-009
 3.19597405e-009
 3.02307779e-009
 3.45615246e-009
 3.08961838e-009
 3.46531186e-009
 3.12146545e-009
 4.20296750e-009
 8.01983757e-009
 6.28083108e-009
 3.19545568e-009
 3.63107835e-009
 5.25364871e-009
 3.33634724e-009
 4.45843172e-009
 7.80018352e-009
 7.53935918e-007
 6.80552187e-009
 5.81275163e-009
 7.06449460e-009
 5.65708780e-009
 5.11413535e-009
 5.17207863e-009
 4.56489512e-009
 3.84438160e-009
 3.67172787e-009
 3.88405444e-009
 3.24666050e-009
 3.79274803e-009
 5.49161829e-009
 4.83736053e-009
 3.70409632e-009
 5.37575786e-009
 7.44708696e-006
 4.01816154e-009
 5.99767545e-009
 7.02997544e-009
 9.06441792e-009
 3.75382848e-009
 4.53124125e-009
 4.99727185e-009
 4.17294540e-009
 3.89275181e-009
 3.75717984e-009
 4.00040897e-009
 4.66397784e-009
 4.05905164e-009
 4.83883441e-006
 4.61589116e-009
 4.15482437e-009
 4.17946058e-009
 5.00229538e-009
 5.32506076e-009
 4.59640344e-009
 4.75365115e-009
 4.86153107e-009
 4.28812925e-009
 3.97151927e-009
 4.33038221e-009
 4.86118079e-009
 4.58814243e-009
 3.77384056e-009
 3.85724023e-009
 4.00550386e-009
 3.85404976e-009
 5.06594314e-009
 1.27168150e-006
 4.08357608e-009
 5.36794169e-009
 7.04998358e-009
 6.26080858e-009
 4.74938536e-009
 4.50449839e-009
 5.00704586e-009
 3.45297948e-006
 4.62193700e-009
 4.87128124e-009
 5.94734459e-009
 8.48869630e-009
 7.92251994e-009
 5.08947805e-009
 4.56696122e-009
 6.10991483e-009
 8.46776146e-009
 5.72678486e-009
 4.53198592e-009
 4.99080853e-009
 4.54714560e-009
 5.35938258e-009
 6.24840511e-009
 5.75734844e-009
 5.99060511e-009
 5.08181025e-009
 4.90485110e-009
 6.46650120e-009
 8.63374434e-009
 6.78339155e-009
 4.99384142e-009
 5.72377836e-009
 5.79791347e-009
 5.88215483e-009
 3.04278875e-008
 5.57181482e-009
 4.32744274e-009
 5.34812900e-009
 8.18662721e-009
 7.64043775e-009
 6.87797512e-009
 3.15116299e-005
 6.07135084e-009
 5.66344747e-009
 5.41802101e-009
 5.85041882e-009
 6.61896205e-009
 5.79486138e-009
 6.95129375e-009
 7.98648752e-009
 6.98394600e-009
 9.83236099e-009
 1.16234633e-008
 6.93269956e-009
 4.85299595e-009
 5.76058654e-009
 8.90395404e-009
 6.78656068e-009
 5.10334252e-009
 7.17280782e-009
 8.75908101e-009
 8.05782542e-009
 6.19916732e-009
 5.13223360e-009
 6.14550322e-009
 9.28105662e-009
 7.69155542e-009
 6.13923365e-009
 5.07697105e-009
 4.51878127e-009
 5.57642364e-009
 5.34728431e-009
 6.25534895e-009
 7.53071573e-009
 5.50988074e-009
 3.82476464e-009
 4.17973236e-009
 5.03277969e-009
 5.82389888e-009
 5.37286184e-009
 4.74362344e-009
 6.56965849e-009
 8.26983335e-009
 2.70135263e-007
 8.32474570e-009
 5.73503915e-009
 2.66369380e-005
 6.25624452e-009
 8.45395414e-009
 7.18573538e-009
 4.81595008e-009
 3.50219465e-005
 6.45051152e-009
 9.91473465e-009
 6.42785548e-009
 4.71599523e-009
 5.43728586e-009
 6.43655060e-009
 8.11887531e-009
 9.04166918e-009
 7.41887559e-009
 6.83415376e-009
 7.81306934e-009
 7.06489523e-009
 7.34659999e-009
 7.27438466e-009
 5.45744610e-009
 4.59929283e-009
 4.93732706e-009
 6.62818259e-009
 7.81381111e-009
 8.14501996e-009
 6.21622111e-009
 5.92678457e-009
 7.46501841e-009
 7.18224200e-009
 7.60051365e-009
 9.09608049e-009
 8.80548648e-009
 7.71264681e-009
 4.54057282e-006
 5.46018679e-009
 1.20621203e-005
 6.28274206e-009
 5.98121827e-009
 7.36232889e-009
 5.53406203e-009
 4.82205590e-009
 7.71940881e-009
 6.30722634e-009
 5.54242729e-009
 4.26227313e-009
 3.59868776e-009
 5.15412827e-009
 4.30412084e-009
 6.10789910e-009
 7.79338282e-009
 7.28293092e-009
 7.94691036e-009
 5.86389777e-009
 5.05433105e-005
 7.14238803e-009
 7.52101932e-009
 7.86120606e-009
 6.59165237e-009
 5.51024999e-009
 5.01526677e-009
 5.75720677e-009
 7.35546580e-009
 8.41179648e-009
 6.64142193e-009
 4.42486127e-009
 5.23568760e-009
 5.39692730e-009
 4.55667668e-009
 4.14454397e-009
 5.43351933e-009
 5.26000796e-009
 6.71800669e-009
 6.25869044e-009
 5.99004313e-009
 6.24964983e-009
 5.31099539e-009
 6.07895619e-009
 6.56963855e-009
 7.05945762e-009
 6.67254961e-006
 5.46889628e-009
 2.74979582e-005
 6.17084954e-009
 4.10604046e-005
 4.09823643e-009
 3.89156670e-009
 4.59575776e-009
 4.34760153e-009
 4.27040755e-009
 4.33382348e-009
 4.23994626e-009
 3.41297241e-009
 4.35351716e-009
 6.75761034e-009
 6.56242984e-009
 6.08923891e-009
 5.42538342e-009
 5.67696045e-009
 5.76003045e-009
 5.11360568e-009
 5.42818874e-009
 5.47303390e-009
 6.12909428e-009
 5.13999160e-009
 3.71325151e-009
 4.23118977e-009
 5.83545294e-009
 7.01732797e-009
 5.94189345e-009
 4.63539413e-009
 5.10182143e-009
 6.58387338e-009
 6.84506574e-009
 5.59092382e-009
 6.84051041e-009
 8.45387828e-009
 7.00305467e-009
 7.21888291e-009
 6.35355437e-009
 7.00669827e-009
 7.68715564e-009
 4.80682191e-009
 4.45897733e-009
 5.36989718e-009
 6.05273160e-009
 5.50455734e-009
 4.21718814e-009
 3.43803385e-009
 4.07645653e-009
 7.56372888e-009
 8.75974535e-009
 5.67523857e-009
 5.23879055e-009
 5.67146629e-009
 6.26682111e-009
 5.93997670e-009
 6.67091653e-009
 6.35828177e-009
 4.91858020e-009
 5.69660950e-009
 3.23675643e-007
 5.28359229e-009
 5.79849680e-009
 6.38077366e-009
 5.79370724e-009
 4.91395434e-009
 5.10245593e-005
 5.23205804e-009
 5.79105368e-009
 6.36574370e-009
 7.85748364e-009
 2.60351188e-006
 6.31186302e-009
 5.30523948e-009
 5.61335800e-009
 4.96000831e-009
 4.30335102e-009
 4.98533206e-009
 4.17369520e-009
 4.58309651e-009
 5.35462291e-009
 4.67902661e-009
 1.97630239e-006
 4.66452437e-009
 5.41703990e-009
 7.61375670e-009
 6.47963085e-009
 4.94973688e-009
 5.68475875e-009
 5.99619212e-009
 5.29878304e-009
 6.47241717e-009
 7.67192912e-009
 5.78617107e-009
 4.80484660e-009
 4.38214063e-009
 3.90035999e-009
 4.12566174e-009
 4.65470139e-009
 6.33091265e-009
 9.34794762e-009
 7.47850692e-009
 4.18967169e-009
 1.25130687e-006
 5.79952149e-009
 5.41957133e-009
 5.89075549e-009
 5.17257722e-009
 5.47717173e-009
 6.40189131e-006
 3.95825993e-009
 4.42752410e-009
 6.51817480e-009
 2.85113678e-005
 4.80556179e-009
 4.29469113e-009
 4.13923398e-009
 3.42641829e-009
 5.27793368e-009
 9.78073915e-006
 3.02178605e-009
 4.32391455e-009
 6.84917365e-009
 6.10379338e-009
 5.44655376e-009
 5.28585230e-009
 5.52169103e-009
 5.83192348e-009
 8.35072099e-009
 2.91170385e-006
 6.88769117e-009
 6.47303513e-009
 6.98901963e-009
 1.12114732e-008
 9.96808414e-009
 6.75061070e-009
 7.84249017e-006
 6.38813659e-009
 8.72396213e-009
 7.42397236e-009
 5.24432429e-009
 6.44708512e-009
 7.03497173e-009
 5.18861796e-009
 2.48403410e-006
 8.48476025e-009
 7.59068138e-009
 6.84295659e-009
 7.63469515e-009
 6.44453668e-009
 6.05367581e-009
 7.27888534e-009
 6.85801705e-009
 6.28901647e-009
 7.18231653e-009
 6.70103615e-009
 5.89265517e-009
 5.31429085e-009
 5.80019064e-009
 8.55041539e-009
 7.65128831e-009
 6.37995295e-009
 7.70258717e-009
 7.44075549e-009
 6.61710390e-009
 4.89773644e-009
 4.16438223e-009
 4.41970680e-009
 4.30911238e-009
 4.65904016e-009
 6.33166669e-009
 6.99717076e-009
 6.51765704e-009
 5.67280566e-009
 5.91017484e-009
 6.85178377e-009
 6.34398944e-009
 7.01997179e-009
 7.60448182e-009
 6.00847231e-009
 8.13992812e-009
 6.25888796e-009
 5.88273313e-009
 6.07235977e-009
 6.88463383e-009
 6.54981063e-009
 6.11920272e-009
 7.04897277e-009
 6.27141831e-009
 4.78043594e-009
 3.98361429e-009
 5.68352132e-009
 8.40312280e-009
 6.05677818e-009
 3.99206266e-009
 4.43537353e-009
 7.15950214e-009
 8.00048078e-006
 5.53208876e-009
 6.12554633e-009
 6.75583421e-009
 6.40062277e-009
 5.29780658e-009
 5.81562798e-009
 7.00854852e-009
 5.00031096e-009
 4.74671623e-009
 4.97843162e-009
 5.04121835e-009
 6.55536077e-009
 4.91901981e-005
 5.19517353e-009
 4.98646614e-009
 5.24727390e-009
 5.03625066e-009
 5.51876551e-009
 4.92857844e-009
 3.21047319e-009
 4.38095800e-009
 6.18432512e-009
 4.61344106e-009
 5.83346915e-009
 5.03062517e-009
 4.20406741e-009
 5.68604390e-009
 5.32949753e-009
 6.97653784e-009
 8.19371376e-009
 5.37980145e-009
 5.83101396e-009
 6.94479264e-009
 5.24667463e-009
 4.86475457e-009
 5.31611744e-009
 5.43002671e-009
 5.18052391e-009
 4.41852146e-009
 4.25622945e-009
 6.03748658e-009
 8.81774794e-009
 1.07107981e-006
 7.76562041e-009
 8.43660300e-009
 9.00770399e-009
 8.44317347e-009
 5.87702102e-009
 6.63269983e-009
 8.41525645e-009
 7.43944845e-009
 8.67554535e-009
 8.15295348e-009
 8.44172665e-009
 9.57843094e-009
 6.84593136e-009
 7.09489022e-009
 8.30231779e-009
 9.27078486e-009
 8.58886341e-009
 7.79746858e-009
 8.65832261e-009
 9.24949723e-009
 1.10632056e-008
 9.79840571e-009
 8.19983743e-009
 8.75216130e-009
 1.08671745e-008
 9.75237807e-009
 6.16535345e-009
 6.48533176e-009
 1.19708157e-008
 1.00995628e-008
 6.73512037e-009
 4.19269536e-006
 6.84561614e-009
 6.99402749e-009
 7.10961461e-009
 7.43609162e-009
 6.04746333e-009
 7.57488648e-009
 9.24415953e-009
 7.75891425e-009
 8.28284710e-009
 8.42954492e-009
 6.57891232e-009
 7.04277215e-009
 6.71374285e-009
 7.04001651e-009
 9.47462120e-009
 9.00905721e-009
 9.43220201e-009
 9.64528461e-009
 9.70309208e-009
 8.54186357e-009
 1.01690214e-008
 1.21534811e-008
 1.05565413e-008
 1.38635733e-008
 1.61539226e-008
 1.27538858e-008
 1.38254123e-008
 1.59966221e-008
 1.49138266e-008
 1.53981139e-008
 1.08287376e-008
 9.36978060e-009
 1.03837742e-008
 9.27946706e-009
 1.06927673e-008
 9.77301324e-009
 9.80104846e-009
 1.09874933e-008
 1.01908679e-008
 1.08911995e-008
 9.57756769e-009
 7.76801062e-009
 8.66345644e-009
 8.97522273e-009
 1.14317537e-008
 1.20267920e-008
 1.00140231e-008
 8.61601829e-009
 2.70220589e-006
 1.18128985e-008
 5.49936281e-007
 1.12439264e-008
 1.11107498e-008
 1.31886716e-008
 1.43775455e-008
 1.03516892e-008
 1.03689212e-006
 1.13544714e-008
 1.27122513e-008
 1.60324503e-008
 1.44827867e-008
 1.51480502e-008
 1.17986281e-008
 1.12152495e-008
 1.41251872e-008
 2.19269192e-007
 1.45204150e-008
 1.34932723e-008
 4.04533787e-007
 1.71901417e-008
 1.91205239e-008
 1.35166752e-008
 1.21818120e-008
 1.41759676e-008
 1.78197582e-008
 2.34648428e-008
 1.68371233e-008
 1.03022477e-008
 1.35485409e-008
 1.50813729e-008
 1.29155040e-008
 2.22034799e-008
 7.43724356e-008
 1.54516676e-008
 1.84299799e-008
 2.36157748e-008
 2.09163054e-008
 1.30651864e-008
 1.05843907e-008
 2.24708064e-007
 9.80946625e-009
 1.65941071e-008
 2.00011328e-008
 1.56217267e-008
 3.58583400e-007
 1.37514352e-008
 1.70602379e-008
 1.86332888e-008
 1.36212947e-008
 3.45007482e-007
 1.45964066e-008
 1.73381382e-008
 1.88550991e-008
 1.62209602e-008
 1.20708783e-008
 9.73414629e-009
 1.25830616e-008
 1.33155049e-008
 1.86426183e-008
 2.45603323e-008
 2.12294133e-008
 1.37683029e-008
 1.17632217e-008
 1.64382943e-008
 2.54755656e-008
 1.83762002e-008
 1.20157877e-008
 1.27268071e-008
 1.56473156e-008
 2.25498178e-008
 2.15097905e-007
 1.99708084e-008
 2.28866663e-008
 2.41165453e-008
 2.09539140e-008
 1.69437647e-008
 1.35635056e-008
 8.75576405e-008
 1.87538162e-008
 1.77724186e-008
 2.32074429e-008
 3.22673964e-008
 2.62085224e-008
 3.20344406e-008
 5.80313236e-008
 8.82310139e-008
 2.38544050e-008
 1.55194847e-008
 2.30631107e-008
 2.58587270e-008
 1.62465913e-008
 2.24610038e-008
 1.28282544e-007
 1.94668497e-008
 2.77935740e-008
 3.45121813e-008
 2.90085912e-008
 2.31862940e-008
 2.92100819e-008
 2.72969745e-008
 1.92116292e-008
 1.78272815e-008
 1.99648253e-008
 2.43641423e-008
 3.13329166e-008
 2.20746308e-008
 2.03012127e-008
 1.91065376e-008
 1.38711021e-008
 3.31527982e-007
 1.34926243e-008
 1.65861567e-008
 2.03328891e-008
 2.07980251e-008
 1.88651382e-008
 1.71619641e-008
 1.50896628e-008
 3.92707104e-007
 2.17004955e-008
 4.92353851e-008
 2.57040937e-008
 3.35023711e-008
 2.46253708e-008
 2.27410969e-008
 2.76475229e-008
 1.62092822e-008
 1.18460251e-008
 1.79208859e-008
 2.28155594e-008
 1.94968131e-008
 2.40744224e-007
 2.06156421e-008
 1.94799584e-008
 2.14290682e-008
 1.73921809e-008
 2.08626070e-008
 3.04008291e-008
 1.56117768e-007
 2.61478472e-008
 2.28928940e-008
 2.15225289e-008
 1.96778444e-008
 2.32299302e-008
 2.80572226e-008
 2.40863810e-008
 1.65909454e-008
 2.02062468e-008
 2.47314116e-008
 2.29467566e-008
 2.57294937e-008
 4.54979541e-008
 5.50255864e-008
 3.04048742e-008
 3.40225091e-008
 3.59881207e-008
 2.51556357e-008
 3.23558446e-008
 4.81581340e-008
 4.33408715e-008
 3.58498462e-008
 3.21166477e-008
 3.04408889e-008
 4.32985200e-008
 1.12565971e-007
 6.66383323e-008
 3.38002499e-008
 3.82509328e-008
 3.46888240e-008
 4.52876288e-008
 5.19913564e-008
 2.66582143e-008
 1.90181892e-008
 2.31755433e-008
 2.95364242e-008
 2.82428399e-008
 3.09962812e-008
 6.01929339e-008
 4.02398363e-008
 2.75294496e-008
 4.11756412e-008
 3.49673445e-008
 2.47517943e-008
 2.15284903e-008
 2.78172541e-008
 3.13153032e-008
 1.41658423e-007
 6.37945291e-008
 1.21877130e-007
 7.65437809e-008
 5.16094524e-008
 6.00671604e-008
 6.50055061e-008
 6.37308403e-008
 7.92657330e-008
 1.40678927e-007
 1.63671925e-007
 6.83451854e-008
 5.14872671e-008
 1.09473941e-007
 1.28725312e-007
 6.79889742e-008
 6.13858027e-008
 7.32120218e-008
 7.07463572e-008
 8.73264300e-008
 8.92267359e-008
 9.13513016e-008
 1.97370077e-007
 1.42006482e-007
 9.48897778e-008
 1.76864131e-007
 2.19872313e-007
 1.80094017e-007
 1.92855769e-007
 4.50165246e-007
 3.87331425e-007
 4.15724924e-007
 8.80582037e-007
 3.08565120e-007
 2.02018266e-007
 2.52784416e-007
 6.23417807e-007
 2.85707714e-007
 1.00924455e-007
 6.54350163e-008
 1.36414474e-007
 3.32335131e-007
 4.26892511e-007
 2.15214988e-007
 1.73592839e-007
 3.93982384e-007
 5.89915252e-007
 2.73053176e-006
 3.08677619e-006
 4.35655414e-005
 2.36772840e-008
 5.04819132e-005
 1.32213598e-006
 5.76412463e-007
 2.25219915e-007
 2.01226011e-006
 3.99020498e-007
 6.51898518e-007
 1.38453011e-006
 3.85166479e-008
 1.67972449e-006
 6.99429061e-006
 3.86876475e-006
 4.11922271e-006
 7.77477789e-007
 5.77455326e-007
 1.24513779e-006
 4.39847788e-005
 2.87956231e-005
 2.01535430e-005
 4.58998424e-006
 3.26321338e-007
 2.49005858e-008
 8.10732999e-007
 4.90990155e-007
 3.40490463e-007
 4.18271420e-007
 9.12185234e-007
 1.43576729e-006
 1.14459496e-006
 4.60047631e-007
 1.83737414e-007
 1.58347609e-007
 1.83414999e-007
 6.02054500e-007
 7.32043723e-007
 1.92689049e-007
 1.65043162e-008
 2.31013627e-007
 5.22223594e-007
 1.16307206e-006
 3.50981372e-007
 1.70518349e-007
 1.50051500e-007
 3.73927752e-007
 2.64870008e-008
 1.66416255e-007
 1.40919295e-007
 2.34921280e-007
 1.91273468e-008
 1.59062400e-007
 1.30069878e-007
 1.47975111e-007
 1.56657766e-007
 8.91590680e-008
 9.61614177e-008
 9.55677693e-008
 7.69744079e-008
 8.36135619e-008
 8.65200264e-008
 1.45600584e-007
 1.33229727e-007
 8.58957659e-008
 1.07860220e-007
 1.13595101e-007
 9.85303511e-008
 9.00218817e-008
 9.19980567e-008
 8.70866461e-008
 9.23017946e-008
 1.11335619e-007
 7.98986446e-008
 6.97178515e-008
 1.77474309e-008
 5.67597664e-008
 5.09346430e-008
 5.34600715e-008
 5.04103704e-008
 4.90097390e-008
 6.06436455e-008
 6.99258728e-008
 5.92738675e-008
 4.87614847e-008
 4.64269794e-008
 4.74737013e-008
 5.89475502e-008
 7.17037165e-008
 4.82598515e-008
 1.52525232e-008
 5.35743656e-008
 4.94933191e-008
 5.63226568e-008
 4.16778185e-008
 3.21792067e-008
 3.54708743e-008
 4.18685519e-008
 4.42244884e-008
 5.16015386e-008
 4.61205491e-008
 3.60622354e-008
 3.48353159e-008
 3.38626425e-008
 2.99884570e-008
 2.87622014e-008
 3.45788948e-008
 3.61163142e-008
 3.76935542e-008
 4.10997603e-008
 3.62953463e-008
 3.15252747e-008
 2.90783747e-008
 2.84881649e-008
 3.12353073e-008
 3.47988393e-008
 3.26579585e-008
 2.67810698e-008
 1.19346708e-008
 2.94382634e-008
 2.33488645e-009
 NaN
 NaN
 NaN
 NaN
 NaN
 NaN
 NaN
 NaN
 NaN
 NaN
 NaN
 NaN
 NaN
 6.55513712e-010
 1.32809441e-009
 1.81131843e-009
 2.11943155e-009
 2.05473654e-009
 2.06739485e-009
 2.09000445e-009
 1.97686576e-009
 1.88711259e-009
 2.00117510e-009
 2.08908935e-009
 1.91965551e-009
 1.86306601e-009
 1.93120110e-009
 1.95319078e-009
 1.92987026e-009
 1.89358361e-009
 1.87024387e-009
 1.84632226e-009
 1.85123377e-009
 5.35215095e-009
 5.36364181e-009
 7.52012806e-009
 5.84721665e-009
 6.07857223e-009
 8.53179062e-009
 8.21674102e-009
 8.05799427e-009
 8.01615131e-009
 8.14991511e-009
 8.34657125e-009
 8.13792517e-009
 7.68509233e-009
 7.53471532e-009
 7.77670676e-009
 8.02241577e-009
 7.74282458e-009
 7.58402438e-009
 7.80054763e-009
 7.44334346e-009
 7.41078059e-009
 7.66695714e-009
 7.44646011e-009
 7.30975286e-009
 7.62398423e-009
 7.75464548e-009
 5.41181801e-009
 7.79345905e-009
 7.35066118e-009
 7.27451346e-009
 7.36348213e-009
 7.16269898e-009
 7.17487327e-009
 7.41914438e-009
 6.99416531e-009
 6.59845340e-009
 6.90370746e-009
 7.18971371e-009
 6.99657899e-009
 6.60763171e-009
 6.93394120e-009
 5.07432052e-009
 6.24583414e-009
 4.45397902e-009
 6.66762112e-009
 6.87830391e-009
 6.94631700e-009
 6.67289559e-009
 6.36924930e-009
 6.52790405e-009
 6.73268854e-009
 4.96837932e-009
 6.42320278e-009
 6.11414579e-009
 6.14808132e-009
 6.45154490e-009
 6.41874329e-009
 5.89505989e-009
 5.98756442e-009
 6.39382836e-009
 6.24068699e-009
 6.10527896e-009
 6.41806018e-009
 6.75841806e-009
 6.68097453e-009
 6.43515513e-009
 6.36020102e-009
 6.33925020e-009
 6.44906409e-009
 6.41553351e-009
 6.22684427e-009
 4.64936586e-009
 6.24940735e-009
 6.25952453e-009
 6.19483732e-009
 6.44858087e-009
 6.50553118e-009
 6.10853524e-009
 6.20783108e-009
 4.63057343e-009
 6.15525847e-009
 6.17988400e-009
 6.30820201e-009
 6.83665381e-009
 6.72284916e-009
 6.23066994e-009
 4.50596146e-009
 6.34082776e-009
 6.14148706e-009
 6.12438044e-009
 6.19721438e-009
 6.34982245e-009
 6.58706950e-009
 6.45850170e-009
 6.49426989e-009
 6.42531832e-009
 6.19260761e-009
 6.29585790e-009
 6.36233864e-009
 6.23233533e-009
 6.18985154e-009
 6.13015153e-009
 6.11685094e-009
 6.28434681e-009
 6.07718206e-009
 5.87285385e-009
 6.21619344e-009
 6.38015925e-009
 6.22352334e-009
 5.87048258e-009
 5.36974077e-009
 4.10035156e-009
 5.73438565e-009
 5.78661990e-009
 5.77093570e-009
 5.66986745e-009
 5.33195188e-009
 5.60065469e-009
 5.63422680e-009
 5.50554928e-009
 5.67392918e-009
 6.00948678e-009
 6.15802968e-009
 5.49966235e-009
 4.19545498e-009
 5.68932342e-009
 5.24684003e-009
 5.17655065e-009
 5.34665279e-009
 5.23659008e-009
 4.87590445e-009
 4.79290553e-009
 4.87241340e-009
 4.69072820e-009
 4.99845379e-009
 5.33707819e-009
 5.13507059e-009
 5.20174816e-009
 5.35618698e-009
 5.18011651e-009
 4.97882281e-009
 5.10065129e-009
 5.15298086e-009
 5.33974501e-009
 5.45393528e-009
 5.20982178e-009
 5.01515676e-009
 5.27686714e-009
 4.07316043e-009
 4.86353072e-009
 4.99224166e-009
 5.19510744e-009
 5.15230885e-009
 4.99140750e-009
 4.77042956e-009
 4.85970113e-009
 5.23543605e-009
 5.33143070e-009
 5.11518590e-009
 3.94153870e-009
 5.22939294e-009
 5.40772493e-009
 5.47860356e-009
 5.23716969e-009
 5.03877866e-009
 5.34386806e-009
 5.48079129e-009
 5.22803507e-009
 5.45790628e-009
 5.56208058e-009
 5.75563514e-009
 5.68191441e-009
 5.41366624e-009
 5.46779296e-009
 5.46432485e-009
 5.78341597e-009
 4.37131355e-009
 5.36235182e-009
 5.14911930e-009
 5.52605559e-009
 5.90870388e-009
 5.53315622e-009
 4.15398637e-009
 5.66656079e-009
 5.69354563e-009
 5.51063708e-009
 5.36420381e-009
 5.81184727e-009
 5.70977743e-009
 5.32048330e-009
 5.40965904e-009
 5.50513321e-009
 5.62653958e-009
 5.55930998e-009
 5.74521573e-009
 6.11195448e-009
 5.81398484e-009
 5.53082031e-009
 5.70925439e-009
 5.98232256e-009
 5.63261904e-009
 5.16088000e-009
 3.85802085e-009
 5.62530569e-009
 4.26464938e-009
 5.32476049e-009
 5.54863992e-009
 5.83390708e-009
 6.16836370e-009
 6.05154137e-009
 5.84070128e-009
 5.74145898e-009
 5.85008582e-009
 6.24255264e-009
 4.31134575e-009
 6.03859141e-009
 5.72134913e-009
 5.50611750e-009
 5.81752929e-009
 6.03763665e-009
 6.16079583e-009
 6.07114763e-009
 5.87539346e-009
 5.80089733e-009
 5.70038884e-009
 5.86334342e-009
 5.99114268e-009
 5.91226608e-009
 6.03743180e-009
 6.19438666e-009
 6.23305179e-009
 6.37669451e-009
 6.29945217e-009
 6.26495914e-009
 6.60828470e-009
 6.43133815e-009
 6.30337957e-009
 6.54646203e-009
 6.13648038e-009
 6.22225116e-009
 6.45793162e-009
 6.28510111e-009
 6.67073351e-009
 6.83858981e-009
 6.48086040e-009
 6.53740505e-009
 6.93411680e-009
 7.36296635e-009
 7.45172476e-009
 7.06951807e-009
 7.01255737e-009
 7.28937999e-009
 7.67854005e-009
 7.38683497e-009
 7.27704777e-009
 7.57785120e-009
 5.11485623e-009
 7.59809431e-009
 7.64462412e-009
 7.90916091e-009
 8.49741588e-009
 8.71790015e-009
 8.37441071e-009
 8.16915012e-009
 8.07057362e-009
 8.04123226e-009
 7.91054679e-009
 7.47777543e-009
 7.14268903e-009
 7.52010088e-009
 8.05504503e-009
 8.36005167e-009
 8.47755052e-009
 8.43507360e-009
 8.05792136e-009
 8.38967455e-009
 9.19163045e-009
 9.80604522e-009
 9.56366892e-009
 9.50751050e-009
 9.30420592e-009
 8.72410429e-009
 9.06978842e-009
 9.32942997e-009
 9.57504664e-009
 9.67753605e-009
 4.54018066e-009
 1.00696419e-008
 1.04251321e-008
 9.98315255e-009
 9.82705496e-009
 1.03486343e-008
 6.80404145e-009
 1.03812405e-008
 1.02585122e-008
 9.83213956e-009
 3.84134429e-009
 1.00880810e-008
 1.04561146e-008
 1.03308678e-008
 1.05378552e-008
 9.78682604e-009
 9.53439186e-009
 9.59556190e-009
 8.64431480e-009
 8.17010271e-009
 8.62068730e-009
 9.40084438e-009
 9.77879198e-009
 1.06256362e-008
 1.00838909e-008
 6.18444026e-009
 1.09470686e-008
 1.06725930e-008
 9.85659736e-009
 9.16136707e-009
 1.00019100e-008
 1.04070515e-008
 1.07666078e-008
 6.65796313e-009
 1.08074595e-008
 1.11442672e-008
 1.03163139e-008
 1.01470341e-008
 1.09129321e-008
 1.06213138e-008
 1.01873749e-008
 1.05241637e-008
 1.06371054e-008
 1.11086728e-008
 1.06941217e-008
 9.87410452e-009
 6.43688263e-009
 1.01961588e-008
 1.06660577e-008
 1.08296776e-008
 1.11869195e-008
 1.05662661e-008
 1.00439262e-008
 1.09190079e-008
 7.02627303e-009
 1.03529312e-008
 1.12691382e-008
 1.25431229e-008
 1.18001878e-008
 1.10996069e-008
 9.88117306e-009
 9.76389290e-009
 1.10281291e-008
 1.16698294e-008
 1.09728722e-008
 1.02615721e-008
 9.86189065e-009
 9.53364162e-009
 9.21150974e-009
 9.62351763e-009
 9.52505562e-009
 8.37718896e-009
 8.26905343e-009
 8.52541867e-009
 8.84248608e-009
 8.30865372e-009
 8.13091922e-009
 8.42135147e-009
 9.08996987e-009
 9.30457993e-009
 8.56074855e-009
 8.13545477e-009
 8.55193252e-009
 9.08564781e-009
 8.78485093e-009
 9.03506605e-009
 8.56436045e-009
 8.19542133e-009
 5.72710673e-009
 8.23729801e-009
 8.50746144e-009
 7.89137682e-009
 7.41440224e-009
 7.37043095e-009
 7.24377725e-009
 7.25961789e-009
 6.87284791e-009
 6.82771082e-009
 7.30708997e-009
 7.35820564e-009
 7.34456528e-009
 7.14886462e-009
 7.26387815e-009
 7.77215840e-009
 7.52182903e-009
 7.45908111e-009
 8.00814722e-009
 7.56084747e-009
 6.86061751e-009
 7.13608542e-009
 7.43799307e-009
 7.10373605e-009
 6.78352413e-009
 4.98741356e-009
 6.55123351e-009
 6.24489112e-009
 4.65439817e-009
 6.45476050e-009
 6.77809079e-009
 6.66232285e-009
 6.40803511e-009
 6.32441128e-009
 5.84404935e-009
 5.55563468e-009
 5.32485057e-009
 5.26481903e-009
 5.48003490e-009
 4.18506231e-009
 5.55420427e-009
 5.78121934e-009
 5.85117152e-009
 5.47934063e-009
 5.28785771e-009
 5.33258222e-009
 5.10411557e-009
 5.02365946e-009
 5.03964175e-009
 5.16138419e-009
 5.29598583e-009
 5.26812296e-009
 5.00660635e-009
 4.83399821e-009
 3.71321307e-009
 4.88728591e-009
 5.16541631e-009
 5.05736700e-009
 4.63263977e-009
 4.66812955e-009
 4.87846289e-009
 4.80423408e-009
 4.83079401e-009
 4.93128085e-009
 5.14094908e-009
 5.39577444e-009
 5.17342937e-009
 4.97035444e-009
 5.16097090e-009
 4.96155024e-009
 4.87127675e-009
 5.01605538e-009
 4.71277042e-009
 4.55668177e-009
 4.35109119e-009
 2.43273188e-009
 4.69127848e-009
 4.54844096e-009
 4.17237995e-009
 3.86003230e-009
 3.93941555e-009
 4.11493671e-009
 4.03827433e-009
 3.98832718e-009
 4.21018607e-009
 4.30374263e-009
 4.23843943e-009
 4.24335565e-009
 4.02257714e-009
 3.91966320e-009
 3.87679227e-009
 3.55691997e-009
 3.52615288e-009
 3.44753741e-009
 3.18494469e-009
 3.22452060e-009
 3.24907406e-009
 3.24370698e-009
 3.19202238e-009
 2.87374208e-009
 2.61498595e-009
 2.41174595e-009
 1.96375332e-009
 1.80482688e-009
 1.76370268e-009
 1.56139223e-009
 1.48271977e-009
 1.56764451e-009
 1.64834676e-009
 1.78532784e-009
 1.90869773e-009
 1.76928019e-009
 1.74183106e-009
 1.73634724e-009
 1.71214481e-009
 1.83961147e-009
 1.81433915e-009
 1.70099181e-009
 1.83461956e-009
 1.96200983e-009
 1.78865013e-009
 1.67784694e-009
 1.72065156e-009
 2.02259799e-009
 1.71035544e-009
 1.99680631e-009
 2.27128643e-009
 1.77739271e-009
 1.57427752e-009
 1.67414984e-009
 1.54601865e-009
 1.57015286e-009
 1.70056623e-009
 1.84744716e-009
 1.90590388e-009
 1.98733118e-009
 2.03331363e-009
 2.09558042e-009
 2.23860290e-009
 2.22249175e-009
 2.34481669e-009
 2.64218863e-009
 2.86262279e-009
 2.40050495e-009
 3.05669607e-009
 2.54455654e-009
 2.81831768e-009
 2.85945929e-009
 2.82221184e-009
 2.60274395e-009
 2.56944096e-009
 2.55624581e-009
 2.49972197e-009
 2.72888170e-009
 3.03125425e-009
 3.18785878e-009
 2.62493514e-009
 3.39812079e-009
 3.55728180e-009
 3.78629546e-009
 4.05098077e-009
 3.68116199e-009
 3.53265077e-009
 3.57855314e-009
 3.52935153e-009
 3.58580392e-009
 3.63327965e-009
 3.78646239e-009
 4.10609817e-009
 4.18363156e-009
 4.11542384e-009
 4.01100298e-009
 4.27970141e-009
 4.70691214e-009
 5.20104043e-009
 5.96155510e-009
 6.55201337e-009
 7.01919552e-009
 7.10822405e-009
 7.14877370e-009
 7.79139342e-009
 8.12030670e-009
 7.73529591e-009
 7.92514608e-009
 8.77196668e-009
 8.97355393e-009
 8.41091471e-009
 8.53836673e-009
 9.94707384e-009
 1.03280129e-008
 1.05459786e-008
 1.10805612e-008
 1.01940536e-008
 1.05297481e-008
 1.06498189e-008
 1.06830561e-008
 1.16362705e-008
 1.19022575e-008
 1.21049123e-008
 1.23439817e-008
 1.33342560e-008
 1.37824507e-008
 1.36027856e-008
 1.30810556e-008
 1.25419852e-008
 1.18945667e-008
 1.08048869e-008
 1.13633500e-008
 1.34996922e-008
 1.45936602e-008
 1.39745348e-008
 1.57084821e-008
 2.05019696e-008
 1.86199128e-008
 1.60792718e-008
 1.91948043e-008
 2.13197207e-008
 1.05096624e-008
 2.08904193e-008
 1.92189512e-008
 2.29580374e-008
 3.32775766e-008
 3.52441789e-008
 3.27546822e-008
 3.76605851e-008
 4.93529691e-008
 4.08712485e-008
 3.59499184e-008
 4.81047878e-008
 7.92043796e-008
 7.39511278e-008
 6.53884736e-008
 7.42458993e-008
 4.47279961e-008
 4.26031005e-008
 3.88582580e-008
 2.60965871e-008
 3.23499767e-008
 5.37756535e-008
 1.65247216e-008
 6.30065056e-008
 8.23660786e-008
 7.97853878e-008
 1.42339885e-007
 3.54398807e-007
 2.24703081e-007
 8.16289936e-007
 3.26474750e-006
 3.02824121e-007
 1.98650393e-007
 3.39938336e-007
 1.01659772e-006
 1.43370211e-006
 2.54143225e-006
 2.98613704e-006
 6.72430750e-006
 3.28620550e-006
 1.55522144e-006
 3.13413698e-007
 2.48260789e-008
 4.15946167e-007
 1.50486202e-007
 9.34075886e-008
 1.32046805e-007
 1.66534886e-007
 1.59524663e-007
 1.22154810e-007
 9.00719767e-008
 1.15012381e-007
 1.61721308e-007
 2.18406173e-007
 1.33098011e-007
 7.45337401e-008
 8.06726814e-008
 1.38462996e-007
 2.08162270e-008
 1.17533909e-007
 4.53318977e-007
 4.07172627e-005
 1.67127751e-006
 2.11969522e-007
 1.13551541e-007
 9.51913029e-008
 9.31110866e-008
 1.03949048e-007
 1.16356415e-007
 1.32425721e-007
 1.11797437e-007
 3.93300104e-008
 2.24687195e-008
 2.48267325e-008
 2.85181228e-008
 2.79789523e-008
 2.60347948e-008
 2.16602475e-008
 2.10355922e-008
 2.85223585e-008
 3.71042670e-008
 5.11838311e-008
 1.44277092e-008
 3.26304649e-008
 3.41684106e-008
 3.51634055e-008
 4.97709430e-008
 1.01807831e-007
 6.92015449e-008
 5.99468538e-008
 1.21819843e-007
 6.37178695e-007
 2.89727313e-008
 9.54156915e-007
 1.06433764e-005
 3.98845194e-006
 1.59569414e-006
 2.33709172e-007
 9.68939044e-008
 4.11002803e-008
 2.35035307e-008
 2.01560051e-008
 2.57070230e-008
 5.84069613e-008
 8.41039705e-008
 1.84027042e-007
 2.43686219e-006
 4.70939946e-007
 2.07850085e-007
 6.65523386e-007
 1.70179916e-006
 4.24325930e-007
 6.02053933e-008
 2.53396654e-008
 4.32999018e-008
 8.11026215e-008
 6.88152154e-008
 7.40303412e-008
 9.73713911e-008
 9.21047597e-008
 8.65296923e-008
 9.09083822e-008
 8.12830807e-008
 1.53275484e-007
 1.22544139e-007
 5.80298296e-008
 8.57690396e-008
 6.37728028e-008
 4.37665372e-008
 4.61642317e-008
 5.33155704e-008
 4.07430822e-008
 2.61095100e-008
 4.10154134e-008
 4.07968051e-007
 4.66944754e-008
 5.15382479e-007
 1.22021323e-005
 5.79026305e-007
 1.15842602e-007
 4.53427746e-008
 3.51596351e-008
 4.48267111e-008
 3.50663643e-008
 2.37128204e-008
 4.89104537e-008
 4.29027611e-008
 4.65437216e-008
 2.75836886e-008
 2.29964637e-008
 2.45971602e-008
 2.01734940e-008
 1.59009324e-008
 2.73194143e-008
 5.37112592e-008
 3.28286667e-008
 1.96084272e-008
 1.80331597e-008
 2.00270333e-008
 2.35604194e-008
 1.65559882e-008
 9.40810355e-009
 6.22859387e-009
 6.70881719e-009
 8.22011239e-009
 7.72199250e-009
 8.97162467e-009
 8.42912659e-009
 5.19272430e-009
 6.46322155e-006
 7.88792351e-009
 8.35160150e-009
 8.05184756e-009
 8.82480085e-009
 1.05189364e-008
 1.04114510e-008
 6.84663388e-009
 7.41742433e-009
 8.38079440e-009
 7.45244311e-009
 8.04613622e-009
 7.14464054e-009
 8.36861191e-009
 6.92125136e-009
 4.61092094e-009
 5.00516477e-009
 1.86022675e-006
 5.65264990e-009
 4.92968589e-009
 3.83892812e-009
 4.15180892e-009
 3.42091839e-009
 3.24528487e-009
 3.45186906e-009
 4.33143911e-009
 3.87493184e-009
 2.56641239e-009
 2.24516669e-009
 2.16298240e-009
 2.58282619e-009
 3.03388777e-009
 3.22673418e-009
 3.39631280e-009
 3.93600418e-009
 5.19863075e-009
 6.67111116e-009
 6.32221947e-009
 5.72218248e-009
 5.55352096e-009
 1.05945669e-008
 1.29722301e-008
 8.83099995e-009
 1.75819051e-008
 6.89817379e-008
 1.86252773e-008
 2.04787462e-008
 1.50380637e-008
 2.41965136e-008
 4.38083335e-008
 8.29680831e-008
 1.37412142e-007
 2.26269110e-007
 2.53111368e-007
 1.39442134e-007
 9.66389020e-008
 7.11738163e-008
 5.75298495e-008
 3.87233392e-008
 5.13430019e-008
 5.90454216e-008
 1.02595703e-007
 1.30805078e-007
 9.88074123e-008
 7.48972508e-008
 5.62448156e-008
 3.04852847e-008
 2.23508833e-008
 1.16672606e-007
 2.28053193e-008
 1.63210157e-008
 1.02239866e-008
 1.22470467e-008
 1.51764199e-008
 1.46193015e-008
 1.47462364e-008
 2.95634085e-008
 4.86212236e-008
 6.04542910e-008
 4.82526675e-008
 3.88292108e-008
 8.00858821e-008
 1.42801617e-007
 2.21732927e-007
 2.67707347e-007
 3.20358928e-007
 2.66273699e-007
 1.30537791e-007
 7.49970785e-008
 5.84763155e-008
 4.97773662e-008
 3.29783437e-008
 2.76401614e-008
 3.59196101e-008
 4.78171329e-008
 5.49054896e-008
 7.46806892e-008
 8.22447366e-007
 5.99378120e-006
 9.79266962e-007
 4.70298193e-007
 1.50056328e-007
 8.82734538e-008
 1.11147738e-007
 1.45421433e-007
 2.45825963e-007
 3.01841053e-007
 1.66644336e-006
 3.90761021e-005
 1.86104711e-006
 9.13854624e-007
 5.43136796e-007
 7.23460124e-007
 3.77213874e-007
 1.69809218e-007
 1.45586030e-007
 1.19846574e-007
 1.90324065e-007
 2.58015738e-007
 2.02147281e-007
 1.69496670e-007
 1.74283169e-007
 1.76439234e-007
 1.32149214e-007
 1.64117821e-007
 2.35447667e-007
 3.64473737e-007
 1.10185060e-006
 2.79309345e-008
 4.97187459e-005
 7.89279835e-006
 5.01693698e-005
 4.67527157e-007
 9.13088954e-008
 4.82069751e-008
 9.47881709e-008
 7.20970528e-008
 2.87069325e-008
 1.40769725e-008
 1.74176429e-008
 2.26278947e-008
 3.13163308e-008
 3.50832958e-008
 5.22094102e-008
 2.14687270e-007
 8.70450856e-007
 1.02764366e-005
 4.33806542e-007
 1.83131443e-007
 2.60122831e-007
 2.97564467e-007
 2.93788721e-006
 5.04853980e-005
 1.84704678e-006
 3.62781426e-007
 1.86441725e-007
 3.59733636e-007
 2.74688222e-007
 3.26744012e-007
 7.81175912e-007
 5.95632390e-007
 4.07322806e-007
 2.78879111e-006
 5.07226008e-006
 2.25052197e-006
 3.10169378e-008
 1.45065459e-006
 4.20306264e-006
 5.81231765e-006
 7.18303830e-007
 2.72946213e-007
 1.02634765e-007
 6.49416864e-008
 7.50903613e-008
 7.85679768e-008
 6.04083157e-008
 1.57935370e-008
 5.29376103e-008
 4.32303599e-008
 4.98940892e-008
 3.80674648e-008
 3.01574559e-008
 3.80314293e-008
 4.30490971e-008
 4.45394518e-008
 3.73300586e-008
 3.60205086e-008
 3.97104013e-008
 4.10785409e-008
 5.36421515e-008
 6.60158694e-008
 7.19645219e-008
 8.84050618e-008
 1.05555570e-007
 1.23578290e-007
 1.04659749e-007
 7.03795776e-008
 6.00685200e-008
 4.83300573e-008
 5.01211815e-008
 4.19242266e-008
 3.26124996e-008
 1.31804896e-008
 3.56496728e-008
 4.94201114e-008
 6.06984362e-008
 6.56736711e-008
 1.26337786e-007
 3.11547553e-007
 1.25948916e-006
 2.46935114e-005
 2.03332138e-006
 1.51614643e-007
 1.06198460e-007
 1.43686831e-007
 1.67296650e-007
 3.46750743e-007
 8.44891954e-007
 4.18413784e-008
 1.26561879e-006
 2.10909007e-006
 1.31492683e-006
 2.27545396e-005
 2.96537271e-005
 1.90695282e-006
 2.74988498e-006
 1.51458355e-006
 2.77866522e-007
 1.96865150e-007
 1.21511320e-007
 1.54712234e-007
 3.06586846e-007
 3.80730803e-007
 6.91950620e-007
 2.12833777e-006
 2.76278657e-008
 4.04189603e-006
 2.00762101e-005
 1.98528346e-006
 4.08956110e-008
 1.31055133e-005
 2.80430809e-006
 9.44127031e-007
 7.49956452e-007
 3.83548560e-007
 1.32822988e-007
 2.01077030e-007
 3.43867563e-007
 1.06261732e-007
 6.46775968e-008
 5.13185894e-008
 3.56399607e-008
 3.09469386e-008
 2.03660008e-008
 1.82648061e-008
 1.92014805e-008
 2.11543615e-008
 2.74378733e-008
 1.45482678e-008
 1.14163436e-008
 1.22555644e-008
 1.39380422e-008
 1.95140762e-008
 1.30722647e-008
 9.25507637e-009
 1.59691478e-008
 2.56969023e-008
 2.25378668e-008
 2.28276282e-008
 3.46469678e-008
 9.58600087e-008
 1.28216494e-007
 1.81108071e-007
 8.31825146e-007
 3.13991743e-007
 8.99652533e-008
 4.61209196e-008
 3.88511231e-008
 3.73155370e-008
 2.48468445e-008
 1.37769572e-008
 1.10168025e-008
 1.37636529e-008
 1.28547903e-008
 1.80740489e-008
 3.07632919e-008
 3.52621898e-008
 1.86004301e-008
 1.61859863e-008
 4.15709114e-008
 8.17361973e-008
 2.46302203e-007
 6.20631900e-007
 1.41166251e-006
 1.71207373e-006
 2.75412917e-006
 2.69970628e-005
 1.87940294e-006
 7.06797680e-007
 5.39385773e-006
 8.05303136e-007
 1.60401203e-007
 2.17574562e-007
 2.33992214e-007
 1.74968007e-007
 2.17910405e-007
 2.33693662e-008
 2.37870801e-007
 2.16292757e-007
 1.65405952e-007
 1.11423404e-006
 1.17360398e-006
 4.54723718e-007
 1.40392655e-007
 7.70066385e-008
 5.89614777e-008
 2.56024776e-008
 1.34164823e-008
 1.52435046e-008
 1.58837852e-008
 2.53308661e-008
 3.83917620e-008
 1.11511011e-007
 5.74305060e-008
 6.19394585e-008
 9.02962480e-008
 6.12624617e-008
 1.21457174e-007
 7.75839915e-008
 5.38475214e-008
 4.90563639e-008
 2.80236717e-008
 3.31659373e-008
 3.76601164e-008
 6.46624693e-008
 3.02479652e-007
 9.04156590e-007
 1.32090310e-006
 1.90525084e-005
 7.50590799e-007
 1.88794820e-007
 1.39789780e-008
 2.01164504e-007
 1.93963549e-007
 9.71063504e-008
 6.04855373e-008
 1.66150031e-008
 4.13632742e-008
 1.43904009e-008
 4.40918131e-008
 4.58284208e-008
 4.92262985e-008
 5.73490260e-008
 8.14939761e-008
 5.16229149e-008
 6.08595994e-008
 1.53002664e-007
 2.22018136e-007
 7.86117083e-007
 1.35062818e-006
 1.11140647e-005
 5.24522102e-007
 4.50820974e-008
 3.52963130e-008
 7.48533701e-008
 4.34249478e-008
 2.86088920e-008
 2.62580841e-008
 2.02294707e-008
 1.43173035e-008
 6.10773435e-008
 9.92415314e-009
 6.76254264e-009
 8.10831389e-008
 7.48766612e-009
 9.40734914e-009
 1.07781212e-008
 1.59726909e-008
 2.81675939e-008
 6.64027409e-008
 2.44031882e-007
 1.14480830e-006
 7.13473181e-007
 1.16612112e-006
 1.55245712e-006
 9.00244374e-007
 1.05794474e-005
 2.68381152e-007
 3.45100278e-007
 2.56658497e-007
 5.20788818e-008
 3.44456930e-008
 3.10091559e-008
 2.56648732e-008
 2.07056347e-008
 2.27960662e-008
 3.00090240e-008
 3.68463222e-008
 3.94559649e-008
 4.69745704e-008
 8.49896470e-008
 1.77030458e-007
 3.97199941e-007
 1.98302777e-006
 1.82131683e-008
 6.26244220e-007
 5.04001392e-005
 1.17952284e-005
 1.10304866e-005
 5.44394227e-006
 3.72495283e-007
 2.00764735e-007
 1.54509021e-007
 1.90005074e-007
 2.00927171e-007
 1.36246287e-007
 2.03361931e-007
 1.41034252e-007
 9.67161180e-008
 1.34382466e-007
 6.35234802e-008
 6.71066574e-008
 3.69229044e-008
 2.37786488e-008
 2.93325245e-008
 3.45399128e-008
 2.16248557e-008
 1.19658002e-008
 8.56141938e-009
 7.16634444e-009
 2.67757565e-005
 5.97638197e-009
 3.12325885e-009
 2.48674207e-007
 4.91451549e-009
 6.68021653e-009
 7.42575175e-009
 6.02877126e-009
 1.00896892e-008
 2.33718116e-008
 2.39455050e-008
 1.59109605e-008
 1.70403016e-008
 3.11745048e-008
 8.50970944e-008
 5.84165639e-007
 5.02968244e-006
 1.79961692e-005
 5.82366103e-006
