 3.99233728e+018
 3.34745682e+018
 2.95593882e+018
 3.25502755e+018
 2.96986135e+018
 2.14440480e+018
 1.94472405e+018
 3.96946074e+016
 1.44029062e+018
 1.19951445e+018
 1.26729475e+018
 1.29920302e+018
 1.47909327e+018
 2.00531082e+018
 2.33729623e+018
 2.11479628e+018
 2.22563338e+018
 2.68421722e+018
 3.36888711e+018
 4.02907945e+018
 4.50873912e+018
 4.72561982e+018
 4.91445199e+018
 NaN
 6.54607540e+017
 NaN
 5.89737123e+017
 NaN
 NaN
 NaN
 NaN
 NaN
 NaN
 NaN
 NaN
 NaN
 NaN
 NaN
 8.71553008e+017
 NaN
 NaN
 NaN
 4.57113540e+018
 3.96338701e+018
 5.06222123e+018
 NaN
 4.84913067e+018
 NaN
 NaN
 NaN
 NaN
 5.27347496e+018
 NaN
 6.62169171e+017
 NaN
 4.83008575e+018
 4.06139536e+018
 3.74173251e+018
 3.81365398e+018
 4.29690804e+018
 4.16454572e+018
 4.55314733e+018
 NaN
 NaN
 NaN
 NaN
 NaN
 NaN
 NaN
 NaN
 NaN
 NaN
 1.93438763e+018
 NaN
 NaN
 NaN
 NaN
 1.74189004e+018
 NaN
 NaN
 NaN
 NaN
 NaN
 NaN
 NaN
 NaN
 2.27447977e+018
 NaN
 NaN
 NaN
 NaN
 NaN
 NaN
 NaN
 NaN
 NaN
 NaN
 NaN
 NaN
 1.71568252e+018
 NaN
 NaN
 NaN
 NaN
 NaN
 NaN
 NaN
 NaN
 NaN
 NaN
 NaN
 NaN
 NaN
 NaN
 NaN
 NaN
 NaN
 NaN
 9.84737625e+017
 NaN
 NaN
 NaN
 NaN
 NaN
 NaN
 NaN
 NaN
 NaN
 1.76121624e+018
 NaN
 NaN
 NaN
 NaN
 NaN
 NaN
 NaN
 NaN
 NaN
 NaN
 NaN
 NaN
 NaN
 NaN
 NaN
 7.41892850e+017
 4.82497864e+018
 3.95361366e+018
 4.10513230e+018
 5.22579213e+018
 NaN
 4.79690271e+018
 4.62396022e+018
 NaN
 NaN
 NaN
 NaN
 NaN
 NaN
 NaN
 NaN
 5.18963147e+018
 NaN
 5.24288506e+018
 5.03396466e+018
 NaN
 NaN
 4.44684450e+018
 3.51127006e+018
 2.83342661e+018
 2.71938456e+018
 3.29013236e+018
 3.40171641e+018
 2.90250698e+018
 3.38875867e+018
 3.63368811e+018
 2.74778344e+018
 2.62958589e+018
 3.31334338e+018
 3.84654354e+018
 4.38086725e+018
 NaN
 4.73182668e+017
 NaN
 NaN
 NaN
 NaN
 NaN
 NaN
 NaN
 5.27876286e+018
 5.82439510e+017
 NaN
 3.54719346e+018
 2.54322823e+018
 2.08307792e+018
 2.01639926e+018
 1.30471122e+018
 7.62288772e+017
 1.08055923e+018
 1.20156890e+018
 1.52064744e+018
 1.57414729e+018
 1.36104026e+018
 1.64125283e+018
 1.74444328e+018
 1.79168846e+018
 2.02476604e+018
 1.96881439e+018
 2.69449771e+018
 3.71141882e+018
 4.32538036e+018
 NaN
 NaN
 NaN
 NaN
 NaN
 NaN
 NaN
 4.74773294e+018
 4.50355436e+018
 4.60684782e+018
 4.28865842e+018
 3.80853668e+018
 3.13616450e+018
 2.81358159e+018
 2.36766661e+018
 6.65949889e+016
 2.81092170e+018
 3.08660602e+018
 3.63140292e+018
 3.50696141e+018
 2.88228161e+018
 2.62875992e+018
 2.58955993e+018
 2.52814080e+018
 2.60824408e+018
 2.79962126e+018
 2.44144577e+018
 2.54313656e+018
 2.78842439e+018
 2.49864004e+018
 2.75067529e+018
 2.90706092e+018
 3.30543610e+018
 4.33722752e+018
 5.12569572e+018
 4.94361677e+017
 4.86489020e+018
 5.00117731e+018
 5.23764347e+018
 NaN
 NaN
 NaN
 NaN
 NaN
 NaN
 4.04198275e+018
 2.68990646e+018
 2.45333853e+018
 2.33148788e+018
 1.79726201e+018
 2.00891801e+018
 2.13558785e+018
 1.87446979e+018
 1.48195148e+018
 1.77600497e+018
 2.06178822e+018
 2.14967839e+018
 2.63569884e+018
 1.93072581e+018
 1.49625855e+018
 1.81905048e+018
 2.34313606e+018
 2.74589095e+018
 2.82983978e+018
 3.22412357e+018
 4.12230914e+018
 4.86345837e+018
 NaN
 4.82461743e+018
 4.36465350e+018
 3.37164960e+018
 2.62445886e+018
 2.39379838e+018
 2.52993870e+018
 2.93918673e+018
 3.32744611e+018
 3.19044324e+018
 2.70005878e+018
 3.43257009e+018
 3.82632060e+018
 3.27608769e+018
 2.29801021e+017
 2.71785891e+018
 2.28197073e+018
 2.40370506e+018
 2.24114868e+018
 1.93956691e+018
 2.05442937e+018
 2.42932626e+018
 2.20797848e+018
 1.73901608e+018
 1.29542322e+018
 9.01166724e+017
 8.00730601e+017
 5.29219654e+017
 1.81824232e+017
 6.18477879e+016
 2.78610233e+016
 7.12933764e+015
 1.52221317e+016
 1.89212299e+015
 1.78982580e+016
 2.03330169e+015
 5.42128111e+016
 1.09189357e+017
 1.22541278e+017
 7.96129569e+016
 3.36714890e+016
 6.47171847e+014
 4.26388227e+016
 1.72809985e+017
 4.27139962e+017
 5.69762567e+017
 4.42483792e+017
 3.31145595e+017
 2.19061819e+017
 1.32345778e+017
 2.65315238e+017
 2.27372023e+017
 1.79046177e+017
 2.59964522e+017
 2.03156400e+017
 2.16952441e+017
 2.66257194e+017
 4.14259433e+017
 5.79016745e+017
 5.00192128e+017
 5.29940304e+017
 5.71196978e+017
 3.93636336e+017
 9.85833468e+016
 1.14898908e+016
 2.39313012e+015
 5.39306362e+016
 8.37844330e+016
 1.62529452e+017
 1.54695887e+017
 8.10472647e+016
 4.79539976e+016
 2.31199105e+016
 5.32718132e+015
 6.11185139e+014
 1.62089441e+016
 4.00737320e+015
 2.90828212e+014
 2.57140839e+015
 1.12899883e+016
 3.15407611e+016
 4.45739774e+017
 6.14751382e+015
 2.04678110e+015
 1.44760728e+014
 1.04094030e+016
 1.53988167e+016
 1.84901244e+016
 8.21455523e+015
 1.37604351e+014
 2.08500893e+016
 6.04020360e+016
 1.32387681e+016
 1.67677410e+014
 1.74912974e+016
 1.29001141e+017
 2.41351292e+017
 4.34170953e+017
 7.27305760e+017
 3.54023060e+016
 7.54643989e+017
 9.25712619e+017
 8.88464679e+017
 7.50701450e+017
 5.78881469e+017
 3.03629768e+017
 1.69044408e+017
 4.46145398e+017
 3.59772225e+017
 3.75092303e+017
 4.80035805e+017
 4.60059446e+017
 4.41407412e+017
 6.32054292e+017
 9.88167440e+017
 1.09882413e+018
 1.20019536e+018
 1.54771617e+018
 2.01755247e+018
 2.53925960e+018
 1.26266942e+017
 2.39590499e+018
 2.47771970e+018
 2.28711056e+018
 2.09992084e+018
 2.20204207e+018
 1.99758263e+018
 1.70084877e+018
 1.99249379e+018
 2.24872696e+018
 1.72864240e+018
 1.63103326e+018
 1.51136542e+018
 1.04323504e+018
 7.62363824e+017
 2.81020158e+017
 1.22900017e+018
 1.46933651e+018
 1.79291662e+018
 2.14109407e+018
 2.21823567e+018
 3.03554092e+018
 3.69451188e+018
 3.95098486e+018
 3.85550631e+018
 4.55554229e+018
 4.71220170e+018
 4.15052734e+018
 3.85055225e+018
 2.89230405e+018
 3.00786511e+018
 3.21483953e+018
 2.51572566e+018
 2.43437718e+018
 2.77556869e+018
 1.58275536e+017
 2.39174941e+018
 2.02818096e+018
 2.66373811e+018
 3.15035579e+018
 2.71511271e+018
 7.51445814e+016
 2.89333736e+018
 3.18621223e+018
 3.35968729e+018
 3.34024149e+018
 2.67008043e+018
 1.87433613e+018
 1.28003700e+018
 2.06972050e+018
 1.81350094e+016
 2.44181283e+018
 2.62148847e+018
 2.90033676e+018
 3.94577727e+018
 4.45777559e+018
 3.81640915e+018
 3.52483944e+018
 2.96697652e+018
 2.45098421e+018
 1.01968548e+017
 2.23955769e+018
 2.02976019e+018
 1.76771499e+018
 1.38196634e+018
 9.68908751e+017
 1.36220122e+016
 1.13654796e+018
 1.03792070e+018
 5.16317693e+017
 2.00521152e+017
 1.26031451e+017
 4.69565934e+015
 4.76275628e+016
 2.26760159e+017
 3.86212355e+017
 4.91469857e+017
 6.17853023e+017
 6.54484609e+017
 8.01026435e+017
 1.01142412e+018
 1.16712319e+018
 1.32652202e+018
 1.50053605e+018
 1.76105813e+018
 1.91572050e+018
 2.11599416e+018
 2.34037851e+018
 2.41554738e+018
 2.61062154e+018
 2.88721832e+018
 2.97751651e+018
 2.94046888e+018
 2.92604904e+018
 2.95673286e+018
 3.19224456e+018
 3.31713063e+018
 3.18501678e+018
 3.05855378e+018
 2.92261799e+018
 2.81627965e+018
 2.79439167e+018
 2.64949762e+018
 2.48073523e+018
 2.33631246e+018
 2.24043011e+018
 2.18146129e+018
 2.13128449e+018
 1.98006902e+018
 1.79388090e+018
 1.70627269e+018
 1.68395716e+018
 1.62329866e+018
 1.54214367e+018
 1.60955394e+018
 1.59924903e+018
 1.54314195e+018
 1.45445581e+018
 1.38941478e+018
 1.35373007e+018
 1.21904726e+018
 1.18491581e+018
 1.31731518e+018
 1.29799117e+018
 1.22206839e+018
 1.24356735e+018
 1.23389405e+018
 1.20413538e+018
 1.19671602e+018
 1.22854172e+018
 1.17328908e+018
 1.09318843e+018
 1.02896473e+018
 1.05154745e+018
 1.08695507e+018
 1.04940186e+018
 1.00189944e+018
 9.95939624e+017
 1.08024194e+018
 1.04590901e+018
 1.00071567e+018
 1.30782785e+018
 1.05982233e+018
 1.10514479e+018
 1.08819168e+018
 1.41583336e+018
 1.01580917e+018
 9.74298719e+017
 1.04325690e+018
 1.10762731e+018
 1.12905491e+018
 1.15787400e+018
 1.11028818e+018
 1.03862518e+018
 1.10731635e+018
 1.09696952e+018
 1.04933643e+018
 1.06463641e+018
 1.03511911e+018
 1.03853174e+018
 1.03937116e+018
 1.05261076e+018
 1.04355109e+018
 1.03347893e+018
 1.34831179e+018
 9.98388242e+017
 1.02440615e+018
 1.00640174e+018
 9.35870555e+017
 1.26034539e+018
 9.40330928e+017
 9.33627383e+017
 9.51053300e+017
 8.95951699e+017
 8.35958901e+017
 8.18678212e+017
 8.38822473e+017
 8.18506678e+017
 7.51490853e+017
 7.43094532e+017
 7.73037515e+017
 7.21873683e+017
 6.58720105e+017
 1.00158161e+018
 7.02016299e+017
 6.83246572e+017
 5.85261749e+017
 9.52629673e+017
 5.65535521e+017
 5.22537280e+017
 5.64693779e+017
 5.15047485e+017
 4.63698965e+017
 4.91833248e+017
 4.56078708e+017
 4.38442895e+017
 4.22779830e+017
 3.81875022e+017
 4.03229863e+017
 4.19880381e+017
 3.95459378e+017
 3.48430182e+017
 3.30784632e+017
 3.37945928e+017
 3.15335364e+017
 3.36607732e+017
 3.25456371e+017
 2.57274587e+017
 2.21598425e+017
 2.50222005e+017
 3.02059677e+017
 2.52482345e+017
 2.02312114e+017
 2.99118708e+017
 3.28578291e+017
 2.56529757e+017
 1.97928220e+017
 1.83624301e+017
 1.78622269e+017
 1.76307058e+017
 9.35097188e+017
 1.93755547e+017
 2.55615011e+017
 2.31743330e+017
 6.68234779e+017
 2.15398307e+017
 2.18567517e+017
 3.09760386e+017
 2.80843257e+017
 2.45872764e+017
 3.02548248e+017
 3.24631596e+017
 2.57713864e+017
 2.23554709e+017
 2.08499939e+017
 1.87109596e+017
 2.30579621e+017
 2.98299977e+017
 2.67412334e+017
 1.99621649e+017
 1.86246633e+017
 1.47056190e+017
 1.62242601e+017
 2.87078004e+017
 3.33418766e+017
 2.57764969e+017
 2.46643900e+017
 2.23248632e+017
 1.80900486e+017
 2.24687619e+017
 2.73003959e+017
 2.42847897e+017
 2.34755771e+017
 2.54208338e+017
 2.95935599e+017
 6.94683211e+017
 2.65656270e+017
 2.88765345e+017
 2.94113258e+017
 2.88826040e+017
 2.96143000e+017
 2.59213689e+017
 2.65492238e+017
 2.99268733e+017
 3.15441305e+017
 3.60801698e+017
 3.39625986e+017
 3.18440438e+017
 3.40644551e+017
 3.57139520e+017
 2.83267951e+017
 2.97358639e+017
 3.49799360e+017
 7.41721231e+017
 3.04863351e+017
 3.58823707e+017
 4.24630350e+017
 3.38103936e+017
 3.22029024e+017
 3.13143572e+017
 3.69790808e+017
 4.33904893e+017
 3.88166529e+017
 3.47150561e+017
 3.57428028e+017
 3.59857889e+017
 4.11048563e+017
 3.93916977e+017
 3.81718952e+017
 3.86059314e+017
 3.33915038e+017
 3.41167302e+017
 3.21356436e+017
 3.53175840e+017
 3.81230510e+017
 3.77324219e+017
 3.94089281e+017
 3.95383460e+017
 4.06319445e+017
 4.40878137e+017
 5.02810179e+017
 4.88683889e+017
 4.42663770e+017
 4.28659334e+017
 3.75773735e+017
 4.28012361e+017
 4.83029473e+017
 4.69140839e+017
 4.64264738e+017
 4.66255502e+017
 4.72985557e+017
 4.17727313e+017
 3.74443972e+017
 3.91762598e+017
 3.80293599e+017
 3.61363841e+017
 4.19095354e+017
 4.76091869e+017
 4.65005646e+017
 4.07278030e+017
 3.82099758e+017
 4.37652129e+017
 4.93637489e+017
 4.85096281e+017
 4.66513424e+017
 4.75971795e+017
 5.29619694e+017
 5.66157681e+017
 5.54379277e+017
 5.71167303e+017
 5.92991146e+017
 6.00793630e+017
 6.28318837e+017
 6.42190092e+017
 6.24441149e+017
 6.14345815e+017
 6.12135455e+017
 6.11516548e+017
 6.38306012e+017
 6.70518094e+017
 7.00387970e+017
 7.21745985e+017
 7.16424185e+017
 6.70990062e+017
 6.96991031e+017
 7.57731113e+017
 7.80744032e+017
 8.30579083e+017
 8.50402445e+017
 8.44762681e+017
 8.14864402e+017
 8.53321557e+017
 9.53101897e+017
 1.25416332e+018
 9.39450664e+017
 9.64607744e+017
 9.24515868e+017
 9.41217833e+017
 9.86251659e+017
 1.33673774e+018
 9.87406788e+017
 1.03038639e+018
 1.07371292e+018
 1.09046406e+018
 1.13725850e+018
 1.20517277e+018
 1.18561124e+018
 1.15327128e+018
 1.21997349e+018
 1.25818274e+018
 1.30277219e+018
 1.29351240e+018
 1.27126974e+018
 1.32249317e+018
 1.35906443e+018
 1.33191571e+018
 1.30637155e+018
 1.33963599e+018
 1.37535718e+018
 1.41154234e+018
 1.74985423e+018
 1.39044259e+018
 1.39743422e+018
 1.45929540e+018
 1.53107217e+018
 1.82009738e+018
 1.57725109e+018
 1.58828348e+018
 1.59141929e+018
 1.69821364e+018
 1.71450237e+018
 1.62971329e+018
 1.91679994e+018
 1.69335800e+018
 1.69932121e+018
 1.68033067e+018
 1.70537954e+018
 1.77602998e+018
 1.86377503e+018
 2.14753455e+018
 1.83854828e+018
 1.84962170e+018
 1.72695363e+018
 1.66934833e+018
 1.79563194e+018
 1.84668551e+018
 1.81809657e+018
 1.84619191e+018
 1.87911004e+018
 1.87532990e+018
 1.92139046e+018
 1.95299406e+018
 1.89422748e+018
 1.84334581e+018
 1.80566387e+018
 1.80963394e+018
 1.88530048e+018
 1.93414313e+018
 1.91151676e+018
 1.92078647e+018
 1.99669124e+018
 1.98877897e+018
 1.88755434e+018
 2.21436727e+018
 1.94551890e+018
 2.22429036e+018
 1.94630844e+018
 1.96527258e+018
 1.96011728e+018
 1.91338252e+018
 1.95258459e+018
 1.97608460e+018
 1.99325629e+018
 2.03796738e+018
 2.00728646e+018
 2.02104547e+018
 2.10347213e+018
 2.13705993e+018
 2.23159985e+018
 2.39730711e+018
 2.35461378e+018
 2.28817818e+018
 2.32019862e+018
 2.23767282e+018
 2.28004170e+018
 2.41162645e+018
 2.42732081e+018
 2.36881080e+018
 2.36393331e+018
 2.43882711e+018
 2.71813883e+018
 2.39572757e+018
 2.40690935e+018
 2.47310590e+018
 2.48581180e+018
 2.42106803e+018
 2.40239190e+018
 2.56478999e+018
 2.54543695e+018
 2.38325827e+018
 2.29679108e+018
 2.57593206e+018
 2.38918930e+018
 2.35343231e+018
 2.30458615e+018
 2.26696699e+018
 2.19206308e+018
 2.22569799e+018
 2.25473176e+018
 2.19548814e+018
 2.11034664e+018
 2.03850822e+018
 1.99351299e+018
 2.05672698e+018
 2.34835588e+018
 1.94225835e+018
 1.89569762e+018
 1.84830123e+018
 1.89216672e+018
 1.95827306e+018
 1.84859635e+018
 1.77494488e+018
 1.85731694e+018
 1.83079443e+018
 1.76256039e+018
 1.77347427e+018
 1.76234426e+018
 1.82572214e+018
 1.78236911e+018
 1.74732111e+018
 1.75963078e+018
 1.70882138e+018
 1.98392680e+018
 1.69448828e+018
 1.68172992e+018
 1.64219352e+018
 1.64935515e+018
 1.67250523e+018
 1.65939884e+018
 1.67297341e+018
 1.71811349e+018
 1.69071084e+018
 1.62281070e+018
 1.60315401e+018
 1.88097482e+018
 1.63562175e+018
 1.64596294e+018
 1.64055356e+018
 1.69848865e+018
 1.69270685e+018
 1.57804941e+018
 1.89219919e+018
 1.59566885e+018
 1.63197157e+018
 1.68860008e+018
 1.64221560e+018
 1.62893130e+018
 1.64564601e+018
 1.67674092e+018
 1.66640593e+018
 1.72242368e+018
 1.77787249e+018
 1.67111541e+018
 1.70359910e+018
 1.73656477e+018
 1.63193555e+018
 1.64985167e+018
 1.76856579e+018
 1.84137641e+018
 1.74763939e+018
 1.67257897e+018
 1.72719075e+018
 1.81009866e+018
 1.87015094e+018
 1.78995010e+018
 1.72856609e+018
 1.73483985e+018
 1.76581477e+018
 1.82911591e+018
 1.84950853e+018
 1.90268785e+018
 1.86733166e+018
 1.78070092e+018
 1.83844685e+018
 1.93540303e+018
 1.96523120e+018
 1.95085176e+018
 1.86910578e+018
 1.89013452e+018
 1.92797363e+018
 1.84871105e+018
 1.89669763e+018
 2.19506744e+018
 1.85230007e+018
 1.90523564e+018
 1.95820697e+018
 1.92056920e+018
 1.83339725e+018
 1.86763864e+018
 1.87743202e+018
 1.83703218e+018
 1.85410131e+018
 1.82633523e+018
 2.10624942e+018
 1.87061696e+018
 1.79971800e+018
 1.76025268e+018
 1.78699639e+018
 1.79800314e+018
 1.86069139e+018
 1.80173222e+018
 1.79566792e+018
 1.89940066e+018
 1.84588777e+018
 1.81799654e+018
 1.80328948e+018
 1.71903701e+018
 1.73032612e+018
 1.75626906e+018
 1.68106478e+018
 1.67387548e+018
 1.66723711e+018
 1.67763556e+018
 1.69126767e+018
 1.63346677e+018
 1.58589201e+018
 1.54046514e+018
 1.56605045e+018
 1.58386809e+018
 1.56176824e+018
 1.51961732e+018
 1.51036376e+018
 1.53271664e+018
 1.57007166e+018
 1.59747116e+018
 1.51819754e+018
 1.79502179e+018
 1.50392463e+018
 1.39784858e+018
 1.37419703e+018
 1.35677559e+018
 1.34406683e+018
 1.33061661e+018
 1.31850860e+018
 1.34255139e+018
 1.35514324e+018
 1.30296928e+018
 1.24446023e+018
 1.31092115e+018
 1.27880050e+018
 1.16493315e+018
 1.20604437e+018
 1.25085133e+018
 1.25485918e+018
 1.23088432e+018
 1.13696830e+018
 1.11847412e+018
 1.15631439e+018
 1.13316240e+018
 1.15589485e+018
 1.16883438e+018
 1.11064930e+018
 1.07674497e+018
 1.08584401e+018
 1.12840825e+018
 1.14028387e+018
 1.11390392e+018
 1.06239737e+018
 1.03863679e+018
 1.06060554e+018
 1.06510290e+018
 1.05735662e+018
 1.04109658e+018
 9.98756719e+017
 9.90668526e+017
 9.96138249e+017
 9.66537871e+017
 9.94175878e+017
 9.74071720e+017
 9.30760445e+017
 9.39232233e+017
 9.28488136e+017
 9.18185441e+017
 8.91568856e+017
 8.72089519e+017
 8.95252611e+017
 9.21370420e+017
 8.65049663e+017
 8.52238854e+017
 8.69847192e+017
 8.54088901e+017
 8.58504804e+017
 8.25509118e+017
 8.17443727e+017
 8.36066970e+017
 8.14125057e+017
 7.91459713e+017
 7.57714826e+017
 7.28524286e+017
 7.21200796e+017
 6.59561695e+017
 6.82859118e+017
 7.75374160e+017
 7.60114097e+017
 7.15478143e+017
 7.31098556e+017
 6.93399460e+017
 6.67772604e+017
 7.05223032e+017
 6.84811115e+017
 6.96369930e+017
 6.71380557e+017
 5.79734565e+017
 5.52414465e+017
 6.14809800e+017
 6.02668889e+017
 5.23020084e+017
 5.48695658e+017
 6.19919544e+017
 5.92039278e+017
 5.36574743e+017
 5.76432248e+017
 5.84455085e+017
 5.32605142e+017
 5.10801122e+017
 5.02007477e+017
 5.38495207e+017
 5.44526266e+017
 4.82101975e+017
 8.46888865e+017
 4.84048126e+017
 4.57239400e+017
 4.62078925e+017
 4.36596686e+017
 3.80679154e+017
 8.43126056e+017
 3.34300588e+017
 2.75400569e+017
 6.82512228e+017
 2.95214655e+017
 3.30397063e+017
 3.36507544e+017
 3.25770732e+017
 2.90455387e+017
 2.67513405e+017
 2.93222077e+017
 2.77885360e+017
 6.89962680e+017
 3.12338633e+017
 2.79527229e+017
 2.71287556e+017
 3.01372836e+017
 2.62491972e+017
 2.26390323e+017
 6.37357579e+017
 1.96343407e+017
 1.58761019e+017
 1.50331665e+017
 1.70583508e+017
 1.92071343e+017
 2.14405811e+017
 1.89625447e+017
 1.23571302e+017
 5.35032129e+017
 1.34586736e+017
 1.10837076e+017
 9.41299227e+016
 1.32660802e+017
 1.22821688e+017
 1.15037897e+018
 9.46441086e+016
 8.09908316e+016
 1.08036640e+017
 7.56123173e+016
 8.39147420e+016
 5.83869989e+016
 1.17376470e+016
 4.80927474e+017
 1.56956050e+016
 2.99097034e+015
 8.83618137e+013
 6.25093518e+014
 1.93007309e+016
 3.92061048e+016
 4.63433318e+017
 4.26376383e+016
 1.01044223e+018
 2.43250325e+016
 5.96616136e+015
 2.51413241e+014
 5.39847215e+015
 4.05826987e+017
 3.23903702e+015
 6.16600538e+014
 2.95762636e+014
 1.54388969e+014
 1.33275156e+014
 7.60838111e+014
 3.83489412e+017
 3.01627516e+015
 3.27969015e+016
 1.62663354e+015
 9.87081333e+015
 3.16926850e+015
 1.56602930e+014
 2.52900939e+015
 1.18782721e+016
 2.04420231e+016
 3.42711904e+015
 4.93810799e+016
 1.16683595e+017
 1.77598662e+016
 1.12431646e+016
 3.07449160e+016
 4.18234032e+015
 1.15721209e+016
 3.05212444e+016
 3.12684225e+017
 1.54195836e+016
 1.30101715e+016
 3.43360229e+016
 7.95387079e+016
 7.44800151e+016
 6.29598466e+016
 9.43911518e+016
 3.55680745e+017
 1.17970515e+017
 1.26192871e+017
 4.98287141e+016
 4.29267031e+016
 5.58187061e+016
 2.24763402e+016
 1.63166684e+016
 1.77972245e+016
 3.05314658e+016
 9.83504179e+016
 1.30742007e+017
 1.39710160e+017
 2.26100263e+017
 1.18578353e+017
 5.39500742e+016
 1.20932962e+017
 2.32528478e+017
 8.72468700e+016
 9.25035793e+016
 9.84156045e+016
 1.80801831e+017
 2.20805741e+017
 1.16907032e+017
 7.74169448e+016
 1.68830170e+017
 2.22184272e+017
 1.80018069e+017
 1.87864066e+017
 1.19066988e+017
 6.95293940e+016
 9.68463621e+016
 2.37048193e+017
 1.02078817e+017
 2.34341016e+017
 2.12746264e+017
 1.56661140e+017
 1.49285758e+017
 9.65212833e+016
 1.22308829e+017
 1.83189661e+017
 2.21430848e+017
 1.40040081e+017
 1.73139677e+017
 2.61004072e+017
 2.38417638e+017
 1.71460024e+017
 1.05755827e+017
 1.60274116e+017
 2.14264653e+017
 2.02304941e+017
 2.23331668e+017
 3.26637823e+017
 4.05817816e+017
 1.14015563e+017
 2.86810493e+017
 2.67197538e+017
 3.28656652e+017
 1.50655551e+017
 1.85843213e+017
 2.72738992e+017
 2.50582433e+017
 3.28550499e+017
 3.59357367e+017
 3.29142846e+017
 2.06844901e+017
 2.49167109e+017
 2.30339956e+017
 1.90285367e+017
 2.41271578e+017
 2.98216516e+017
 2.64696212e+017
 1.72970857e+017
 1.87029207e+017
 5.85174370e+018
 1.47215002e+018
 1.44754639e+018
 1.43904333e+018
 1.43935060e+018
 1.44134670e+018
 1.44185548e+018
 1.44212472e+018
 1.44276180e+018
 1.44250188e+018
 1.44165511e+018
 1.44181954e+018
 1.44253670e+018
 1.44241012e+018
 1.44175092e+018
 1.44196078e+018
 1.44231313e+018
 1.44240529e+018
 1.44288274e+018
 1.44296416e+018
 1.44252902e+018
 1.44202792e+018
 1.44182253e+018
 1.44101606e+018
 1.44015741e+018
 1.44147498e+018
 1.44305666e+018
 1.44351698e+018
 1.44344456e+018
 1.44346563e+018
 1.44406994e+018
 1.44427845e+018
 1.44328200e+018
 1.44223853e+018
 1.44241544e+018
 1.44307692e+018
 1.44300930e+018
 1.45684906e+018
 1.44282094e+018
 1.44186714e+018
 1.44126869e+018
 1.44264908e+018
 1.44325965e+018
 1.44286643e+018
 1.44342702e+018
 1.44334514e+018
 1.44223762e+018
 1.44248827e+018
 1.44366752e+018
 1.44396994e+018
 1.44333678e+018
 1.44340292e+018
 1.44324326e+018
 1.44289534e+018
 1.44257012e+018
 1.45757437e+018
 1.44102875e+018
 1.43944499e+018
 1.44066618e+018
 1.44204938e+018
 1.44272400e+018
 1.44363081e+018
 1.44361742e+018
 1.44286944e+018
 1.44318465e+018
 1.44345287e+018
 1.44268492e+018
 1.44269569e+018
 1.44288678e+018
 1.44304633e+018
 1.44381508e+018
 1.44424753e+018
 1.44291002e+018
 1.44134031e+018
 1.44195690e+018
 1.45666780e+018
 1.44353174e+018
 1.44482256e+018
 1.44536164e+018
 1.44487525e+018
 1.44396244e+018
 1.44375139e+018
 1.44381775e+018
 1.44421791e+018
 1.44472803e+018
 1.44447804e+018
 1.44449249e+018
 1.45484216e+018
 1.44424355e+018
 1.45813156e+018
 1.44356178e+018
 1.44243099e+018
 1.44217239e+018
 1.44383446e+018
 1.44456115e+018
 1.44418730e+018
 1.44435168e+018
 1.44386446e+018
 1.44310580e+018
 1.44342708e+018
 1.44427470e+018
 1.44407329e+018
 1.44306703e+018
 1.44318193e+018
 1.44266850e+018
 1.44076728e+018
 1.44122833e+018
 1.44957306e+018
 1.44202092e+018
 1.44216966e+018
 1.44296374e+018
 1.44309494e+018
 1.44170285e+018
 1.44194268e+018
 1.45784678e+018
 1.44241899e+018
 1.44283038e+018
 1.45826901e+018
 1.44305868e+018
 1.44247925e+018
 1.44238482e+018
 1.44203176e+018
 1.45672426e+018
 1.44244119e+018
 1.44297784e+018
 1.44245935e+018
 1.44193866e+018
 1.44205461e+018
 1.44121751e+018
 1.45519958e+018
 1.44148657e+018
 1.44251776e+018
 1.44286825e+018
 1.44265711e+018
 1.44243235e+018
 1.44299585e+018
 1.44343743e+018
 1.44299342e+018
 1.44223062e+018
 1.44141535e+018
 1.44068912e+018
 1.43984265e+018
 1.44042582e+018
 1.44204563e+018
 1.44241947e+018
 1.44241128e+018
 1.44314403e+018
 1.44312967e+018
 1.44145044e+018
 1.44077357e+018
 1.44201088e+018
 1.44256675e+018
 1.44235788e+018
 1.44259240e+018
 1.44281195e+018
 1.44261573e+018
 1.44282880e+018
 1.44356053e+018
 1.44265429e+018
 1.44083664e+018
 1.44124450e+018
 1.44242398e+018
 1.44282367e+018
 1.44277700e+018
 1.44257557e+018
 1.44175689e+018
 1.45695983e+018
 1.44071004e+018
 1.44033212e+018
 1.44189599e+018
 1.44355480e+018
 1.44330930e+018
 1.45783604e+018
 1.44258610e+018
 1.44268756e+018
 1.44100434e+018
 1.44025354e+018
 1.44199928e+018
 1.44307348e+018
 1.44257364e+018
 1.44231493e+018
 1.44218905e+018
 1.43995307e+018
 1.69185922e+018
 3.76544523e+017
 1.14531694e+016
 7.37265508e+017
 4.50543855e+017
 5.55982755e+017
 5.95994139e+017
 4.91660690e+017
 1.33372651e+017
 5.01581101e+017
 5.83052698e+017
 5.74417416e+017
 4.33229839e+017
 6.23942383e+017
 6.82030964e+017
 6.14313642e+017
 7.14185560e+017
 1.67490365e+017
 6.76780839e+017
 7.41533912e+017
 6.29022726e+017
 4.14733081e+017
 4.60911022e+017
 5.37784305e+017
 5.63647129e+017
 6.05089072e+017
 5.89249118e+017
 5.77977788e+017
 6.21466949e+017
 6.43688447e+017
 6.09014983e+017
 6.31626347e+017
 7.13380201e+017
 6.40350430e+017
 6.56939366e+017
 7.08039203e+017
 5.67077121e+017
 4.03089337e+017
 4.29625358e+017
 5.10283028e+017
 5.28620233e+017
 6.07181350e+017
 6.96865146e+017
 7.71491391e+017
 7.17910278e+017
 5.66888371e+016
 6.42141019e+017
 5.04896461e+017
 5.89950549e+017
 7.70222659e+017
 6.80484871e+017
 5.90962829e+017
 5.58863065e+017
 4.49347942e+017
 5.68640393e+017
 7.27147675e+017
 7.03979730e+017
 7.66323681e+017
 8.31717966e+017
 4.40113092e+016
 8.64213386e+017
 9.44946360e+017
 9.08484043e+017
 8.55730737e+017
 7.50573450e+017
 9.09973465e+016
 7.54855771e+017
 4.88216078e+017
 2.14311880e+017
 6.20809000e+017
 8.50250882e+017
 1.04876013e+017
 6.35211512e+017
 7.23598745e+017
 8.84037550e+017
 7.55751301e+017
 5.05583003e+017
 4.06238291e+017
 4.45392845e+017
 5.78980694e+017
 6.63070056e+017
 5.95009434e+017
 4.85176910e+017
 1.19067510e+017
 5.36437958e+017
 5.52023297e+017
 5.84801048e+017
 7.54059565e+017
 6.70898649e+017
 5.09713609e+017
 6.06361769e+017
 7.05207790e+017
 6.75913066e+017
 8.61166430e+017
 1.20311455e+017
 7.17775086e+017
 5.52906894e+017
 5.27846708e+017
 7.54790567e+017
 9.08910625e+017
 8.62225141e+017
 6.87446879e+017
 8.82879222e+017
 1.04803600e+018
 1.17523776e+018
 1.20909403e+018
 1.21635611e+018
 1.16803606e+018
 1.17712814e+018
 9.67069137e+017
 5.93807405e+017
 7.23208043e+017
 8.54508585e+017
 9.90481128e+017
 9.62620124e+017
 1.02137211e+018
 1.32770034e+018
 1.20774412e+018
 9.87841226e+017
 8.45854846e+017
 9.19120431e+017
 7.53468118e+017
 5.59208382e+017
 6.42790276e+017
 7.47711709e+017
 8.87510926e+017
 8.91078100e+016
 7.17923159e+017
 7.62858590e+017
 7.36079222e+017
 9.22234923e+017
 1.08026540e+018
 8.89237770e+017
 9.53760385e+017
 8.55390313e+017
 7.15216370e+017
 8.72090032e+017
 1.08847070e+018
 8.67122141e+017
 7.48351265e+017
 9.26932352e+017
 8.39170362e+017
 7.87458977e+017
 9.07950025e+017
 9.63121266e+017
 1.01707478e+018
 1.06493569e+018
 9.81081387e+017
 8.99041081e+017
 9.49161439e+017
 9.31191435e+017
 8.82416402e+017
 8.12694887e+017
 8.39751384e+017
 8.57416350e+017
 7.86680828e+017
 9.58738828e+017
 1.05263366e+018
 7.85034127e+017
 8.40103983e+017
 9.28506490e+017
 8.01845269e+017
 8.50446496e+017
 9.33480400e+017
 9.27820752e+017
 1.06540001e+018
 1.17338402e+018
 1.11844132e+018
 9.92231977e+017
 9.13920890e+017
 8.64011319e+017
 8.54483667e+017
 9.16728103e+017
 9.38912137e+017
 9.27855272e+017
 9.30486919e+017
 1.07230573e+018
 1.12096639e+018
 1.18674981e+018
 1.15180809e+018
 1.01465996e+018
 1.12294919e+018
 1.18202296e+018
 1.08299064e+018
 8.94720067e+017
 8.68973890e+017
 8.23140400e+017
 8.21112847e+017
 1.07128398e+018
 7.17287401e+016
 8.62783251e+017
 4.75184860e+016
 9.96625153e+017
 9.44705055e+017
 9.11922640e+017
 1.13557054e+018
 9.62759132e+017
 8.78738409e+017
 9.32560228e+017
 8.83242686e+017
 9.32837641e+017
 7.72494849e+017
 6.83363670e+017
 4.82832011e+016
 7.47467201e+017
 8.90554960e+017
 8.65915530e+017
 7.81100674e+017
 7.51053951e+017
 6.43797397e+017
 7.96599905e+017
 1.11841227e+018
 6.58941410e+017
 5.31722098e+017
 9.34783103e+017
 1.04061379e+018
 7.24392233e+017
 6.25104343e+017
 8.35788442e+017
 7.28034850e+017
 8.13552365e+017
 9.17018348e+017
 7.34805953e+017
 6.56386858e+017
 7.49853003e+017
 8.19637398e+017
 6.23161047e+017
 8.03707439e+017
 1.07170359e+018
 7.68781653e+017
 5.90496811e+017
 6.56198794e+017
 7.25163966e+017
 7.98130667e+017
 9.52725967e+017
 9.92069839e+017
 9.99966540e+017
 9.73970028e+017
 8.35876671e+017
 7.49471910e+017
 6.23094116e+017
 6.76624079e+017
 6.46429046e+017
 6.16086167e+017
 7.31237279e+017
 7.51339194e+017
 7.04249252e+017
 6.93285226e+017
 7.72199294e+017
 8.27452976e+017
 6.48033204e+017
 6.08541007e+017
 6.87958951e+017
 5.53400101e+017
 6.19403250e+017
 6.69965378e+017
 6.04073884e+017
 5.00072178e+017
 5.23091274e+017
 6.53926679e+017
 7.20042532e+017
 7.13136828e+017
 6.43460406e+017
 8.59215694e+017
 9.28788060e+017
 9.08489500e+017
 9.69894007e+017
 8.86888238e+017
 1.87385892e+016
 9.48087385e+017
 1.93678636e+016
 8.23403297e+017
 7.83513943e+017
 8.91928570e+017
 9.14285679e+017
 7.94516223e+017
 8.93238857e+017
 9.36576987e+017
 8.08065301e+017
 7.36491196e+017
 7.01640665e+016
 8.50926156e+017
 8.79731241e+017
 7.20593676e+017
 7.53288261e+017
 8.38930303e+017
 8.59626899e+017
 8.25497302e+017
 6.91285282e+017
 5.12332641e+016
 6.40634680e+017
 5.43850021e+017
 6.56295435e+017
 7.10354966e+017
 7.94856971e+017
 7.46282329e+017
 6.16528213e+017
 7.52340800e+017
 7.84709411e+017
 8.57689484e+017
 7.74598704e+017
 9.65289318e+017
 1.07920790e+018
 9.19823886e+017
 1.00484536e+018
 9.33708281e+017
 6.93402540e+017
 6.00404548e+017
 6.49806605e+017
 7.20753033e+017
 8.11496652e+017
 6.92133937e+017
 6.29654402e+017
 4.93299527e+017
 5.78666747e+017
 9.85661705e+017
 1.20391289e+018
 1.12771698e+018
 1.17209650e+018
 1.12082668e+018
 8.44594336e+017
 9.22200392e+017
 8.84380113e+017
 7.72456166e+017
 8.80401050e+017
 7.16198695e+017
 6.83040050e+017
 1.04165468e+018
 1.11654001e+018
 8.39705771e+017
 7.08671080e+017
 8.59526484e+017
 2.04493340e+016
 8.36423901e+017
 8.02048458e+017
 4.99954433e+017
 1.30429079e+017
 6.90095795e+017
 7.77851799e+017
 7.20710182e+017
 1.03500977e+018
 1.28024430e+018
 7.95279626e+017
 9.07401392e+017
 6.43175613e+016
 7.40709453e+017
 9.74870539e+017
 7.11146263e+017
 6.18471702e+017
 6.69968981e+017
 7.23863624e+017
 1.01445019e+018
 7.74103540e+017
 7.44013247e+017
 1.00751578e+018
 9.17009619e+017
 6.97469633e+017
 7.32434767e+017
 7.96474677e+017
 8.20788213e+017
 6.04062045e+017
 5.64299015e+017
 9.15909794e+017
 7.37114713e+017
 6.47004524e+017
 7.12780034e+017
 8.28002095e+017
 8.09513719e+017
 6.89895518e+017
 7.20509860e+017
 6.77859359e+017
 6.86983124e+017
 8.39680009e+017
 7.96597090e+017
 7.88296331e+017
 6.32249034e+017
 5.60104140e+017
 6.48498987e+017
 5.19664179e+017
 6.16755367e+017
 7.79313789e+017
 3.10335333e+016
 8.43827240e+017
 6.87078066e+017
 6.03927404e+017
 7.75666716e+017
 8.66412246e+017
 8.33999537e+017
 7.64439793e+017
 9.57737198e+017
 1.25843095e+016
 8.55785040e+017
 7.78618872e+017
 8.67945143e+017
 1.25976440e+018
 1.37060146e+018
 9.80024509e+017
 8.60523802e+017
 1.11466554e+018
 1.17202484e+018
 1.11703743e+018
 8.91621796e+017
 8.37241498e+017
 1.01518120e+018
 9.63267212e+017
 8.92381084e+017
 9.50931860e+017
 9.08817234e+017
 9.91726466e+017
 9.62771842e+015
 9.90612920e+017
 1.03745980e+018
 9.11602090e+017
 1.02231890e+018
 8.73048190e+017
 7.05661768e+017
 8.73529892e+017
 7.13190123e+017
 7.84792688e+017
 1.02378174e+018
 9.05916592e+017
 8.79530848e+017
 9.33039004e+017
 1.04093311e+018
 8.85844735e+017
 9.42168680e+017
 1.04631442e+018
 1.19568340e+018
 1.30781040e+018
 9.61130920e+017
 8.07884712e+017
 7.58607426e+017
 8.36889654e+017
 2.47414479e+016
 9.42729624e+017
 9.17309904e+017
 2.53500408e+016
 1.18257630e+018
 1.11331148e+018
 9.12526206e+017
 9.84131794e+017
 1.26887955e+018
 1.21334373e+018
 1.78172830e+015
 1.13086140e+018
 8.52443726e+017
 3.67537200e+016
 1.15198045e+018
 1.29793723e+018
 1.13466068e+018
 9.62265839e+017
 8.48759298e+017
 7.93617947e+017
 8.68133344e+017
 8.73249405e+017
 8.39578498e+017
 9.96383822e+017
 1.16699290e+018
 1.19871565e+018
 1.05839685e+018
 8.38210326e+017
 8.81335463e+017
 9.83588120e+017
 1.51301298e+016
 9.58879653e+017
 1.13412458e+018
 1.05869596e+018
 7.91286638e+017
 9.51535491e+017
 1.50011818e+018
 1.85560335e+018
 1.22932630e+015
 1.68216146e+018
 1.43683088e+018
 1.62740788e+018
 1.69544750e+018
 1.71543569e+018
 1.65906775e+018
 1.74593226e+018
 1.97272490e+018
 1.67765034e+018
 8.95698933e+016
 2.01237760e+018
 1.83358917e+018
 3.14050948e+016
 1.96804854e+018
 1.59520420e+018
 2.04654870e+018
 2.16843385e+018
 1.68436789e+018
 1.83045730e+018
 9.32355110e+017
 1.62246745e+018
 6.30572705e+015
 1.61343838e+018
 1.64664066e+018
 1.59690584e+018
 1.66009958e+018
 1.76203223e+018
 1.61894489e+018
 1.90911806e+018
 1.81730049e+018
 1.59697129e+018
 1.50790222e+018
 1.35697219e+018
 1.70390597e+018
 1.78990713e+018
 1.62871734e+018
 2.95962485e+016
 1.94956001e+018
 1.66039244e+018
 1.19451935e+018
 1.43308146e+018
 1.38037135e+018
 1.43108178e+018
 1.40358603e+018
 1.32916258e+018
 1.67961713e+018
 1.82732654e+018
 1.90819386e+018
 1.67507090e+018
 1.33964515e+018
 1.25051518e+018
 1.41295963e+018
 1.53040059e+018
 1.24725598e+018
 1.46433645e+018
 1.55906645e+018
 1.59231626e+018
 1.76840119e+018
 1.65147390e+018
 1.58275518e+018
 1.50209542e+018
 1.22794207e+018
 8.40269482e+013
 1.79996603e+018
 1.58793280e+018
 1.32062885e+018
 1.41253641e+018
 1.48343916e+018
 1.41255402e+018
 1.33370057e+018
 1.62014483e+018
 2.47924526e+015
 1.44663723e+018
 2.36009024e+015
 1.14921609e+018
 2.95843600e+015
 1.31876977e+018
 1.24859391e+018
 1.17659491e+018
 1.20852619e+018
 1.34390398e+018
 1.29855024e+018
 1.16150169e+018
 1.34062422e+018
 1.50922258e+018
 1.32702907e+018
 1.43007356e+018
 1.51685293e+018
 1.56123244e+018
 1.60010568e+018
 1.41405430e+018
 9.93678561e+013
 1.37033487e+018
 1.25055516e+018
 1.27490000e+018
 1.63403001e+018
 1.95106647e+018
 1.56466475e+018
 1.45315267e+018
 1.73673251e+018
 1.66343847e+018
 1.46478642e+018
 1.49939769e+018
 1.80007116e+018
 1.71951937e+018
 1.24111172e+018
 4.17509310e+015
 1.51591334e+018
 4.36951325e+015
 1.24531382e+018
 1.38250459e+018
 1.53419328e+018
 1.50087622e+018
 1.20078485e+018
 1.27162768e+018
 1.62706971e+018
 1.33184546e+018
 1.18351188e+018
 6.83830936e+014
 1.35777093e+018
 1.44857290e+018
 1.55734247e+018
 1.69489391e+018
 1.18090163e+018
 1.11443586e+018
 1.05669420e+018
 1.03273171e+018
 1.29504683e+018
 1.54488172e+018
 1.82682332e+018
 1.59339883e+018
 1.55659000e+018
 1.75024751e+018
 1.20939336e+016
 1.93764085e+018
 1.80785745e+018
 1.69488895e+018
 1.79069479e+018
 1.54324533e+018
 1.48680765e+018
 1.62145282e+018
 2.02327583e+018
 2.30660264e+018
 2.15437151e+018
 1.83931970e+018
 1.71082560e+018
 2.04541793e+018
 1.71928280e+018
 1.56163957e+016
 2.05391747e+018
 1.80618532e+018
 1.56665593e+016
 1.87177781e+018
 1.72319180e+018
 1.69841595e+018
 1.98247295e+018
 1.73358424e+016
 1.75181474e+018
 1.50835310e+016
 2.06321313e+018
 1.72445809e+018
 1.54906215e+018
 1.86649073e+018
 2.06062242e+018
 2.11817302e+018
 2.06251108e+018
 1.90344047e+018
 1.78474099e+018
 1.80676051e+018
 1.90374126e+018
 2.05685092e+018
 1.75187764e+018
 1.71366941e+018
 1.82189050e+018
 1.66684005e+018
 1.73753296e+018
 1.87467279e+018
 1.84754329e+018
 1.97570269e+018
 1.81370634e+018
 1.59719644e+018
 1.83314348e+018
 2.21088371e+018
 2.28417325e+018
 2.03689437e+018
 1.82871482e+018
 1.49043176e+018
 1.60150219e+018
 1.90464072e+018
 1.79687048e+018
 1.93174132e+018
 1.67273138e+018
 1.76221565e+018
 2.01372377e+018
 1.77596819e+018
 2.27453196e+016
 2.31724446e+016
 1.94816987e+018
 1.78534668e+018
 1.71266944e+018
 1.90221316e+018
 2.11352200e+018
 2.26207947e+018
 1.99257493e+018
 3.96643400e+016
 2.11043339e+018
 1.88727320e+018
 1.98531669e+018
 2.54428015e+018
 2.45228485e+018
 2.04157009e+018
 1.05172357e+016
 1.89239481e+018
 2.04396153e+018
 1.87333682e+018
 1.54004111e+018
 1.68508211e+018
 1.94549442e+018
 1.75769413e+018
 1.81587123e+018
 2.36390784e+018
 1.79130046e+018
 1.64416754e+018
 1.83627769e+018
 1.66425426e+018
 1.74744570e+018
 1.90620287e+018
 1.97376551e+018
 2.09381483e+018
 2.07012178e+018
 1.90860119e+018
 2.28774557e+018
 2.01935061e+018
 1.64575214e+018
 1.88223710e+018
 1.91063515e+018
 1.93808180e+018
 1.81396602e+018
 2.02414075e+018
 2.20754330e+018
 2.01360768e+018
 2.05014902e+018
 1.85585822e+018
 1.73225539e+018
 1.86273904e+018
 1.84893756e+018
 1.42681831e+018
 1.06964418e+018
 1.39172207e+018
 2.05703416e+018
 4.62473173e+014
 1.77485846e+018
 2.05093747e+018
 2.12783568e+018
 1.94837814e+018
 2.09743367e+018
 1.94492853e+018
 2.08334903e+018
 1.71036432e+018
 1.09808312e+018
 1.30038145e+018
 2.05008403e+018
 1.88556264e+018
 1.47083942e+018
 1.99300299e+018
 1.64378257e+018
 1.11956490e+018
 2.35826441e+016
 1.23027847e+018
 1.37170511e+018
 1.19923395e+018
 1.39737113e+018
 1.49722861e+018
 1.48598225e+018
 1.61700502e+018
 1.81454524e+018
 1.87125145e+018
 1.80263052e+018
 2.02986416e+018
 1.83170925e+018
 1.42702450e+018
 1.55481825e+018
 1.85986185e+018
 1.44797292e+018
 1.59794784e+015
 1.76138942e+018
 1.34336231e+018
 1.20327843e+018
 1.00655918e+018
 1.84265411e+018
 1.62571864e+018
 1.52128850e+018
 1.71761913e+018
 1.79968333e+018
 1.84281783e+018
 1.76742611e+018
 1.59424696e+018
 1.74986780e+018
 2.81203139e+015
 1.60539644e+018
 1.72279434e+018
 1.71622128e+018
 1.52038133e+018
 1.45683211e+018
 1.60947485e+018
 1.57361417e+018
 1.54985084e+018
 1.68660202e+018
 1.77572847e+018
 1.67593674e+018
 1.55009515e+018
 1.61159809e+018
 1.83704675e+018
 1.81092813e+018
 1.76586744e+018
 1.81178590e+018
 1.50755614e+018
 1.35547477e+016
 1.74267935e+018
 1.44923903e+018
 1.20105590e+018
 1.30342782e+018
 1.57401606e+018
 1.63176502e+018
 1.51927048e+018
 4.28445354e+015
 1.60360802e+018
 1.54779757e+018
 1.35084847e+018
 1.05471325e+018
 1.10664470e+018
 1.50158796e+018
 1.61656410e+018
 1.32614724e+018
 1.05651559e+018
 1.38544158e+018
 1.62473716e+018
 1.52261879e+018
 1.62133271e+018
 1.45063119e+018
 1.30561418e+018
 1.38085520e+018
 1.34388658e+018
 1.50358698e+018
 1.54046048e+018
 1.27521349e+018
 1.04211029e+018
 1.23295445e+018
 1.52130189e+018
 1.38675213e+018
 1.37437838e+018
 1.36082384e+018
 4.10754051e+017
 1.41224056e+018
 1.67604151e+018
 1.45279456e+018
 1.08204385e+018
 1.13510881e+018
 1.22133529e+018
 1.83612956e+014
 1.33130297e+018
 1.39653703e+018
 1.43954468e+018
 1.36598871e+018
 1.25460415e+018
 1.37464082e+018
 1.21276347e+018
 1.10066615e+018
 1.20839764e+018
 9.50431074e+017
 8.42901241e+017
 1.21412610e+018
 1.55103964e+018
 1.38072520e+018
 1.01983905e+018
 1.23251530e+018
 1.49907386e+018
 1.18679701e+018
 1.03146192e+018
 1.09355414e+018
 1.31215910e+018
 1.49348408e+018
 1.32068595e+018
 9.90290799e+017
 1.12967715e+018
 1.32102620e+018
 1.50451991e+018
 1.62815234e+018
 1.41187170e+018
 1.45252255e+018
 1.30461760e+018
 1.14695741e+018
 1.42267518e+018
 1.82034567e+018
 1.71620748e+018
 1.51422517e+018
 1.37036651e+018
 1.44773035e+018
 1.57557912e+018
 1.26140717e+018
 1.07414093e+018
 6.44463054e+016
 1.06888531e+018
 1.38410836e+018
 2.42345485e+014
 1.30436096e+018
 1.05770184e+018
 1.18464944e+018
 1.55903809e+018
 1.53606591e+014
 1.27741087e+018
 9.44887253e+017
 1.27952418e+018
 1.58149429e+018
 1.43636587e+018
 1.27916456e+018
 1.08814378e+018
 1.00846362e+018
 1.15852691e+018
 1.22680934e+018
 1.11772977e+018
 1.19879750e+018
 1.16676396e+018
 1.17476728e+018
 1.43204788e+018
 1.60875943e+018
 1.53375150e+018
 1.25364086e+018
 1.11769445e+018
 1.08546697e+018
 1.30965658e+018
 1.35370020e+018
 1.15404836e+018
 1.18521867e+018
 1.13941418e+018
 1.00426647e+018
 1.02737443e+018
 1.12757568e+018
 3.04857815e+015
 1.43144964e+018
 8.15569351e+014
 1.30070352e+018
 1.34519848e+018
 1.16524288e+018
 1.41846309e+018
 1.55815702e+018
 1.12763886e+018
 1.29668484e+018
 1.41724970e+018
 1.69320773e+018
 1.89613530e+018
 1.49011097e+018
 1.68227562e+018
 1.32654920e+018
 1.11984389e+018
 1.17372727e+018
 1.10444821e+018
 1.36326231e+018
 8.05301456e+013
 1.19009615e+018
 1.14782424e+018
 1.11282136e+018
 1.25778627e+018
 1.42282315e+018
 1.51724136e+018
 1.38122535e+018
 1.16604795e+018
 1.06123952e+018
 1.25117077e+018
 1.65083222e+018
 1.47392507e+018
 1.44351554e+018
 1.61889178e+018
 1.72569040e+018
 1.43679251e+018
 1.46941443e+018
 1.24192723e+018
 1.30380045e+018
 1.34385199e+018
 1.30526776e+018
 1.45908893e+018
 1.33055944e+018
 1.26105483e+018
 1.19966400e+018
 1.85098521e+015
 1.43003744e+018
 2.30070464e+014
 1.31687601e+018
 1.16686334e+014
 1.73808360e+018
 1.80008130e+018
 1.61023019e+018
 1.67118395e+018
 1.69153474e+018
 1.67488843e+018
 1.69966961e+018
 1.96384092e+018
 1.67026189e+018
 1.23715662e+018
 1.26182406e+018
 1.32873543e+018
 1.43809450e+018
 1.39443350e+018
 1.38057343e+018
 1.49729272e+018
 1.43787216e+018
 1.42973536e+018
 1.32301435e+018
 1.49196458e+018
 1.85668095e+018
 1.70234288e+018
 1.36878659e+018
 1.20481928e+018
 1.35113744e+018
 1.60014242e+018
 1.50001869e+018
 1.25941978e+018
 1.22561358e+018
 1.40869532e+018
 1.22639810e+018
 1.05760554e+018
 1.20603560e+018
 1.18111024e+018
 1.29025593e+018
 1.20597511e+018
 1.13037082e+018
 1.56105898e+018
 1.64293776e+018
 1.44871739e+018
 1.33450158e+018
 1.42395395e+018
 1.70534262e+018
 1.95438294e+018
 1.74551057e+018
 1.14402604e+018
 1.03134765e+018
 1.39398839e+018
 1.47292154e+018
 1.39540456e+018
 1.30288771e+018
 1.35160607e+018
 1.24781820e+018
 1.28970610e+018
 1.53714772e+018
 1.39130011e+018
 5.43744690e+016
 1.46438517e+018
 1.37440093e+018
 1.28677380e+018
 1.37488376e+018
 1.53828756e+018
 7.91510968e+013
 1.47445038e+018
 1.37562670e+018
 1.28886830e+018
 1.11339344e+018
 6.01491365e+015
 1.29602729e+018
 1.46015386e+018
 1.40525426e+018
 1.52864785e+018
 1.68256291e+018
 1.52384719e+018
 1.71742085e+018
 1.61309001e+018
 1.45149645e+018
 1.59023532e+018
 8.28672030e+015
 1.59384611e+018
 1.44004553e+018
 1.13839515e+018
 1.27280771e+018
 1.53055494e+018
 1.39327318e+018
 1.34304880e+018
 1.46144034e+018
 1.27430484e+018
 1.13213481e+018
 1.37583390e+018
 1.56184979e+018
 1.66224341e+018
 1.79722818e+018
 1.73128630e+018
 1.59633358e+018
 1.29407639e+018
 9.85232158e+017
 1.15203780e+018
 1.71226168e+018
 1.37961803e+016
 1.37450800e+018
 1.43921995e+018
 1.35957140e+018
 1.48563816e+018
 1.42906890e+018
 1.95539704e+015
 1.77919190e+018
 1.65114550e+018
 1.26838596e+018
 2.16805772e+014
 1.56141825e+018
 1.68490734e+018
 1.72728866e+018
 1.95879376e+018
 1.46633797e+018
 1.09873479e+015
 2.12700638e+018
 1.67819160e+018
 1.22568528e+018
 1.32645007e+018
 1.43428046e+018
 1.46404288e+018
 1.42115209e+018
 1.36893065e+018
 1.06696170e+018
 5.26591604e+015
 1.21998106e+018
 1.27385367e+018
 1.20806178e+018
 8.65358695e+017
 9.40742267e+017
 1.23692313e+018
 1.48980298e+015
 1.28556559e+018
 1.03451854e+018
 1.15801469e+018
 1.47141636e+018
 1.27777403e+018
 1.20259075e+018
 1.48221960e+018
 6.35730998e+015
 1.05521412e+018
 1.14024745e+018
 1.22568316e+018
 1.13591792e+018
 1.27758923e+018
 1.33409061e+018
 1.17450723e+018
 1.22386588e+018
 1.29944652e+018
 1.18542309e+018
 1.24367065e+018
 1.35894998e+018
 1.45857049e+018
 1.37411507e+018
 1.04938081e+018
 1.13392341e+018
 1.28649906e+018
 1.12900224e+018
 1.15635718e+018
 1.25450636e+018
 1.54150574e+018
 1.72003617e+018
 1.65300341e+018
 1.68127493e+018
 1.59524752e+018
 1.29396999e+018
 1.20711945e+018
 1.26779029e+018
 1.39484986e+018
 1.35643244e+018
 1.22492335e+018
 1.29166985e+018
 1.20439522e+018
 1.13903817e+018
 1.34072758e+018
 1.08589545e+018
 1.30394169e+018
 1.36061943e+018
 1.33139715e+018
 1.22083187e+018
 1.26351238e+018
 1.32422815e+018
 1.20099805e+018
 1.30191263e+018
 1.56709413e+018
 1.77190052e+018
 1.39383684e+018
 1.06231046e+018
 1.33322798e+018
 1.76891845e+018
 1.64916353e+018
 1.18852417e+018
 1.45002412e+015
 1.41878441e+018
 1.32353208e+018
 1.23689982e+018
 1.28379719e+018
 1.46152515e+018
 1.37162105e+018
 1.20587448e+018
 1.51990385e+018
 1.57502704e+018
 1.52509241e+018
 1.51211567e+018
 1.26321520e+018
 8.45896314e+013
 1.48110112e+018
 1.52329249e+018
 1.47149081e+018
 1.51303013e+018
 1.42175316e+018
 1.53527359e+018
 2.04432785e+018
 1.66335234e+018
 1.31521911e+018
 1.60519098e+018
 1.36896773e+018
 1.51399329e+018
 1.70908680e+018
 1.39332482e+018
 1.45578844e+018
 1.20983051e+018
 1.08106686e+018
 1.44592039e+018
 1.36912190e+018
 1.21354000e+018
 1.47106627e+018
 1.54898647e+018
 1.45854036e+018
 1.43748179e+018
 1.48422032e+018
 1.65288429e+018
 1.69527656e+018
 1.33717034e+018
 1.02680931e+018
 1.63130217e+016
 1.12222135e+018
 1.05898295e+018
 1.01111065e+018
 1.05823703e+018
 1.36108962e+018
 1.25280083e+018
 1.06105383e+018
 1.15637836e+018
 1.03841460e+018
 1.08460358e+018
 1.05847760e+018
 9.68066133e+017
 1.22501240e+018
 1.19545957e+018
 1.07108923e+018
 9.90745573e+017
 1.04554042e+018
 1.11902578e+018
 1.03981495e+018
 9.92317444e+017
 8.73404048e+017
 9.52314888e+017
 1.08011852e+018
 1.03188896e+018
 8.84718668e+017
 9.55523395e+017
 1.31684703e+018
 1.27234839e+018
 8.25563682e+017
 9.31945116e+017
 1.23887661e+018
 3.37002534e+015
 1.22553601e+018
 1.20739404e+018
 1.19369739e+018
 1.15695277e+018
 1.33481699e+018
 1.14233035e+018
 9.92861572e+017
 1.12281978e+018
 1.07276382e+018
 1.05953896e+018
 1.25937492e+018
 1.20163721e+018
 1.24206956e+018
 1.20193729e+018
 9.75766533e+017
 1.01088556e+018
 9.78613224e+017
 9.63188852e+017
 9.59087632e+017
 1.04953901e+018
 9.27723319e+017
 8.16213222e+017
 9.02967019e+017
 7.41839908e+017
 6.63006424e+017
 7.87891093e+017
 7.43195092e+017
 6.67807528e+017
 7.03004732e+017
 6.86757857e+017
 8.86481015e+017
 9.83058800e+017
 9.13907665e+017
 9.89862945e+017
 8.94969034e+017
 9.54105994e+017
 9.52261203e+017
 8.77657588e+017
 9.26067695e+017
 8.83183314e+017
 9.67877006e+017
 1.12186563e+018
 1.03938532e+018
 1.01366816e+018
 8.53120938e+017
 8.22316407e+017
 9.37603968e+017
 1.04314300e+018
 5.75572845e+015
 8.33268837e+017
 3.24726681e+016
 8.63118543e+017
 8.70555258e+017
 7.69232108e+017
 7.22232026e+017
 9.15548646e+017
 1.68886084e+016
 8.57140922e+017
 7.90021078e+017
 6.66758486e+017
 7.18260209e+017
 6.95081844e+017
 8.33528509e+017
 8.64691665e+017
 7.31743329e+017
 7.81302918e+016
 7.16977185e+017
 7.56379861e+017
 4.39155998e+016
 6.33248611e+017
 5.84940482e+017
 7.55241697e+017
 8.14622263e+017
 7.29772640e+017
 6.16552490e+017
 5.01414908e+017
 6.42741366e+017
 9.18555818e+017
 7.54382156e+017
 6.97378634e+017
 7.80780083e+017
 5.22975652e+017
 2.00508206e+017
 6.84776581e+017
 6.01260748e+017
 4.98969126e+017
 5.46752781e+017
 7.74064814e+017
 9.01212916e+017
 7.63977504e+016
 9.51590177e+017
 6.50199004e+017
 5.65588765e+017
 6.79341387e+017
 4.93217298e+016
 7.45949593e+017
 6.36807167e+017
 5.96315543e+017
 7.51032011e+017
 5.11739301e+016
 7.14263750e+017
 6.29196276e+017
 5.91069397e+017
 6.60802354e+017
 8.19880549e+017
 9.56702405e+017
 7.96007240e+017
 7.63814149e+017
 5.96223566e+017
 4.84315552e+017
 5.40659940e+017
 7.45105393e+017
 8.35410924e+017
 6.54626132e+017
 4.71051776e+017
 6.02314899e+017
 8.22502407e+017
 7.89328766e+017
 6.78797460e+017
 5.16803640e+017
 7.95100711e+016
 5.66101008e+017
 5.10932267e+017
 4.90995382e+017
 5.46006251e+017
 6.39808087e+017
 7.53425136e+017
 1.74890835e+017
 5.93577855e+017
 6.17621289e+017
 5.05622696e+017
 3.92560261e+017
 4.60705356e+017
 3.94739499e+017
 2.46051603e+017
 1.73759239e+017
 4.94778575e+017
 6.82537218e+017
 5.08081794e+017
 4.65582031e+017
 6.59863281e+017
 5.18331486e+017
 1.26058868e+017
 5.77023707e+017
 4.40606243e+017
 3.72466476e+017
 4.26146896e+017
 5.05777232e+017
 4.24006857e+017
 4.46602059e+017
 5.82648674e+017
 6.16197177e+017
 5.66321447e+017
 4.87251638e+017
 4.01602752e+017
 5.24888355e+017
 5.59179283e+017
 5.85175382e+017
 7.41140199e+017
 5.31523950e+016
 7.56426665e+017
 6.50228538e+017
 5.58657666e+017
 5.49159359e+017
 5.90738622e+017
 6.33832684e+017
 6.96947693e+017
 4.51940906e+016
 5.32011265e+017
 2.80965541e+017
 4.67742118e+017
 3.81220940e+017
 4.83119932e+017
 5.13320843e+017
 4.42334751e+017
 6.60950963e+017
 8.31076341e+017
 6.14069815e+017
 5.12183939e+017
 5.76345929e+017
 7.17068123e+016
 5.52827055e+017
 5.76767898e+017
 5.36967147e+017
 6.27537569e+017
 5.47951725e+017
 4.11157595e+017
 1.06073068e+017
 4.61556557e+017
 5.10717333e+017
 5.35139607e+017
 5.72404352e+017
 5.05211078e+017
 4.37357907e+017
 4.91382604e+017
 6.49766194e+017
 5.61281383e+017
 4.81731804e+017
 5.09829625e+017
 4.67368841e+017
 2.99444962e+017
 2.56858589e+017
 4.10830305e+017
 3.76621427e+017
 3.60406016e+017
 4.75319785e+017
 3.91701652e+017
 2.86082389e+017
 3.11126674e+017
 3.61435672e+017
 3.93864149e+017
 4.10602475e+017
 3.11466705e+017
 1.41249083e+017
 2.19537503e+017
 3.78360429e+017
 3.43547571e+017
 3.70898100e+017
 3.00488940e+017
 2.68921793e+017
 4.54602133e+017
 5.87079395e+017
 5.06123432e+017
 4.20388731e+017
 4.35065506e+017
 4.04932621e+017
 2.38825550e+017
 3.29950951e+017
 4.43606959e+017
 3.24172224e+017
 3.68567714e+017
 4.81228156e+017
 5.34995609e+017
 4.40280605e+017
 4.01737551e+017
 1.15579872e+017
 2.27722920e+017
 1.31843488e+017
 1.95716105e+017
 2.70444101e+017
 2.39151986e+017
 2.24139615e+017
 2.27804162e+017
 1.90153798e+017
 1.16316968e+017
 1.01721392e+017
 2.14972108e+017
 2.70978641e+017
 1.44657900e+017
 1.25691432e+017
 2.15922475e+017
 2.34908321e+017
 2.03166803e+017
 2.09000847e+017
 1.75300078e+017
 1.72127986e+017
 1.68735506e+017
 8.60060632e+016
 1.15314783e+017
 1.63355666e+017
 9.49348054e+016
 7.79400502e+016
 9.33736267e+016
 8.77984839e+016
 3.95866067e+016
 4.57970529e+016
 4.27691744e+016
 2.00726859e+016
 5.68750699e+016
 8.41717200e+016
 6.85508228e+016
 2.86372105e+016
 6.11457197e+016
 1.54967668e+017
 2.22923491e+017
 1.19482225e+017
 5.30453623e+016
 4.16834830e+016
 7.94562949e+016
 9.65024781e+016
 4.50639969e+016
 3.02724005e+016
 5.68633095e+015
 4.91111224e+015
 1.05108895e+014
 4.97880994e+017
 8.07057284e+013
 1.29870559e+016
 3.09766192e+016
 7.62184008e+016
 8.12123257e+015
 4.45418146e+016
 2.73597008e+016
 1.23411063e+016
 3.41636301e+017
 9.97024570e+015
 1.73807161e+015
 3.72390380e+015
 3.44665585e+015
 2.28512847e+016
 3.09274397e+016
 1.38671486e+016
 1.03324648e+014
 2.13296044e+014
 3.77893316e+014
 3.00737270e+015
 5.39846123e+016
 4.79181172e+017
 2.18684579e+016
 3.63452710e+016
 5.18263667e+016
 4.25126138e+016
 1.93366165e+016
 1.18652097e+016
 1.51924488e+016
 3.87521047e+016
 9.17495269e+016
 1.04758396e+017
 9.18521740e+016
 2.96420567e+016
 2.43068080e+016
 8.79077098e+016
 6.52485717e+017
 7.44759578e+016
 3.41781626e+016
 1.49292759e+016
 5.03574139e+016
 9.80963030e+016
 1.09870683e+017
 4.73579492e+016
 4.57044336e+017
 1.00260012e+017
 1.16122858e+017
 7.33228175e+016
 5.84733239e+017
 1.04352292e+017
 1.24563692e+017
 1.11213426e+017
 1.05748542e+017
 1.72303246e+017
 1.61537654e+017
 1.62398877e+017
 1.94884558e+017
 1.81795140e+017
 1.76652048e+017
 1.12778142e+017
 1.21971809e+017
 1.77795089e+017
 1.46429841e+017
 1.40067672e+017
 1.58252819e+017
 1.70851941e+017
 1.67726220e+017
 1.75695630e+017
 1.67253874e+017
 1.42497602e+017
 1.88920273e+017
 2.11580631e+017
 6.18286249e+017
 2.50489758e+017
 2.73425907e+017
 2.62892540e+017
 2.75701071e+017
 2.82015726e+017
 2.37212705e+017
 2.11003136e+017
 2.41782820e+017
 2.83222657e+017
 2.94541701e+017
 2.89300724e+017
 2.42773254e+017
 2.06648194e+017
 2.85644265e+017
 6.91571039e+017
 2.62413396e+017
 2.79813717e+017
 2.51975697e+017
 3.21096630e+017
 3.93448691e+017
 3.64449429e+017
 3.19741357e+017
 3.06163619e+017
 2.70486174e+017
 2.96129218e+017
 3.59932419e+017
 3.69722560e+017
 3.77992964e+017
 4.15485749e+017
 4.29045900e+017
 3.71733355e+017
 3.59365050e+017
 3.47490550e+017
 3.24514038e+017
 3.58058996e+017
 3.99710657e+017
 4.25470537e+017
 4.32207429e+017
 4.02435891e+017
 3.69943650e+017
 3.88843144e+017
 4.53366689e+017
 8.26877460e+017
 4.21308254e+017
 2.54003216e+018
 NaN
 NaN
 NaN
 NaN
 NaN
 NaN
 NaN
 NaN
 NaN
 NaN
 NaN
 NaN
 NaN
 5.52905224e+018
 3.59268532e+018
 2.95901390e+018
 2.67809003e+018
 2.73401323e+018
 2.72284409e+018
 2.70387038e+018
 2.80272529e+018
 2.88694983e+018
 2.77957765e+018
 2.70426490e+018
 2.85611560e+018
 2.91042281e+018
 2.84377279e+018
 2.82358541e+018
 2.84559292e+018
 2.88032877e+018
 2.90309523e+018
 2.92698549e+018
 2.92185397e+018
 1.47341040e+018
 1.44753564e+018
 1.12577928e+018
 1.36573655e+018
 1.33036136e+018
 1.05066579e+018
 1.07890038e+018
 1.09371712e+018
 1.09766382e+018
 1.08489291e+018
 1.06682672e+018
 1.08618470e+018
 1.13081235e+018
 1.14638661e+018
 1.12109237e+018
 1.09691336e+018
 1.12481253e+018
 1.14117634e+018
 1.11870646e+018
 1.15631863e+018
 1.15967498e+018
 1.13229107e+018
 1.15590248e+018
 1.17089652e+018
 1.13671682e+018
 1.12338992e+018
 1.44074662e+018
 1.11951642e+018
 1.16652585e+018
 1.17481187e+018
 1.16479193e+018
 1.18763882e+018
 1.18609620e+018
 1.15859527e+018
 1.20762543e+018
 1.25741999e+018
 1.21809747e+018
 1.18421381e+018
 1.20718731e+018
 1.25620561e+018
 1.21439161e+018
 1.50535862e+018
 1.30632216e+018
 1.64429987e+018
 1.24775909e+018
 1.22129191e+018
 1.21307502e+018
 1.24759684e+018
 1.28848481e+018
 1.26639039e+018
 1.23955733e+018
 1.52709940e+018
 1.28101263e+018
 1.32534384e+018
 1.32000604e+018
 1.27661464e+018
 1.28139379e+018
 1.35923872e+018
 1.34420694e+018
 1.28447590e+018
 1.30663000e+018
 1.32652361e+018
 1.28120485e+018
 1.23617990e+018
 1.24641097e+018
 1.27930684e+018
 1.28956928e+018
 1.29246669e+018
 1.27711564e+018
 1.28184163e+018
 1.30866229e+018
 1.59735636e+018
 1.30521179e+018
 1.30378083e+018
 1.31321603e+018
 1.27706359e+018
 1.26948574e+018
 1.32625499e+018
 1.31117700e+018
 1.60171078e+018
 1.31902991e+018
 1.31532853e+018
 1.29672992e+018
 1.22620605e+018
 1.24105087e+018
 1.30835163e+018
 1.63150347e+018
 1.29212752e+018
 1.32118432e+018
 1.32357037e+018
 1.31274745e+018
 1.29083656e+018
 1.25844767e+018
 1.27601624e+018
 1.27102231e+018
 1.28052147e+018
 1.31368357e+018
 1.29850372e+018
 1.28915544e+018
 1.30781753e+018
 1.31392770e+018
 1.32274687e+018
 1.32468744e+018
 1.30008829e+018
 1.33080625e+018
 1.36247864e+018
 1.30974163e+018
 1.28658705e+018
 1.30911645e+018
 1.36299274e+018
 1.44898316e+018
 1.73836429e+018
 1.38436470e+018
 1.37614178e+018
 1.37876848e+018
 1.39566277e+018
 1.45581721e+018
 1.40705454e+018
 1.40156838e+018
 1.42407099e+018
 1.39469717e+018
 1.34060139e+018
 1.31843462e+018
 1.42564773e+018
 1.71176136e+018
 1.39211512e+018
 1.47200275e+018
 1.48516690e+018
 1.45250760e+018
 1.47359278e+018
 1.54718093e+018
 1.56492630e+018
 1.54734946e+018
 1.58806458e+018
 1.52045019e+018
 1.45408185e+018
 1.49348323e+018
 1.48009685e+018
 1.45076395e+018
 1.48459709e+018
 1.52519621e+018
 1.49992896e+018
 1.48963999e+018
 1.45377088e+018
 1.43300603e+018
 1.47890356e+018
 1.51767049e+018
 1.46546760e+018
 1.74607424e+018
 1.54993784e+018
 1.52197971e+018
 1.48121634e+018
 1.48988765e+018
 1.52253292e+018
 1.57010612e+018
 1.55007874e+018
 1.47321441e+018
 1.45542766e+018
 1.49744789e+018
 1.78489425e+018
 1.47471561e+018
 1.44128307e+018
 1.42864324e+018
 1.47363210e+018
 1.51283478e+018
 1.45286087e+018
 1.42817925e+018
 1.47539977e+018
 1.43215829e+018
 1.41390976e+018
 1.38107026e+018
 1.39360578e+018
 1.44070022e+018
 1.43058928e+018
 1.43127615e+018
 1.37638529e+018
 1.66522205e+018
 1.45023975e+018
 1.49071984e+018
 1.41989396e+018
 1.35622568e+018
 1.41946291e+018
 1.72325858e+018
 1.39596550e+018
 1.39155271e+018
 1.42323026e+018
 1.44962754e+018
 1.37162616e+018
 1.38896976e+018
 1.45801451e+018
 1.44103233e+018
 1.42390621e+018
 1.40278291e+018
 1.41457348e+018
 1.38279540e+018
 1.32506767e+018
 1.37202575e+018
 1.41977979e+018
 1.38876672e+018
 1.34484570e+018
 1.40222545e+018
 1.48870009e+018
 1.81061820e+018
 1.40261699e+018
 1.69313820e+018
 1.45707944e+018
 1.41611579e+018
 1.36823909e+018
 1.31674166e+018
 1.33460691e+018
 1.36763224e+018
 1.38370513e+018
 1.36581812e+018
 1.30588355e+018
 1.68073707e+018
 1.33665658e+018
 1.38724898e+018
 1.42406352e+018
 1.37085154e+018
 1.33641254e+018
 1.31804894e+018
 1.33161371e+018
 1.36206647e+018
 1.37393764e+018
 1.39053484e+018
 1.36364322e+018
 1.34362449e+018
 1.35611533e+018
 1.33653139e+018
 1.31308886e+018
 1.30757300e+018
 1.28708455e+018
 1.29814444e+018
 1.30303742e+018
 1.25556359e+018
 1.27977800e+018
 1.29762794e+018
 1.26383836e+018
 1.32210215e+018
 1.30909338e+018
 1.27580177e+018
 1.30026805e+018
 1.24737924e+018
 1.22624175e+018
 1.27314299e+018
 1.26519811e+018
 1.21431955e+018
 1.16463243e+018
 1.15515185e+018
 1.19862736e+018
 1.20518420e+018
 1.17291386e+018
 1.13101963e+018
 1.16244973e+018
 1.17454706e+018
 1.14155773e+018
 1.49725364e+018
 1.13959504e+018
 1.13472664e+018
 1.10789396e+018
 1.05326766e+018
 1.03458639e+018
 1.06457832e+018
 1.08326371e+018
 1.09249018e+018
 1.09525326e+018
 1.10796810e+018
 1.15263831e+018
 1.19003679e+018
 1.14762699e+018
 1.09363604e+018
 1.06556380e+018
 1.05523182e+018
 1.05904477e+018
 1.09383069e+018
 1.06289932e+018
 9.96346336e+017
 9.51691761e+017
 9.69083082e+017
 9.73084877e+017
 9.88182006e+017
 1.03439756e+018
 1.00599709e+018
 9.86115224e+017
 9.68094436e+017
 9.60847088e+017
 1.62318726e+018
 9.33954684e+017
 9.11117031e+017
 9.39979754e+017
 9.50505520e+017
 9.15871969e+017
 1.23069356e+018
 9.13954653e+017
 9.21810548e+017
 9.50240416e+017
 1.81587110e+018
 9.32781002e+017
 9.09182061e+017
 9.17193836e+017
 9.04179902e+017
 9.53471054e+017
 9.71200388e+017
 9.66687667e+017
 1.04127481e+018
 1.08329975e+018
 1.04269445e+018
 9.80590038e+017
 9.53663577e+017
 8.98636144e+017
 9.33302285e+017
 1.31468023e+018
 8.79652363e+017
 8.96125605e+017
 9.48678032e+017
 9.99256350e+017
 9.38301291e+017
 9.12234022e+017
 8.90340191e+017
 1.24933462e+018
 8.88016975e+017
 8.68597049e+017
 9.18312574e+017
 9.29043904e+017
 8.81650171e+017
 8.99226938e+017
 9.26494206e+017
 9.04981806e+017
 8.98161563e+017
 8.70558966e+017
 8.94868909e+017
 9.47479815e+017
 1.27888539e+018
 9.25687019e+017
 8.96311603e+017
 8.86676837e+017
 8.66210960e+017
 9.02664643e+017
 9.35943692e+017
 8.81266703e+017
 1.20349426e+018
 9.15931938e+017
 8.61515686e+017
 7.97381509e+017
 8.33797643e+017
 8.71359348e+017
 9.47106828e+017
 9.54867002e+017
 8.74887219e+017
 8.40199415e+017
 8.78574515e+017
 9.21779754e+017
 9.48188799e+017
 9.71279684e+017
 9.95267108e+017
 9.64565144e+017
 9.71824679e+017
 1.06466265e+018
 1.07399983e+018
 1.05098525e+018
 1.02422873e+018
 1.07058686e+018
 1.08682732e+018
 1.06010290e+018
 1.00427982e+018
 9.88000084e+017
 1.04835679e+018
 1.08651816e+018
 1.04861372e+018
 1.00467688e+018
 1.02922991e+018
 1.00877181e+018
 1.04793577e+018
 1.08089797e+018
 1.38597261e+018
 1.07684487e+018
 1.05254425e+018
 1.11009648e+018
 1.15953490e+018
 1.16410843e+018
 1.17831339e+018
 1.17643511e+018
 1.22237616e+018
 1.22774016e+018
 1.17080579e+018
 1.16540137e+018
 1.16694669e+018
 1.18923628e+018
 1.17588870e+018
 1.12139865e+018
 1.14781625e+018
 1.15444510e+018
 1.09811509e+018
 1.14378005e+018
 1.22408892e+018
 1.19040614e+018
 1.15650720e+018
 1.19457726e+018
 1.23348392e+018
 1.52313604e+018
 1.26358501e+018
 1.30614707e+018
 1.59619770e+018
 1.27623510e+018
 1.23370424e+018
 1.24885625e+018
 1.28305328e+018
 1.29461099e+018
 1.36733665e+018
 1.41544127e+018
 1.45702464e+018
 1.46814310e+018
 1.42822148e+018
 1.71466784e+018
 1.41529716e+018
 1.37684137e+018
 1.36568497e+018
 1.42898077e+018
 1.46392829e+018
 1.45526969e+018
 1.49967337e+018
 1.51578203e+018
 1.51238823e+018
 1.48790092e+018
 1.46201671e+018
 1.46747739e+018
 1.51951519e+018
 1.55602027e+018
 1.85739761e+018
 1.54419676e+018
 1.48690810e+018
 1.50894142e+018
 1.60184380e+018
 1.59294549e+018
 1.54586180e+018
 1.56241415e+018
 1.55644864e+018
 1.53476864e+018
 1.49180919e+018
 1.44337172e+018
 1.48595852e+018
 1.52696319e+018
 1.48789182e+018
 1.52879961e+018
 1.54782672e+018
 1.51704768e+018
 1.58320188e+018
 1.61945313e+018
 1.67073172e+018
 2.45191513e+018
 1.58715650e+018
 1.62141529e+018
 1.71879322e+018
 1.81061590e+018
 1.78538852e+018
 1.73386465e+018
 1.75633053e+018
 1.77097436e+018
 1.70736614e+018
 1.68257601e+018
 1.70023186e+018
 1.69878589e+018
 1.76118489e+018
 1.79176404e+018
 1.80485666e+018
 1.91200576e+018
 1.92240689e+018
 1.95148009e+018
 2.05689176e+018
 2.03938373e+018
 2.02924708e+018
 2.03154349e+018
 2.05331184e+018
 2.20086667e+018
 2.34054719e+018
 2.46657086e+018
 2.81646887e+018
 2.97047467e+018
 3.01349365e+018
 3.25599376e+018
 3.36256186e+018
 3.24548719e+018
 3.14440780e+018
 2.98902046e+018
 2.86475131e+018
 3.00812519e+018
 3.03734260e+018
 3.04326412e+018
 3.07058304e+018
 2.93275204e+018
 2.95970563e+018
 3.08395363e+018
 2.93777883e+018
 2.81482063e+018
 2.98761544e+018
 3.11078946e+018
 3.06046904e+018
 2.75953517e+018
 3.07246578e+018
 2.78428025e+018
 2.56176257e+018
 3.00155731e+018
 3.23917808e+018
 3.11354277e+018
 3.27576867e+018
 3.24273783e+018
 3.08263264e+018
 2.92470166e+018
 2.86785072e+018
 2.79214112e+018
 2.75179787e+018
 2.69903391e+018
 2.58649233e+018
 2.59936239e+018
 2.51041679e+018
 2.32267592e+018
 2.20466854e+018
 2.47312307e+018
 2.11199393e+018
 2.38143791e+018
 2.22889421e+018
 2.20689251e+018
 2.22617671e+018
 2.34756666e+018
 2.36659961e+018
 2.37445089e+018
 2.40935398e+018
 2.27461745e+018
 2.12321576e+018
 2.05447966e+018
 2.33384094e+018
 1.96945360e+018
 1.91076545e+018
 1.83293484e+018
 1.75197435e+018
 1.86894423e+018
 1.92033358e+018
 1.90348823e+018
 1.92129447e+018
 1.90090710e+018
 1.88438561e+018
 1.83305190e+018
 1.73607919e+018
 1.71490383e+018
 1.73418283e+018
 1.76436939e+018
 1.68860465e+018
 1.58345406e+018
 1.47968338e+018
 1.34755518e+018
 1.26280702e+018
 1.20402428e+018
 1.19378193e+018
 1.18909389e+018
 1.11937733e+018
 1.08757151e+018
 1.12563349e+018
 1.10636712e+018
 1.02979089e+018
 1.01368180e+018
 1.06141474e+018
 1.04992294e+018
 9.41767694e+017
 9.17225557e+017
 9.03677865e+017
 8.72127281e+017
 9.26184880e+017
 9.04638376e+017
 8.97391872e+017
 8.95414649e+017
 8.41864462e+017
 8.28421181e+017
 8.18393381e+017
 8.06894028e+017
 7.62816265e+017
 7.44758556e+017
 7.52016890e+017
 7.73790579e+017
 7.97794130e+017
 8.28996599e+017
 8.88446416e+017
 8.56469621e+017
 7.55778891e+017
 7.14174433e+017
 7.37428581e+017
 6.76511014e+017
 5.54745116e+017
 5.96719280e+017
 6.65422368e+017
 5.82942884e+017
 5.38875995e+017
 9.05985566e+017
 5.47335145e+017
 5.82752839e+017
 5.09476819e+017
 3.82899103e+017
 3.66311201e+017
 3.87952909e+017
 3.47678795e+017
 2.80327576e+017
 3.26070565e+017
 3.60758357e+017
 2.86146499e+017
 1.90155322e+017
 2.01470665e+017
 2.23076533e+017
 2.00768967e+017
 3.03601870e+017
 3.15447054e+017
 3.39319175e+017
 4.62589910e+017
 3.91535728e+017
 2.61478186e+017
 6.51853005e+017
 2.29930219e+017
 1.84071113e+017
 1.89100756e+017
 1.15042411e+017
 4.98561925e+016
 7.64134382e+016
 2.17116003e+016
 4.58624097e+015
 5.79355714e+016
 8.54920711e+016
 5.18878028e+016
 1.72419637e+016
 1.18843582e+016
 6.18818138e+015
 5.10867155e+015
 1.83142688e+015
 4.55058949e+015
 1.08655032e+016
 5.60806413e+016
 4.80268528e+017
 4.27406827e+016
 1.09632411e+017
 1.65637122e+017
 1.22887714e+017
 1.00141951e+017
 1.04065787e+017
 1.31563073e+017
 1.70798217e+017
 1.38555813e+017
 1.02783916e+017
 7.83997779e+016
 1.22103446e+017
 2.00238530e+017
 1.87338406e+017
 1.17870344e+017
 5.48773868e+017
 1.36027298e+017
 3.92817805e+016
 1.18353135e+014
 1.00230998e+016
 8.06294860e+016
 1.40169839e+017
 1.62966784e+017
 1.66032408e+017
 1.51153249e+017
 1.37187216e+017
 1.22600802e+017
 1.42027396e+017
 3.36416635e+017
 5.18548612e+017
 4.80144735e+017
 4.31733351e+017
 4.38250510e+017
 4.63189266e+017
 5.32790914e+017
 5.44506981e+017
 4.31536412e+017
 3.51701613e+017
 2.72203277e+017
 7.20342978e+017
 3.89297660e+017
 3.75306710e+017
 3.66982563e+017
 2.78400046e+017
 1.53775759e+017
 2.12929834e+017
 2.39558111e+017
 1.31774824e+017
 2.79851415e+016
 4.26579880e+017
 1.84449443e+016
 9.74902034e+014
 3.58652031e+015
 1.05522287e+016
 7.36607599e+016
 1.60451111e+017
 3.24391811e+017
 5.00471735e+017
 5.62167693e+017
 4.67728461e+017
 2.44801560e+017
 1.80953067e+017
 9.16161396e+016
 6.50550171e+015
 3.78527715e+016
 8.20149772e+016
 2.68030461e+016
 9.82034516e+015
 4.19147575e+016
 2.38493505e+017
 4.72533074e+017
 3.11502759e+017
 1.86587506e+017
 2.13826982e+017
 2.01288011e+017
 1.59861018e+017
 1.67560245e+017
 1.76634693e+017
 1.69433669e+017
 1.86161976e+017
 1.07848013e+017
 1.31165566e+017
 2.45867669e+017
 1.77996426e+017
 2.27647891e+017
 3.08666157e+017
 2.95875938e+017
 2.63507647e+017
 3.26746788e+017
 4.61967946e+017
 3.25188231e+017
 4.36008606e+016
 2.93198626e+017
 3.46374295e+016
 8.02425370e+014
 3.08291193e+016
 1.37651707e+017
 2.99990708e+017
 3.66969472e+017
 3.02948027e+017
 3.67733515e+017
 4.97170821e+017
 2.82466770e+017
 3.13808767e+017
 2.93949062e+017
 4.42890146e+017
 5.08956351e+017
 4.83678992e+017
 5.61780252e+017
 6.70541954e+017
 4.46543236e+017
 2.62031889e+017
 3.87101547e+017
 5.73736227e+017
 6.10953678e+017
 5.64996207e+017
 4.99822811e+017
 6.50788336e+017
 9.79828401e+017
 1.30768031e+018
 1.24287245e+018
 1.07867351e+018
 1.12670692e+018
 1.01407650e+018
 1.05948150e+018
 1.48114440e+018
 1.93101177e+015
 1.11057468e+018
 1.06653666e+018
 1.09417293e+018
 1.02591241e+018
 9.05563619e+017
 9.12057744e+017
 1.22483729e+018
 1.15903378e+018
 1.06398895e+018
 1.15497875e+018
 1.09485954e+018
 1.18944908e+018
 1.06512150e+018
 1.21592377e+018
 1.60559466e+018
 1.51963147e+018
 8.87885059e+015
 1.39866625e+018
 1.53499712e+018
 1.81609977e+018
 1.72401397e+018
 1.96087385e+018
 2.03075808e+018
 1.94980527e+018
 1.67595156e+018
 1.80510123e+018
 2.36707536e+018
 2.58191583e+018
 2.64493861e+018
 2.35901934e+018
 2.12341347e+018
 2.03873026e+018
 1.97085056e+018
 1.78690332e+018
 1.48126626e+018
 1.24797774e+018
 1.29477127e+018
 1.38664802e+018
 1.41546839e+018
 9.01387845e+017
 7.78564137e+017
 1.02491007e+018
 6.23021477e+017
 2.13421281e+017
 5.96483687e+017
 5.55613940e+017
 6.98594440e+017
 4.89937166e+017
 3.08632592e+017
 1.83062850e+017
 1.18736012e+017
 7.59285391e+016
 6.84662929e+016
 1.17164578e+017
 1.60842432e+017
 2.07966995e+017
 2.47629234e+017
 3.40123183e+017
 2.71686162e+017
 2.42525655e+017
 1.52914531e+017
 1.23950774e+017
 1.57837873e+017
 1.99312290e+017
 2.52256431e+017
 4.09988040e+017
 5.19995820e+017
 1.36877945e+017
 5.12260260e+017
 6.57709502e+017
 9.23590025e+017
 8.11701071e+017
 6.94237313e+017
 7.13388261e+017
 7.08906315e+017
 4.20252780e+017
 2.83911515e+017
 2.37908728e+017
 2.85515794e+017
 3.39428132e+017
 1.88581832e+017
 1.14795726e+017
 7.73482161e+016
 6.49942710e+016
 5.49103953e+016
 6.53121732e+016
 1.24125716e+017
 1.99066348e+017
 2.44395555e+017
 2.78475065e+017
 3.85753233e+017
 4.42303181e+017
 3.60998659e+017
 2.87696115e+017
 2.57305882e+017
 1.99855085e+017
 2.15690761e+016
 2.13360123e+015
 1.79497016e+016
 3.79213515e+016
 1.09914273e+017
 1.73758464e+017
 1.42699287e+017
 1.12922955e+017
 7.03194188e+016
 5.80781121e+016
 1.00488379e+016
 1.27187090e+014
 8.87654236e+015
 1.93057941e+016
 3.28828749e+016
 2.46023472e+016
 4.69900360e+016
 9.84650457e+016
 1.12840414e+017
 1.33751510e+017
 8.88255796e+016
 6.72468662e+016
 8.41438345e+016
 9.86014543e+016
 9.61662843e+016
 9.51133410e+016
 1.22856501e+017
 1.01455579e+017
 7.31787209e+016
 4.85482535e+016
 1.58215004e+016
 4.38808182e+017
 8.29444832e+013
 1.47675559e+015
 8.16325020e+013
 3.81148063e+016
 1.68701664e+017
 2.85769557e+017
 1.63538990e+017
 2.05724262e+017
 4.29396978e+017
 7.32983830e+017
 6.27088077e+017
 5.15407132e+017
 4.01791009e+017
 3.67685683e+017
 2.68059763e+017
 7.97037057e+016
 2.03211064e+016
 1.02522708e+015
 4.10152376e+016
 9.19634627e+016
 6.67585843e+016
 5.88706873e+016
 5.21173156e+015
 8.07129910e+013
 8.95321297e+015
 4.87923287e+016
 9.05201009e+016
 4.91676354e+016
 6.34559614e+016
 5.38862249e+016
 2.27278527e+016
 2.99793071e+016
 4.36291976e+016
 5.54186564e+015
 2.64750558e+015
 7.13479000e+015
 4.04699113e+017
 1.17324305e+016
 3.35924358e+015
 2.21990286e+015
 2.47927442e+016
 6.38470459e+016
 1.52905776e+017
 2.24399466e+017
 1.98884421e+017
 1.91534558e+017
 2.38086551e+017
 6.74043172e+017
 2.65042090e+017
 3.11859264e+017
 2.77927071e+017
 3.44944783e+017
 4.13751662e+017
 3.44953709e+017
 3.12773047e+017
 3.04443993e+017
 3.50258527e+017
 3.60156442e+017
 3.33463359e+017
 3.24671978e+017
 2.62097473e+017
 2.21252542e+017
 2.06050484e+017
 1.73443608e+017
 1.49174046e+017
 1.30210143e+017
 1.50305517e+017
 2.09976756e+017
 2.39164607e+017
 2.85258797e+017
 2.76950155e+017
 3.19551873e+017
 3.89370342e+017
 7.69434991e+017
 3.63030717e+017
 2.79997814e+017
 2.37040606e+017
 2.22232803e+017
 1.27679759e+017
 5.63492743e+016
 1.36926953e+016
 2.73886912e+014
 8.01857964e+015
 1.08792804e+017
 1.48398106e+017
 1.14157565e+017
 9.97549724e+016
 5.09398778e+016
 2.09603205e+016
 3.19985331e+017
 1.36263195e+016
 7.69110319e+015
 1.30683151e+016
 3.12289792e+014
 2.03192720e+014
 8.62904378e+015
 5.63773144e+015
 1.11904045e+016
 6.27996494e+016
 8.61911508e+016
 1.32182429e+017
 1.06913016e+017
 5.72167962e+016
 4.65597655e+016
 2.57472065e+016
 7.60888874e+015
 4.42507616e+017
 3.52760866e+015
 3.80069878e+014
 8.24228209e+015
 3.25843955e+017
 7.23182388e+014
 5.50672134e+015
 1.86493552e+016
 2.37100900e+016
 4.62266445e+016
 1.22246421e+017
 8.45543392e+016
 5.13435993e+016
 1.48279506e+017
 2.25006805e+017
 2.71704298e+017
 3.63062182e+017
 4.05366214e+017
 5.57695385e+017
 6.05160712e+017
 5.83064783e+017
 5.42214087e+017
 4.44954139e+017
 7.15577464e+017
 8.53555030e+017
 8.11203134e+017
 7.38840893e+017
 5.76211610e+017
 7.73801448e+017
 9.91492337e+017
 6.68913997e+017
 4.67963281e+017
 5.16794748e+017
 5.11884752e+017
 3.71388963e+017
 1.62075914e+017
 1.26133360e+017
 9.29236387e+016
 2.13078447e+016
 5.59471428e+016
 1.70847167e+017
 2.95975976e+017
 3.39287507e+017
 3.50271468e+017
 4.79801391e+017
 7.44670245e+017
 8.75705527e+017
 7.45727376e+017
 7.83518767e+017
 6.10151836e+017
 4.07452150e+017
 3.66230224e+017
 5.96755604e+017
 6.61869053e+017
 3.21865811e+017
 1.85379692e+017
 7.02448021e+016
 2.87672286e+016
 1.20915346e+016
 9.75280209e+015
 5.62743969e+015
 2.37153165e+014
 8.77313239e+015
 2.51948348e+016
 2.44683225e+015
 2.20413711e+016
 1.03620060e+017
 7.86728133e+016
 7.36084498e+016
 9.58439454e+016
 7.85660070e+016
 5.02859101e+017
 7.25017884e+016
 7.91148158e+016
 1.00778692e+017
 1.56273896e+016
 1.47772037e+016
 3.91807432e+016
 1.16449050e+017
 1.94724443e+017
 2.42751395e+017
 4.68830431e+017
 7.59165271e+017
 6.91934966e+017
 6.71238640e+017
 4.73116722e+017
 3.42626583e+017
 1.42322190e+017
 2.48117824e+017
 2.33209509e+017
 1.70401450e+017
 2.35303232e+017
 1.32241920e+017
 1.93526099e+017
 2.61321836e+017
 2.81775119e+017
 4.37526298e+017
 3.84205611e+017
 3.47787289e+017
 2.25182090e+017
 5.80048711e+016
 1.95259338e+016
 1.30053635e+016
 4.12393964e+014
 2.37022609e+016
 8.95435021e+016
 7.37171705e+017
 8.45040027e+016
 8.73445166e+016
 1.60280609e+017
 2.37879631e+017
 6.49298494e+017
 3.23046421e+017
 7.21721880e+017
 3.06884080e+017
 2.97583517e+017
 2.80983063e+017
 2.48293759e+017
 1.85704773e+017
 2.70573062e+017
 2.36537125e+017
 1.07907931e+017
 7.72298958e+016
 2.25763418e+016
 1.26902219e+016
 9.16982483e+014
 3.40193328e+016
 3.01221285e+017
 3.65861303e+017
 1.99527891e+017
 3.10567752e+017
 4.30661367e+017
 4.60084753e+017
 5.60583508e+017
 7.24177439e+017
 2.35891308e+017
 9.43487913e+017
 1.23541839e+018
 1.86556586e+017
 1.15145966e+018
 9.80642307e+017
 8.89878448e+017
 6.68700925e+017
 4.36176469e+017
 2.20361200e+017
 7.08556942e+016
 1.51942508e+016
 2.49551276e+016
 1.48911699e+016
 1.08821178e+016
 1.96083320e+016
 9.84181450e+014
 6.48816822e+016
 5.11547758e+016
 6.75941031e+016
 2.68848938e+017
 3.73175249e+017
 4.04841609e+017
 4.68381160e+017
 5.51226422e+017
 5.12307636e+017
 4.14972841e+017
 3.53670345e+017
 3.35177684e+017
 2.91703268e+017
 1.79221309e+017
 9.47823574e+016
 4.46842247e+016
 8.25178637e+015
 6.06492383e+017
 2.85060173e+016
 8.09096647e+013
 8.42221340e+014
 9.27268135e+014
 2.41650696e+015
 4.75326888e+016
 8.46436253e+016
 1.07043605e+017
 8.89916823e+016
 8.45996280e+016
 1.19579571e+017
 8.36912739e+016
 1.16011828e+017
 1.60732469e+017
 1.21067044e+017
 2.28415223e+017
 2.18260646e+017
 3.53075953e+017
 4.96108228e+017
 4.22632717e+017
 3.72218353e+017
 5.33063354e+017
 8.24866441e+017
 1.04764164e+018
 1.18686900e+018
 2.40292465e+014
 1.34578209e+018
 2.08123211e+018
 6.95884467e+016
 1.53941697e+018
 1.24688038e+018
 1.15802240e+018
 1.33781047e+018
 9.33265934e+017
 5.03192703e+017
 4.93594518e+017
 6.70206014e+017
 6.37273773e+017
 4.03303991e+017
 1.79250124e+017
 3.05890020e+016
 2.67719415e+015
 4.50129265e+014
 2.21476590e+015
