 1.11448278e+14
 1.11443772e+14
 1.11445141e+14
 1.11450678e+14
 1.11446022e+14
 1.11440599e+14
 1.11446020e+14
 1.11448034e+14
 1.11442320e+14
 1.11444730e+14
 1.11449310e+14
 1.11448709e+14
 1.11450827e+14
 1.11454673e+14
 1.11451756e+14
 1.11446073e+14
 1.11449416e+14
 1.11452629e+14
 1.11453885e+14
 1.11452910e+14
 1.11451278e+14
 1.11449545e+14
 1.11449363e+14
 1.11454380e+14
 1.11448792e+14
 1.11444964e+14
 1.11447846e+14
 1.11453148e+14
 1.11454952e+14
 1.11446490e+14
 1.11446165e+14
 1.11449492e+14
 1.11446252e+14
 1.11453666e+14
 1.11453357e+14
 1.11446963e+14
 1.11446246e+14
 1.11444186e+14
 1.11447923e+14
 1.11448948e+14
 1.11447872e+14
 1.11443798e+14
 1.11438246e+14
 1.11444414e+14
 1.11454830e+14
 1.11450212e+14
 1.11445231e+14
 1.11451589e+14
 1.11452575e+14
 1.11450897e+14
 1.11444471e+14
 1.11444142e+14
 1.11451113e+14
 1.11448611e+14
 1.11445852e+14
 1.11445130e+14
 1.11443646e+14
 1.11446098e+14
 1.11448801e+14
 1.11451391e+14
 1.11447490e+14
 1.11450632e+14
 1.11455010e+14
 1.11449244e+14
 1.11454795e+14
 1.11450378e+14
 1.11451962e+14
 1.11454665e+14
 1.11449598e+14
 1.11452258e+14
 1.11446723e+14
 1.11451332e+14
 1.11448695e+14
 1.11440138e+14
 1.11456058e+14
 1.11451875e+14
 1.11443741e+14
 1.11448568e+14
 1.11448019e+14
 1.11452869e+14
 1.11452719e+14
 1.11449734e+14
 1.11449621e+14
 1.11448707e+14
 1.11445411e+14
 1.11445204e+14
 1.11448564e+14
 1.11447345e+14
 1.11447995e+14
 1.11450960e+14
 1.11449636e+14
 1.11445911e+14
 1.11447903e+14
 1.11449348e+14
 1.11447591e+14
 1.11450623e+14
 1.11447273e+14
 1.11443202e+14
 1.11444406e+14
 1.11447918e+14
 1.11447546e+14
 1.11447837e+14
 1.11448701e+14
 1.11449344e+14
 1.11449589e+14
 1.11451029e+14
 1.11451939e+14
 1.11450762e+14
 1.11446029e+14
 1.11445626e+14
 1.11445900e+14
 1.11446346e+14
 1.11451409e+14
 1.11450471e+14
 1.11446875e+14
 1.11441052e+14
 1.11443694e+14
 1.11453595e+14
 1.11448367e+14
 1.11442889e+14
 1.11445418e+14
 1.11443602e+14
 1.11450561e+14
 1.11452709e+14
 1.11446265e+14
 1.11447334e+14
 1.11454470e+14
 1.11451346e+14
 1.11448658e+14
 1.11451467e+14
 1.11449863e+14
 1.11448971e+14
 1.11446390e+14
 1.11448647e+14
 1.11448851e+14
 1.11446325e+14
 1.11447516e+14
 1.11447107e+14
 1.11445223e+14
 1.11446323e+14
 1.11443513e+14
 1.11445510e+14
 1.11443086e+14
 1.11443539e+14
 1.11448742e+14
 1.11440593e+14
 1.11442920e+14
 1.11449216e+14
 1.11454794e+14
 1.11451287e+14
 1.11443010e+14
 1.11447159e+14
 1.11454262e+14
 1.11449611e+14
 1.11446402e+14
 1.11454758e+14
 1.11452718e+14
 1.11446003e+14
 1.11445616e+14
 1.11445402e+14
 1.11442989e+14
 1.11449545e+14
 1.11447294e+14
 1.11447131e+14
 1.11452577e+14
 1.11446644e+14
 1.11442293e+14
 1.11442076e+14
 1.11442907e+14
 1.11447187e+14
 1.11453030e+14
 1.11449033e+14
 1.11444460e+14
 1.11452106e+14
 1.11450037e+14
 1.11441380e+14
 1.11447070e+14
 1.11454034e+14
 1.11452105e+14
 1.11451725e+14
 1.11454446e+14
 1.11448663e+14
 1.11447149e+14
 1.11451195e+14
 1.11450198e+14
 1.11450697e+14
 1.11454126e+14
 1.11452293e+14
 1.11441112e+14
 1.11438061e+14
 1.11449151e+14
 1.11448517e+14
 1.11436594e+14
 1.11440015e+14
 1.11443647e+14
 1.11447454e+14
 1.11439432e+14
 1.11439021e+14
 1.11453951e+14
 1.11450193e+14
 1.11452856e+14
 1.11448947e+14
 1.11445475e+14
 1.11451997e+14
 1.11449533e+14
 1.11448865e+14
 1.11450953e+14
 1.11447692e+14
 1.11455457e+14
 1.11456276e+14
 1.11452317e+14
 1.11455807e+14
 1.11451602e+14
 1.11447601e+14
 1.11447632e+14
 1.11450492e+14
 1.11446504e+14
 1.11445023e+14
 1.11444143e+14
 1.11446805e+14
 1.11448942e+14
 1.11446357e+14
 1.11445144e+14
 1.11443333e+14
 1.11445570e+14
 1.11444199e+14
 1.11448454e+14
 1.11452138e+14
 1.11450572e+14
 1.11452403e+14
 1.11447421e+14
 1.11443389e+14
 1.11446006e+14
 1.11447848e+14
 1.11447786e+14
 1.11449029e+14
 1.11449964e+14
 1.11445056e+14
 1.11449225e+14
 1.11450454e+14
 1.11445701e+14
 1.11450544e+14
 1.11449597e+14
 1.11451484e+14
 1.11455321e+14
 1.11452803e+14
 1.11447974e+14
 1.11447206e+14
 1.11449044e+14
 1.11449517e+14
 1.11453545e+14
 1.11452062e+14
 1.11449044e+14
 1.11447554e+14
 1.11444855e+14
 1.11443572e+14
 1.11440388e+14
 1.11438015e+14
 1.11446897e+14
 1.11446230e+14
 1.11442508e+14
 1.11450669e+14
 1.11449612e+14
 1.11445449e+14
 1.11443378e+14
 1.11451976e+14
 1.11451516e+14
 1.11449203e+14
 1.11453042e+14
 1.11441236e+14
 1.11442887e+14
 1.11452299e+14
 1.11453907e+14
 1.11452041e+14
 1.11448949e+14
 1.11451591e+14
 1.11454600e+14
 1.11452718e+14
 1.11450547e+14
 1.11445867e+14
 1.11445553e+14
 1.11441581e+14
 1.11442088e+14
 1.11446056e+14
 1.11449606e+14
 1.11451862e+14
 1.11451370e+14
 1.11447285e+14
 1.11444169e+14
 1.11454177e+14
 1.11451062e+14
 1.11444378e+14
 1.11448582e+14
 1.11443362e+14
 1.11444137e+14
 1.11449481e+14
 1.11446668e+14
 1.11445035e+14
 1.11449546e+14
 1.11452070e+14
 1.11446136e+14
 1.11443025e+14
 1.11442352e+14
 1.11441828e+14
 1.11446316e+14
 1.11442429e+14
 1.11437704e+14
 1.11442232e+14
 1.11445671e+14
 1.11445767e+14
 1.11440907e+14
 1.11450832e+14
 1.11454514e+14
 1.11442081e+14
 1.11441480e+14
 1.11443812e+14
 1.11447230e+14
 1.11451519e+14
 1.11452469e+14
 1.11455754e+14
 1.11454131e+14
 1.11455238e+14
 1.11456638e+14
 1.11451903e+14
 1.11445190e+14
 1.11445073e+14
 1.11444503e+14
 1.11444690e+14
 1.11453437e+14
 1.11447013e+14
 1.11446404e+14
 1.11451255e+14
 1.11446275e+14
 1.11448778e+14
 1.11450004e+14
 1.11452783e+14
 1.11452440e+14
 1.11446455e+14
 1.11448991e+14
 1.11449237e+14
 1.11443782e+14
 1.11437440e+14
 1.11441671e+14
 1.11442615e+14
 1.11441654e+14
 1.11445695e+14
 1.11442539e+14
 1.11448814e+14
 1.11453623e+14
 1.11451164e+14
 1.11450898e+14
 1.11450963e+14
 1.11449920e+14
 1.11444899e+14
 1.11450355e+14
 1.11451245e+14
 1.11445775e+14
 1.11446426e+14
 1.11445774e+14
 1.11448023e+14
 1.11451909e+14
 1.11452929e+14
 1.11446910e+14
 1.11444299e+14
 1.11447459e+14
 1.11447889e+14
 1.11449809e+14
 1.11451094e+14
 1.11443702e+14
 1.11444240e+14
 1.11453226e+14
 1.11451852e+14
 1.11453306e+14
 1.11455582e+14
 1.11452852e+14
 1.11454215e+14
 1.11455148e+14
 1.11448997e+14
 1.11448173e+14
 1.11451528e+14
 1.11447634e+14
 1.11445628e+14
 1.11444547e+14
 1.11440868e+14
 1.11447790e+14
 1.11452813e+14
 1.11445936e+14
 1.11448665e+14
 1.11451134e+14
 1.11447783e+14
 1.11447785e+14
 1.11452882e+14
 1.11455224e+14
 1.11450146e+14
 1.11449921e+14
 1.11453209e+14
 1.11453912e+14
 1.11453561e+14
 1.11448849e+14
 1.11446407e+14
 1.11449065e+14
 1.11446417e+14
 1.11446319e+14
 1.11449360e+14
 1.11446102e+14
 1.11444804e+14
 1.11451660e+14
 1.11450982e+14
 1.11442564e+14
 1.11446963e+14
 1.11446774e+14
 1.11441334e+14
 1.11443103e+14
 1.11448224e+14
 1.11456362e+14
 1.11451748e+14
 1.11452409e+14
 1.11452184e+14
 1.11449035e+14
 1.11455791e+14
 1.11453259e+14
 1.11450029e+14
 1.11447718e+14
 1.11452652e+14
 1.11449101e+14
 1.11445019e+14
 1.11446271e+14
 1.11441086e+14
 1.11449138e+14
 1.11449979e+14
 1.11442360e+14
 1.11447363e+14
 1.11451484e+14
 1.11448697e+14
 1.11444368e+14
 1.11444507e+14
 1.11454532e+14
 1.11452381e+14
 1.11444710e+14
 1.11448371e+14
 1.11449683e+14
 1.11450657e+14
 1.11449607e+14
 1.11448085e+14
 1.11442865e+14
 1.11440198e+14
 1.11448147e+14
 1.11450528e+14
 1.11448406e+14
 1.11451931e+14
 1.11449946e+14
 1.11450741e+14
 1.11456070e+14
 1.11451515e+14
 1.11444261e+14
 1.11446174e+14
 1.11443980e+14
 1.11443676e+14
 1.11448597e+14
 1.11445867e+14
 1.11446042e+14
 1.11445279e+14
 1.11443270e+14
 1.11441798e+14
 1.11448640e+14
 1.11450657e+14
 1.11446707e+14
 1.11437810e+14
 1.11438700e+14
 1.11445020e+14
 1.11439229e+14
 1.11437778e+14
 1.11435095e+14
 1.11437977e+14
 1.11441589e+14
 1.11440344e+14
 1.11445898e+14
 1.11439281e+14
 1.11435588e+14
 1.11439179e+14
 1.11439478e+14
 1.11439278e+14
 1.11436058e+14
 1.11441523e+14
 1.11440394e+14
 1.11440240e+14
 1.11445648e+14
 1.11442208e+14
 1.11440436e+14
 1.11445783e+14
 1.11449177e+14
 1.11448670e+14
 1.11447496e+14
 1.11442518e+14
 1.11445319e+14
 1.11451226e+14
 1.11451368e+14
 1.11451772e+14
 1.11451168e+14
 1.11448933e+14
 1.11452378e+14
 1.11453457e+14
 1.11453055e+14
 1.11451652e+14
 1.11450433e+14
 1.11450144e+14
 1.11454060e+14
 1.11456052e+14
 1.11452273e+14
 1.11449358e+14
 1.11451081e+14
 1.11452164e+14
 1.11445165e+14
 1.11448697e+14
 1.11450950e+14
 1.11452680e+14
 1.11451656e+14
 1.11450184e+14
 1.11455511e+14
 1.11450292e+14
 1.11441162e+14
 1.11449162e+14
 1.11452390e+14
 1.11447201e+14
 1.11448776e+14
 1.11449907e+14
 1.11448712e+14
 1.11446551e+14
 1.11451295e+14
 1.11452838e+14
 1.11452058e+14
 1.11447047e+14
 1.11446212e+14
 1.11450406e+14
 1.11451067e+14
 1.11448649e+14
 1.11443436e+14
 1.11450177e+14
 1.11450925e+14
 1.11448113e+14
 1.11445064e+14
 1.11445633e+14
 1.11449197e+14
 1.11448271e+14
 1.11452471e+14
 1.11450787e+14
 1.11444308e+14
 1.11444515e+14
 1.11446985e+14
 1.11446643e+14
 1.11450939e+14
 1.11452434e+14
 1.11444418e+14
 1.11448786e+14
 1.11451021e+14
 1.11447449e+14
 1.11449970e+14
 1.11448099e+14
 1.11448229e+14
 1.11447517e+14
 1.11448797e+14
 1.11448864e+14
 1.11448265e+14
 1.11450339e+14
 1.11446806e+14
 1.11449296e+14
 1.11452445e+14
 1.11448488e+14
 1.11447882e+14
 1.11448670e+14
 1.11447255e+14
 1.11451548e+14
 1.11451931e+14
 1.11449385e+14
 1.11447082e+14
 1.11449496e+14
 1.11452371e+14
 1.11448827e+14
 1.11446483e+14
 1.11451380e+14
 1.11452216e+14
 1.11448002e+14
 1.11445939e+14
 1.11449405e+14
 1.11454346e+14
 1.11448107e+14
 1.11449755e+14
 1.11450957e+14
 1.11445717e+14
 1.11451314e+14
 1.11451505e+14
 1.11446603e+14
 1.11450455e+14
 1.11449397e+14
 1.11449280e+14
 1.11450852e+14
 1.11447002e+14
 1.11447195e+14
 1.11449804e+14
 1.11451228e+14
 1.11449425e+14
 1.11447862e+14
 1.11449705e+14
 1.11446945e+14
 1.11448972e+14
 1.11452612e+14
 1.11450657e+14
 1.11446449e+14
 1.11444948e+14
 1.11451395e+14
 1.11451602e+14
 1.11442070e+14
 1.11446304e+14
 1.11452852e+14
 1.11452172e+14
 1.11449255e+14
 1.11448634e+14
 1.11448441e+14
 1.11448281e+14
 1.11447129e+14
 1.11444208e+14
 1.11449792e+14
 1.11448357e+14
 1.11449293e+14
 1.11448087e+14
 1.11442412e+14
 1.11450033e+14
 1.11450531e+14
 1.11444705e+14
 1.11446809e+14
 1.11452525e+14
 1.11450551e+14
 1.11449303e+14
 1.11449703e+14
 1.11445438e+14
 1.11443893e+14
 1.11450190e+14
 1.11452722e+14
 1.11449186e+14
 1.11450991e+14
 1.11447273e+14
 1.11440079e+14
 1.11445219e+14
 1.11453064e+14
 1.11449005e+14
 1.11449871e+14
 1.11451093e+14
 1.11445432e+14
 1.11445099e+14
 1.11450191e+14
 1.11448803e+14
 1.11447043e+14
 1.11445602e+14
 1.11448029e+14
 1.11450413e+14
 1.11446844e+14
 1.11447894e+14
 1.11448633e+14
 1.11447822e+14
 1.11450617e+14
 1.11447904e+14
 1.11446134e+14
 1.11447217e+14
 1.11445400e+14
 1.11449583e+14
 1.11449631e+14
 1.11446893e+14
 1.11447210e+14
 1.11452949e+14
 1.11447455e+14
 1.11444935e+14
 1.11448428e+14
 1.11450944e+14
 1.11444896e+14
 1.11444115e+14
 1.11453645e+14
 1.11449340e+14
 1.11448884e+14
 1.11444713e+14
 1.11444219e+14
 1.11451096e+14
 1.11450871e+14
 1.11447683e+14
 1.11448089e+14
 1.11445104e+14
 1.11449315e+14
 1.11449032e+14
 1.11448037e+14
 1.11451535e+14
 1.11447847e+14
 1.11449549e+14
 1.11446281e+14
 1.11446490e+14
 1.11448453e+14
 1.11447292e+14
 1.11448135e+14
 1.11447644e+14
 1.11446098e+14
 1.11444407e+14
 1.11449115e+14
 1.11451129e+14
 1.11449182e+14
 1.11451610e+14
 1.11445067e+14
 1.11444808e+14
 1.11449099e+14
 1.11448569e+14
 1.11448183e+14
 1.11447850e+14
 1.11451719e+14
 1.11451021e+14
 1.11447257e+14
 1.11448972e+14
 1.11449460e+14
 1.11444696e+14
 1.11444672e+14
 1.11448922e+14
 1.11451893e+14
 1.11449884e+14
 1.11444840e+14
 1.11444759e+14
 1.11448746e+14
 1.11449440e+14
 1.11447721e+14
 1.11444925e+14
 1.11445968e+14
 1.11448984e+14
 1.11447252e+14
 1.11446905e+14
 1.11447764e+14
 1.11446576e+14
 1.11447394e+14
 1.11449367e+14
 1.11448910e+14
 1.11448411e+14
 1.11448329e+14
 1.11446637e+14
 1.11446274e+14
 1.11446399e+14
 1.11446940e+14
 1.11448596e+14
 1.11451075e+14
 1.11446721e+14
 1.11444533e+14
 1.11446801e+14
 1.11445246e+14
 1.11447017e+14
 1.11448615e+14
 1.11450093e+14
 1.11445978e+14
 1.11442284e+14
 1.11448625e+14
 1.11448637e+14
 1.11446812e+14
 1.11450618e+14
 1.11447333e+14
 1.11445602e+14
 1.11448281e+14
 1.11448163e+14
 1.11445773e+14
 1.11445726e+14
 1.11447274e+14
 1.11445614e+14
 1.11444452e+14
 1.11449300e+14
 1.11450087e+14
 1.11444623e+14
 1.11446131e+14
 1.11445856e+14
 1.11448729e+14
 1.11449469e+14
 1.11445582e+14
 1.11446308e+14
 1.11449662e+14
 1.11449656e+14
 1.11446548e+14
 1.11446395e+14
 1.11446380e+14
 1.11448226e+14
 1.11449376e+14
 1.11447945e+14
 1.11445144e+14
 1.11444692e+14
 1.11447940e+14
 1.11446337e+14
 1.11447711e+14
 1.11448120e+14
 1.11443380e+14
 1.11447438e+14
 1.11452128e+14
 1.11448150e+14
 1.11445578e+14
 1.11447938e+14
 1.11449142e+14
 1.11447171e+14
 1.11445145e+14
 1.11444494e+14
 1.11448051e+14
 1.11449481e+14
 1.11447841e+14
 1.11453545e+14
 1.11450967e+14
 1.11442760e+14
 1.11445998e+14
 1.11449450e+14
 1.11447112e+14
 1.11446890e+14
 1.11448401e+14
 1.11446400e+14
 1.11446972e+14
 1.11450628e+14
 1.11450433e+14
 1.11449918e+14
 1.11448138e+14
 1.11445116e+14
 1.11446224e+14
 1.11449153e+14
 1.11447922e+14
 1.11445254e+14
 1.11448515e+14
 1.11452358e+14
 1.11448387e+14
 1.11445907e+14
 1.11448096e+14
 1.11448379e+14
 1.11447521e+14
 1.11448471e+14
 1.11450155e+14
 1.11446745e+14
 1.11447309e+14
 1.11447587e+14
 1.11446533e+14
 1.11449433e+14
 1.11447768e+14
 1.11445142e+14
 1.11446975e+14
 1.11444869e+14
 1.11442617e+14
 1.11449565e+14
 1.11450538e+14
 1.11447245e+14
 1.11451083e+14
 1.11446871e+14
 1.11443871e+14
 1.11447677e+14
 1.11450176e+14
 1.11448468e+14
 1.11445865e+14
 1.11448121e+14
 1.11449767e+14
 1.11447949e+14
 1.11446158e+14
 1.11447834e+14
 1.11450325e+14
 1.11448921e+14
 1.11443218e+14
 1.11448757e+14
 1.11453406e+14
 1.11451267e+14
 1.11448426e+14
 1.11445120e+14
 1.11449388e+14
 1.11449940e+14
 1.11449596e+14
 1.11450936e+14
 1.11447142e+14
 1.11447242e+14
 1.11450339e+14
 1.11451411e+14
 1.11451048e+14
 1.11450079e+14
 1.11445882e+14
 1.11448178e+14
 1.11452795e+14
 1.11450250e+14
 1.11450279e+14
 1.11446507e+14
 1.11445570e+14
 1.11452696e+14
 1.11451503e+14
 1.11444847e+14
 1.11449323e+14
 1.11451224e+14
 1.11447865e+14
 1.11448754e+14
 1.11445567e+14
 1.11450072e+14
 1.11449841e+14
 1.11447779e+14
 1.11450502e+14
 1.11448485e+14
 1.11448768e+14
 1.11448859e+14
 1.11450094e+14
 1.11447989e+14
 1.11447211e+14
 1.11448855e+14
 1.11447673e+14
 1.11446238e+14
 1.11449471e+14
 1.11451402e+14
 1.11449249e+14
 1.11448358e+14
 1.11446721e+14
 1.11447763e+14
 1.11448526e+14
 1.11445651e+14
 1.11448468e+14
 1.11453589e+14
 1.11448452e+14
 1.11447379e+14
 1.11446576e+14
 1.11445659e+14
 1.11450338e+14
 1.11448931e+14
 1.11447522e+14
 1.11446842e+14
 1.11448722e+14
 1.11445768e+14
 1.11445798e+14
 1.11452962e+14
 1.11446916e+14
 1.11446778e+14
 1.11452979e+14
 1.11447547e+14
 1.11442963e+14
 1.11445058e+14
 1.11452242e+14
 1.11451703e+14
 1.11445902e+14
 1.11444631e+14
 1.11445681e+14
 1.11451611e+14
 1.11451022e+14
 1.11448049e+14
 1.11446929e+14
 1.11445539e+14
 1.11447360e+14
 1.11446068e+14
 1.11449691e+14
 1.11451970e+14
 1.11445897e+14
 1.11444244e+14
 1.11447000e+14
 1.11448834e+14
 1.11451611e+14
 1.11447484e+14
 1.11446716e+14
 1.11451502e+14
 1.11446363e+14
 1.11448204e+14
 1.11450143e+14
 1.11446134e+14
 1.11446101e+14
 1.11449746e+14
 1.11451908e+14
 1.11446925e+14
 1.11447841e+14
 1.11449954e+14
 1.11447599e+14
 1.11449432e+14
 1.11448235e+14
 1.11446490e+14
 1.11451226e+14
 1.11450045e+14
 1.11447154e+14
 1.11447778e+14
 1.11445626e+14
 1.11450713e+14
 1.11448570e+14
 1.11443959e+14
 1.11450405e+14
 1.11449502e+14
 1.11448924e+14
 1.11451963e+14
 1.11447854e+14
 1.11447134e+14
 1.11451593e+14
 1.11448651e+14
 1.11448602e+14
 1.11447817e+14
 1.11447656e+14
 1.11450902e+14
 1.11450546e+14
 1.11450487e+14
 1.11447109e+14
 1.11447400e+14
 1.11449317e+14
 1.11450323e+14
 1.11448766e+14
 1.11447205e+14
 1.11446473e+14
 1.11446941e+14
 1.11452044e+14
 1.11448579e+14
 1.11448759e+14
 1.11453587e+14
 1.11449598e+14
 1.11449203e+14
 1.11448957e+14
 1.11448998e+14
 1.11448934e+14
 1.11447026e+14
 1.11447594e+14
 1.11451017e+14
 1.11451473e+14
 1.11444781e+14
 1.11449913e+14
 1.11454538e+14
 1.11446120e+14
 1.11445792e+14
 1.11447992e+14
 1.11449598e+14
 1.11453502e+14
 1.11449413e+14
 1.11446179e+14
 1.11449540e+14
 1.11447027e+14
 1.11447532e+14
 1.11451543e+14
 1.11450257e+14
 1.11447805e+14
 1.11445847e+14
 1.11447555e+14
 1.11449772e+14
 1.11451237e+14
 1.11449709e+14
 1.11447034e+14
 1.11447982e+14
 1.11448734e+14
 1.11449232e+14
 1.11450748e+14
 1.11448784e+14
 1.11447984e+14
 1.11450019e+14
 1.11446678e+14
 1.11449439e+14
 1.11450846e+14
 1.11447828e+14
 1.11448903e+14
 1.11448899e+14
 1.11449889e+14
 1.11449462e+14
 1.11446928e+14
 1.11446680e+14
 1.11451624e+14
 1.11449092e+14
 1.11447249e+14
 1.11449209e+14
 1.11448033e+14
 1.11450270e+14
 1.11448788e+14
 1.11447167e+14
 1.11449594e+14
 1.11449662e+14
 1.11450364e+14
 1.11450096e+14
 1.11448743e+14
 1.11452098e+14
 1.11446904e+14
 1.11442580e+14
 1.11449121e+14
 1.11451019e+14
 1.11447381e+14
 1.11450563e+14
 1.11449897e+14
 1.11445997e+14
 1.11449503e+14
 1.11448178e+14
 1.11449225e+14
 1.11453957e+14
 1.11450029e+14
 1.11444458e+14
 1.11448977e+14
 1.11453214e+14
 1.11446770e+14
 1.11443838e+14
 1.11449951e+14
 1.11451720e+14
 1.11445883e+14
 1.11447720e+14
 1.11451488e+14
 1.11449676e+14
 1.11448850e+14
 1.11446022e+14
 1.11447844e+14
 1.11452184e+14
 1.11448593e+14
 1.11447907e+14
 1.11449927e+14
 1.11448004e+14
 1.11449858e+14
 1.11451796e+14
 1.11448286e+14
 1.11451233e+14
 1.11452050e+14
 1.11448082e+14
 1.11447271e+14
 1.11446031e+14
 1.11447833e+14
 1.11448988e+14
 1.11450523e+14
 1.11449758e+14
 1.11446679e+14
 1.11449230e+14
 1.11448243e+14
 1.11446144e+14
 1.11450325e+14
 1.11448803e+14
 1.11446407e+14
 1.11450720e+14
 1.11450651e+14
 1.11448135e+14
 1.11450435e+14
 1.11450825e+14
 1.11448871e+14
 1.11446924e+14
 1.11446818e+14
 1.11446796e+14
 1.11449896e+14
 1.11452872e+14
 1.11448776e+14
 1.11447047e+14
 1.11449999e+14
 1.11449525e+14
 1.11445472e+14
 1.11448970e+14
 1.11448291e+14
 1.11450341e+14
 1.11449347e+14
 1.11446255e+14
 1.11450737e+14
 1.11447656e+14
 1.11450370e+14
 1.11453329e+14
 1.11448469e+14
 1.11447579e+14
 1.11450589e+14
 1.11450161e+14
 1.11447467e+14
 1.11444455e+14
 1.11446042e+14
 1.11448377e+14
 1.11447826e+14
 1.11448271e+14
 1.11450209e+14
 1.11450951e+14
 1.11450435e+14
 1.11446309e+14
 1.11448110e+14
 1.11448953e+14
 1.11449373e+14
 1.11449954e+14
 1.11447218e+14
 1.11449049e+14
 1.11446825e+14
 1.11448146e+14
 1.11447464e+14
 1.11443981e+14
 1.11453006e+14
 1.11453399e+14
 1.11447021e+14
 1.11445615e+14
 1.11446798e+14
 1.11453976e+14
 1.11449306e+14
 1.11445774e+14
 1.11453264e+14
 1.11452216e+14
 1.11441706e+14
 1.11447401e+14
 1.11450354e+14
 1.11444939e+14
 1.11449564e+14
 1.11450306e+14
 1.11448202e+14
 1.11446848e+14
 1.11447926e+14
 1.11450472e+14
 1.11451355e+14
 1.11447940e+14
 1.11447635e+14
 1.11450126e+14
 1.11448337e+14
 1.11449447e+14
 1.11448660e+14
 1.11443984e+14
 1.11447683e+14
 1.11449236e+14
 1.11445621e+14
 1.11447548e+14
 1.11448487e+14
 1.11449519e+14
 1.11452725e+14
 1.11449910e+14
 1.11448695e+14
 1.11451787e+14
 1.11443859e+14
 1.11444543e+14
 1.11452047e+14
 1.11448036e+14
 1.11446800e+14
 1.11448560e+14
 1.11448589e+14
 1.11452050e+14
 1.11449828e+14
 1.11443967e+14
 1.11446096e+14
 1.11452728e+14
 1.11450372e+14
 1.11446712e+14
 1.11448560e+14
 1.11445294e+14
 1.11445536e+14
 1.11449843e+14
 1.11448472e+14
 1.11448309e+14
 1.11453929e+14
 1.11447500e+14
 1.11446079e+14
 1.11447879e+14
 1.11445793e+14
 1.11449573e+14
 1.11450927e+14
 1.11449753e+14
 1.11445026e+14
 1.11449678e+14
 1.11451533e+14
 1.11447543e+14
 1.11445712e+14
 1.11445251e+14
 1.11450795e+14
 1.11450423e+14
 1.11447864e+14
 1.11449058e+14
 1.11451733e+14
 1.11450606e+14
 1.11448060e+14
 1.11444959e+14
 1.11447547e+14
 1.11450302e+14
 1.11441899e+14
 1.11449684e+14
 1.11451425e+14
 1.11447569e+14
 1.11450808e+14
 1.11449199e+14
 1.11447414e+14
 1.11444120e+14
 1.11449785e+14
 1.11447629e+14
 1.11446751e+14
 1.11450164e+14
 1.11450200e+14
 1.11447209e+14
 1.11444861e+14
 1.11448783e+14
 1.11240406e+14
 1.11272338e+14
 1.11397097e+14
 1.11436044e+14
 1.11457071e+14
 1.11453960e+14
 1.11446689e+14
 1.11452020e+14
 1.11449640e+14
 1.11444788e+14
 1.11445552e+14
 1.11451839e+14
 1.11450386e+14
 1.11445153e+14
 1.11446544e+14
 1.11451324e+14
 1.11447771e+14
 1.11449755e+14
 1.11450767e+14
 1.11446183e+14
 1.11447068e+14
 1.11445659e+14
 1.11449089e+14
 1.11442466e+14
 1.11447490e+14
 1.11457933e+14
 1.11451372e+14
 1.11449090e+14
 1.11446536e+14
 1.11450683e+14
 1.11451618e+14
 1.11445685e+14
 1.11442301e+14
 1.11446196e+14
 1.11451596e+14
 1.11450393e+14
 1.11445307e+14
 1.11448384e+14
 1.11449704e+14
 1.11440012e+14
 1.11451242e+14
 1.11456561e+14
 1.11444083e+14
 1.11449650e+14
 1.11452028e+14
 1.11443012e+14
 1.11445109e+14
 1.11453403e+14
 1.11453619e+14
 1.11444190e+14
 1.11447528e+14
 1.11449634e+14
 1.11445205e+14
 1.11448703e+14
 1.11445176e+14
 1.11448642e+14
 1.11440228e+14
 1.11445392e+14
 1.11457597e+14
 1.11449512e+14
 1.11452904e+14
 1.11451480e+14
 1.11444105e+14
 1.11446628e+14
 1.11452981e+14
 1.11444982e+14
 1.11445597e+14
 1.11451118e+14
 1.11446710e+14
 1.11451598e+14
 1.11451904e+14
 1.11447673e+14
 1.11437706e+14
 1.11446780e+14
 1.11454082e+14
 1.11448617e+14
 1.11455935e+14
 1.11452691e+14
 1.11447765e+14
 1.11442861e+14
 1.11446051e+14
 1.11448684e+14
 1.11448614e+14
 1.11452513e+14
 1.11447531e+14
 1.11446736e+14
 1.11450969e+14
 1.11448361e+14
 1.11441380e+14
 1.11448978e+14
 1.11448647e+14
 1.11438901e+14
 1.11455431e+14
 1.11456262e+14
 1.11444556e+14
 1.11449708e+14
 1.11447884e+14
 1.11443883e+14
 1.11446625e+14
 1.11453316e+14
 1.11450656e+14
 1.11442780e+14
 1.11445758e+14
 1.11452133e+14
 1.11439926e+14
 1.11443205e+14
 1.11455314e+14
 1.11448334e+14
 1.11447408e+14
 1.11450233e+14
 1.11453059e+14
 1.11443970e+14
 1.11442464e+14
 1.11455355e+14
 1.11447738e+14
 1.11445959e+14
 1.11454350e+14
 1.11447758e+14
 1.11444520e+14
 1.11447593e+14
 1.11448165e+14
 1.11445682e+14
 1.11448090e+14
 1.11454551e+14
 1.11447511e+14
 1.11443572e+14
 1.11448939e+14
 1.11448461e+14
 1.11442519e+14
 1.11448455e+14
 1.11454644e+14
 1.11450081e+14
 1.11449355e+14
 1.11445390e+14
 1.11449391e+14
 1.11452024e+14
 1.11447675e+14
 1.11445362e+14
 1.11445326e+14
 1.11445290e+14
 1.11446148e+14
 1.11445041e+14
 1.11454018e+14
 1.11454816e+14
 1.11444630e+14
 1.11452047e+14
 1.11450523e+14
 1.11445567e+14
 1.11439192e+14
 1.11451111e+14
 1.11454695e+14
 1.11446060e+14
 1.11448959e+14
 1.11449554e+14
 1.11448808e+14
 1.11446080e+14
 1.11452522e+14
 1.11450138e+14
 1.11438880e+14
 1.11444525e+14
 1.11453856e+14
 1.11451935e+14
 1.11447563e+14
 1.11448866e+14
 1.11446050e+14
 1.11444527e+14
 1.11447952e+14
 1.11445273e+14
 1.11448716e+14
 1.11458669e+14
 1.11451550e+14
 1.11442222e+14
 1.11447641e+14
 1.11450010e+14
 1.11447230e+14
 1.11438279e+14
 1.11451165e+14
 1.11458418e+14
 1.11446110e+14
 1.11446862e+14
 1.11447663e+14
 1.11447882e+14
 1.11528139e+14
 1.11675919e+14
 1.11578737e+14
 1.11462208e+14
 1.11444293e+14
 1.11441634e+14
 1.11450858e+14
 1.11449184e+14
 1.11445829e+14
 1.11448324e+14
 1.11448452e+14
 1.11450230e+14
 1.11448024e+14
 1.11444842e+14
 1.11452889e+14
 1.11449537e+14
 1.11446858e+14
 1.11450417e+14
 1.11448343e+14
 1.11447442e+14
 1.11449622e+14
 1.11445907e+14
 1.11443002e+14
 1.11449475e+14
 1.11450187e+14
 1.11448883e+14
 1.11449265e+14
 1.11447950e+14
 1.11447986e+14
 1.11449280e+14
 1.11448756e+14
 1.11447538e+14
 1.11448784e+14
 1.11450017e+14
 1.11446750e+14
 1.11448627e+14
 1.11449352e+14
 1.11445188e+14
 1.11444086e+14
 1.11448950e+14
 1.11450375e+14
 1.11448685e+14
 1.11450178e+14
 1.11450240e+14
 1.11449813e+14
 1.11447233e+14
 1.11448203e+14
 1.11446720e+14
 1.11445067e+14
 1.11450290e+14
 1.11452119e+14
 1.11446492e+14
 1.11446262e+14
 1.11447499e+14
 1.11445578e+14
 1.11451209e+14
 1.11451755e+14
 1.11447786e+14
 1.11449599e+14
 1.11449547e+14
 1.11448357e+14
 1.11448831e+14
 1.11449743e+14
 1.11447662e+14
 1.11447280e+14
 1.11446233e+14
 1.11448303e+14
 1.11448309e+14
 1.11442328e+14
 1.11448095e+14
 1.11451545e+14
 1.11452986e+14
 1.11448442e+14
 1.11443799e+14
 1.11450137e+14
 1.11451383e+14
 1.11445864e+14
 1.11442686e+14
 1.11445620e+14
 1.11449347e+14
 1.11451558e+14
 1.11450173e+14
 1.11446813e+14
 1.11445618e+14
 1.11448121e+14
 1.11449678e+14
 1.11448617e+14
 1.11449087e+14
 1.11451923e+14
 1.11446606e+14
 1.11444545e+14
 1.11450540e+14
 1.11450420e+14
 1.11447707e+14
 1.11451945e+14
 1.11448398e+14
 1.11445382e+14
 1.11444605e+14
 1.11447588e+14
 1.11453334e+14
 1.11451235e+14
 1.11447483e+14
 1.11444791e+14
 1.11452103e+14
 1.11451171e+14
 1.11450347e+14
 1.11448782e+14
 1.11448375e+14
 1.11447604e+14
 1.11448414e+14
 1.11444827e+14
 1.11440841e+14
 1.11451038e+14
 1.11450846e+14
 1.11450737e+14
 1.11447822e+14
 1.11449292e+14
 1.11453052e+14
 1.11446561e+14
 1.11444675e+14
 1.11445687e+14
 1.11449633e+14
 1.11445138e+14
 1.11444022e+14
 1.11450163e+14
 1.11450475e+14
 1.11450983e+14
 1.11448264e+14
 1.11445032e+14
 1.11449179e+14
 1.11447745e+14
 1.11451809e+14
 1.11450994e+14
 1.11445025e+14
 1.11449418e+14
 1.11446494e+14
 1.11445497e+14
 1.11451333e+14
 1.11452035e+14
 1.11444489e+14
 1.11445925e+14
 1.11451665e+14
 1.11446707e+14
 1.11447236e+14
 1.11450556e+14
 1.11449249e+14
 1.11449228e+14
 1.11449083e+14
 1.11446889e+14
 1.11446799e+14
 1.11449187e+14
 1.11447973e+14
 1.11447371e+14
 1.11446957e+14
 1.11448809e+14
 1.11448578e+14
 1.11446949e+14
 1.11451454e+14
 1.11449879e+14
 1.11443502e+14
 1.11449301e+14
 1.11449896e+14
 1.11445952e+14
 1.11449197e+14
 1.11449778e+14
 1.11448478e+14
 1.11450355e+14
 1.11450013e+14
 1.11447456e+14
 1.11446158e+14
 1.11446874e+14
 1.11447354e+14
 1.11448060e+14
 1.11449467e+14
 1.11448648e+14
 1.11448139e+14
 1.11448247e+14
 1.11450760e+14
 1.11449052e+14
 1.11449347e+14
 1.11447768e+14
 1.11446015e+14
 1.11450056e+14
 1.11449189e+14
 1.11446739e+14
 1.11445013e+14
 1.11447702e+14
 1.11447486e+14
 1.11448149e+14
 1.11452793e+14
 1.11448266e+14
 1.11444690e+14
 1.11448074e+14
 1.11450839e+14
 1.11447416e+14
 1.11447652e+14
 1.11452067e+14
 1.11445446e+14
 1.11446717e+14
 1.11449272e+14
 1.11447393e+14
 1.11449166e+14
 1.11445273e+14
 1.11446408e+14
 1.11448076e+14
 1.11449806e+14
 1.11451030e+14
 1.11447829e+14
 1.11446675e+14
 1.11447644e+14
 1.11446047e+14
 1.11451419e+14
 1.11453957e+14
 1.11439856e+14
 1.11445266e+14
 1.11456580e+14
 1.11450109e+14
 1.11442523e+14
 1.11446078e+14
 1.11452608e+14
 1.11446207e+14
 1.11449951e+14
 1.11450196e+14
 1.11444829e+14
 1.11446576e+14
 1.11450243e+14
 1.11449644e+14
 1.11444257e+14
 1.11451995e+14
 1.11453060e+14
 1.11442884e+14
 1.11444411e+14
 1.11449741e+14
 1.11449717e+14
 1.11449749e+14
 1.11451151e+14
 1.11448938e+14
 1.11448376e+14
 1.11447930e+14
 1.11445770e+14
 1.11446557e+14
 1.11445597e+14
 1.11449445e+14
 1.11447636e+14
 1.11447577e+14
 1.11450747e+14
 1.11448638e+14
 1.11447388e+14
 1.11448004e+14
 1.11449922e+14
 1.11449349e+14
 1.11444653e+14
 1.11447327e+14
 1.11450050e+14
 1.11445288e+14
 1.11449779e+14
 1.11449369e+14
 1.11446857e+14
 1.11445789e+14
 1.11448839e+14
 1.11451275e+14
 1.11449683e+14
 1.11448127e+14
 1.11446834e+14
 1.11452622e+14
 1.11449543e+14
 1.11447978e+14
 1.11449351e+14
 1.11446811e+14
 1.11448109e+14
 1.11449528e+14
 1.11448212e+14
 1.11446067e+14
 1.11447459e+14
 1.11450355e+14
 1.11448604e+14
 1.11446135e+14
 1.11450130e+14
 1.11449038e+14
 1.11445937e+14
 1.11446821e+14
 1.11448313e+14
 1.11450482e+14
 1.11448780e+14
 1.11445244e+14
 1.11448922e+14
 1.11449942e+14
 1.11448625e+14
 1.11447703e+14
 1.11445578e+14
 1.11448436e+14
 1.11447014e+14
 1.11446046e+14
 1.11450828e+14
 1.11449418e+14
 1.11450003e+14
 1.11447351e+14
 1.11445494e+14
 1.11451146e+14
 1.11448877e+14
 1.11449738e+14
 1.11446707e+14
 1.11451798e+14
 1.11450208e+14
 1.11445594e+14
 1.11449750e+14
 1.11447049e+14
 1.11443619e+14
 1.11446187e+14
 1.11449396e+14
 1.11449769e+14
 1.11450098e+14
 1.11445907e+14
 1.11446885e+14
 1.11445073e+14
 1.11450317e+14
 1.11456361e+14
 1.11451868e+14
 1.11447161e+14
 1.11448964e+14
 1.11447469e+14
 1.11443480e+14
 1.11449683e+14
 1.11447604e+14
 1.11446120e+14
 1.11450332e+14
 1.11445096e+14
 1.11447504e+14
 1.11455034e+14
 1.11449473e+14
 1.11443571e+14
 1.11445624e+14
 1.11451248e+14
 1.11448590e+14
 1.11447557e+14
 1.11447599e+14
 1.11441675e+14
 1.11448398e+14
 1.11452448e+14
 1.11450081e+14
 1.11447179e+14
 1.11454073e+14
 1.11452161e+14
 1.11440160e+14
 1.11450322e+14
 1.11448373e+14
 1.11445001e+14
 1.11452639e+14
 1.11443330e+14
 1.11446208e+14
 1.11449426e+14
 1.11449395e+14
 1.11453701e+14
 1.11443947e+14
 1.11447540e+14
 1.11453237e+14
 1.11446757e+14
 1.11443991e+14
 1.11448931e+14
 1.11449593e+14
 1.11448735e+14
 1.11443811e+14
 1.11447688e+14
 1.11455093e+14
 1.11444939e+14
 1.11446318e+14
 1.11449689e+14
 1.11450560e+14
 1.11448577e+14
 1.11445244e+14
 1.11448893e+14
 1.11447395e+14
 1.11448408e+14
 1.11451377e+14
 1.11447952e+14
 1.11447634e+14
 1.11445034e+14
 1.11446588e+14
 1.11450292e+14
 1.11445326e+14
 1.11450525e+14
 1.11451693e+14
 1.11448624e+14
 1.11449211e+14
 1.11445168e+14
 1.11446413e+14
 1.11451912e+14
 1.11450022e+14
 1.11447726e+14
 1.11448269e+14
 1.11450519e+14
 1.11448491e+14
 1.11446244e+14
 1.11446766e+14
 1.11449995e+14
 1.11454773e+14
 1.11449889e+14
 1.11442256e+14
 1.11446054e+14
 1.11452679e+14
 1.11449144e+14
 1.11447499e+14
 1.11444411e+14
 1.11447198e+14
 1.11451494e+14
 1.11447427e+14
 1.11446982e+14
 1.11449335e+14
 1.11447539e+14
 1.11449724e+14
 1.11448420e+14
 1.11448134e+14
 1.11449065e+14
 1.11446104e+14
 1.11450196e+14
 1.11445659e+14
 1.11444961e+14
 1.11451556e+14
 1.11445175e+14
 1.11449702e+14
 1.11452609e+14
 1.11446279e+14
 1.11447721e+14
 1.11449289e+14
 1.11450134e+14
 1.11445597e+14
 1.11449282e+14
 1.11450048e+14
 1.11450682e+14
 1.11449967e+14
 1.11442793e+14
 1.11445397e+14
 1.11447277e+14
 1.11449827e+14
 1.11448130e+14
 1.11450369e+14
 1.11447847e+14
 1.11448300e+14
 1.11452666e+14
 1.11447236e+14
 1.11444843e+14
 1.11449534e+14
 1.11452816e+14
 1.11447470e+14
 1.11448323e+14
 1.11446958e+14
 1.11443471e+14
 1.11448461e+14
 1.11453189e+14
 1.11450506e+14
 1.11445844e+14
 1.11445372e+14
 1.11446195e+14
 1.11447200e+14
 1.11449713e+14
 1.11448477e+14
 1.11447555e+14
 1.11451090e+14
 1.11451077e+14
 1.11448706e+14
 1.11446144e+14
 1.11444368e+14
 1.11449057e+14
 1.11450099e+14
 1.11448513e+14
 1.11447640e+14
 1.11451192e+14
 1.11447096e+14
 1.11443454e+14
 1.11451222e+14
 1.11456649e+14
 1.11452734e+14
 1.11448200e+14
 1.11446336e+14
 1.11445070e+14
 1.11450778e+14
 1.11449095e+14
 1.11448530e+14
 1.11447627e+14
 1.11449341e+14
 1.11450899e+14
 1.11444854e+14
 1.11448192e+14
 1.11452224e+14
 1.11446306e+14
 1.11448454e+14
 1.11449599e+14
 1.11443852e+14
 1.11453554e+14
 1.11449540e+14
 1.11442877e+14
 1.11450009e+14
 1.11448308e+14
 1.11445714e+14
 1.11448058e+14
 1.11448305e+14
 1.11448755e+14
 1.11447662e+14
 1.11449072e+14
 1.11449514e+14
 1.11446541e+14
 1.11451741e+14
 1.11447259e+14
 1.11445549e+14
 1.11447076e+14
 1.11446218e+14
 1.11452843e+14
 1.11449279e+14
 1.11446387e+14
 1.11448218e+14
 1.11452130e+14
 1.11444907e+14
 1.11441804e+14
 1.11451711e+14
 1.11447893e+14
 1.11448656e+14
 1.11447900e+14
 1.11447209e+14
 1.11452945e+14
 1.11450057e+14
 1.11449234e+14
 1.11445547e+14
 1.11443786e+14
 1.11446908e+14
 1.11450647e+14
 1.11449858e+14
 1.11444344e+14
 1.11451344e+14
 1.11449516e+14
 1.11448714e+14
 1.11450489e+14
 1.11446884e+14
 1.11447363e+14
 1.11447225e+14
 1.11444393e+14
 1.11448598e+14
 1.11455551e+14
 1.11445747e+14
 1.11444593e+14
 1.11449577e+14
 1.11449219e+14
 1.11447347e+14
 1.11447140e+14
 1.11452141e+14
 1.11447867e+14
 1.11446432e+14
 1.11448071e+14
 1.11444120e+14
 1.11448504e+14
 1.11450579e+14
 1.11447285e+14
 1.11447144e+14
 1.11448789e+14
 1.11450261e+14
 1.11447662e+14
 1.11446179e+14
 1.11450953e+14
 1.11450602e+14
 1.11445802e+14
 1.11449715e+14
 1.11449429e+14
 1.11448861e+14
 1.11448793e+14
 1.11445826e+14
 1.11448386e+14
 1.11447542e+14
 1.11446527e+14
 1.11448633e+14
 1.11453170e+14
 1.11452062e+14
 1.11443686e+14
 1.11446720e+14
 1.11451939e+14
 1.11447415e+14
 1.11445680e+14
 1.11448681e+14
 1.11452095e+14
 1.11447357e+14
 1.11441805e+14
 1.11447849e+14
 1.11452526e+14
 1.11447874e+14
 1.11444904e+14
 1.11450258e+14
 1.11450326e+14
 1.11447867e+14
 1.11443991e+14
 1.11449326e+14
 1.11453122e+14
 1.11444358e+14
 1.11446005e+14
 1.11448037e+14
 1.11451102e+14
 1.11449537e+14
 1.11449751e+14
 1.11450028e+14
 1.11441237e+14
 1.11447311e+14
 1.11447181e+14
 1.11447851e+14
 1.11452411e+14
 1.11451748e+14
 1.11451790e+14
 1.11445474e+14
 1.11447697e+14
 1.11450770e+14
 1.11448469e+14
 1.11450285e+14
 1.11446815e+14
 1.11446881e+14
 1.11449449e+14
 1.11445202e+14
 1.11447456e+14
 1.11450077e+14
 1.11453000e+14
 1.11451247e+14
 1.11446789e+14
 1.11444773e+14
 1.11446699e+14
 1.11452143e+14
 1.11444572e+14
 1.11447889e+14
 1.11452462e+14
 1.11445531e+14
 1.11448053e+14
 1.11449232e+14
 1.11446532e+14
 1.11447892e+14
 1.11451651e+14
 1.11448484e+14
 1.11445438e+14
 1.11448440e+14
 1.11451637e+14
 1.11444442e+14
 1.11446013e+14
 1.11452176e+14
 1.11450442e+14
 1.11448884e+14
 1.11447747e+14
 1.11446500e+14
 1.11446874e+14
 1.11448525e+14
 1.11449419e+14
 1.11449977e+14
 1.11444833e+14
 1.11447685e+14
 1.11449673e+14
 1.11446422e+14
 1.11449142e+14
 1.11449876e+14
 1.11447976e+14
 1.11449740e+14
 1.11446446e+14
 1.11445596e+14
 1.11451156e+14
 1.11452409e+14
 1.11448949e+14
 1.11445820e+14
 1.11445901e+14
 1.11444043e+14
 1.11449723e+14
 1.11451914e+14
 1.11447082e+14
 1.11449814e+14
 1.11445228e+14
 1.11449361e+14
 1.11451141e+14
 1.11445601e+14
 1.11447965e+14
 1.11448304e+14
 1.11450522e+14
 1.11446431e+14
 1.11447353e+14
 1.11450534e+14
 1.11450597e+14
 1.11449822e+14
 1.11445475e+14
 1.11448262e+14
 1.11449541e+14
 1.11445839e+14
 1.11449376e+14
 1.11453909e+14
 1.11447401e+14
 1.11444162e+14
 1.11448061e+14
 1.11446807e+14
 1.11449964e+14
 1.11446388e+14
 1.11444164e+14
 1.11450114e+14
 1.11451328e+14
 1.11446145e+14
 1.11448959e+14
 1.11454122e+14
 1.11442185e+14
 1.11446388e+14
 1.11450635e+14
 1.11446230e+14
 1.11449288e+14
 1.11450119e+14
 1.11449028e+14
 1.11449612e+14
 1.11448030e+14
 1.11446504e+14
 1.11452309e+14
 1.11445516e+14
 1.11443868e+14
 1.11451102e+14
 1.11448685e+14
 1.11448494e+14
 1.11446876e+14
 1.11450652e+14
 1.11450213e+14
 1.11446264e+14
 1.11448575e+14
 1.11446186e+14
 1.11446781e+14
 1.11449838e+14
 1.11448095e+14
 1.11442981e+14
 1.11442866e+14
 1.11453132e+14
 1.11456437e+14
 1.11448562e+14
 1.11444866e+14
 1.11451396e+14
 1.11449053e+14
 1.11446398e+14
 1.11449899e+14
 1.11446625e+14
 1.11449782e+14
 1.11444023e+14
 1.11439669e+14
 1.11451341e+14
 1.11457648e+14
 1.11446513e+14
 1.11443126e+14
 1.11454604e+14
 1.11444231e+14
 1.11440826e+14
 1.11447893e+14
 1.11450330e+14
 1.11450347e+14
 1.11445778e+14
 1.11451155e+14
 1.11449629e+14
 1.11448093e+14
 1.11450056e+14
 1.11450693e+14
 1.11448916e+14
 1.11447541e+14
 1.11450842e+14
 1.11446074e+14
 1.11443127e+14
 1.11449972e+14
 1.11452003e+14
 1.11443162e+14
 1.11447720e+14
 1.11452787e+14
 1.11442862e+14
 1.11446126e+14
 1.11448244e+14
 1.11456818e+14
 1.11445735e+14
 1.11446868e+14
 1.11450784e+14
 1.11449245e+14
 1.11448802e+14
 1.11447421e+14
 1.11446120e+14
 1.11450209e+14
 1.11448222e+14
 1.11446550e+14
 1.11449739e+14
 1.11448095e+14
 1.11445896e+14
 1.11447380e+14
 1.11450312e+14
 1.11447837e+14
 1.11447944e+14
 1.11450028e+14
 1.11449352e+14
 1.11447103e+14
 1.11446653e+14
 1.11449084e+14
 1.11451006e+14
 1.11447964e+14
 1.11447765e+14
 1.11448838e+14
 1.11444478e+14
 1.11448305e+14
 1.11451195e+14
 1.11444552e+14
 1.11444647e+14
 1.11449809e+14
 1.11451975e+14
 1.11448963e+14
 1.11446923e+14
 1.11448375e+14
 1.11449261e+14
 1.11447582e+14
 1.11445573e+14
 1.11443709e+14
 1.11449082e+14
 1.11454071e+14
 1.11449770e+14
 1.11444422e+14
 1.11444072e+14
 1.11453268e+14
 1.11451476e+14
 1.11447023e+14
 1.11449534e+14
 1.11446044e+14
 1.11446203e+14
 1.11449367e+14
 1.11447765e+14
 1.11450459e+14
 1.11448701e+14
 1.11444678e+14
 1.11444580e+14
 1.11451298e+14
 1.11452348e+14
 1.11446509e+14
 1.11448012e+14
 1.11448127e+14
 1.11448276e+14
 1.11449017e+14
 1.11451734e+14
 1.11445425e+14
 1.11442725e+14
 1.11449008e+14
 1.11449702e+14
 1.11448155e+14
 1.11450043e+14
 1.11449194e+14
 1.11448885e+14
 1.11447283e+14
 1.11446640e+14
 1.11450022e+14
 1.11445920e+14
 1.11446479e+14
 1.11449981e+14
 1.11444062e+14
 1.11446260e+14
 1.11454558e+14
 1.11453052e+14
 1.11446045e+14
 1.11442687e+14
 1.11451647e+14
 1.11452057e+14
 1.11443854e+14
 1.11445714e+14
 1.11449320e+14
 1.11451618e+14
 1.11450817e+14
 1.11445924e+14
 1.11443045e+14
 1.11450563e+14
 1.11451171e+14
 1.11450840e+14
 1.11449894e+14
 1.11445457e+14
 1.11448794e+14
 1.11446219e+14
 1.11445862e+14
 1.11452335e+14
 1.11453342e+14
 1.11447734e+14
 1.11445055e+14
 1.11446272e+14
 1.11449370e+14
 1.11449958e+14
 1.11443958e+14
 1.11445301e+14
 1.11448172e+14
 1.11448307e+14
 1.11453044e+14
 1.11448091e+14
 1.11447360e+14
 1.11444445e+14
 1.11450297e+14
 1.11453571e+14
 1.11448157e+14
 1.11444549e+14
 1.11442884e+14
 1.11453641e+14
 1.11452452e+14
 1.11446418e+14
 1.11446002e+14
 1.11445304e+14
 1.11446914e+14
 1.11450746e+14
 1.11449318e+14
 1.11446621e+14
 1.11449542e+14
 1.11447801e+14
 1.11448388e+14
 1.11452025e+14
 1.11450624e+14
 1.11447366e+14
 1.11444332e+14
 1.11446128e+14
 1.11447717e+14
 1.11451767e+14
 1.11448838e+14
 1.11445402e+14
 1.11448642e+14
 1.11447669e+14
 1.11446044e+14
 1.11448563e+14
 1.11450011e+14
 1.11448160e+14
 1.11452901e+14
 1.11448651e+14
 1.11446097e+14
 1.11448921e+14
 1.11445581e+14
 1.11451977e+14
 1.11450148e+14
 1.11442142e+14
 1.11450823e+14
 1.11449976e+14
 1.11451898e+14
 1.11450697e+14
 1.11443313e+14
 1.11450722e+14
 1.11443548e+14
 1.11445083e+14
 1.11449137e+14
 1.11447179e+14
 1.11452173e+14
 1.11448077e+14
 1.11445948e+14
 1.11447565e+14
 1.11447740e+14
 1.11450532e+14
 1.11450648e+14
 1.11449561e+14
 1.11446464e+14
 1.11445067e+14
 1.11446555e+14
 1.11451274e+14
 1.11453746e+14
 1.11446052e+14
 1.11447767e+14
 1.11450645e+14
 1.11449598e+14
 1.11448449e+14
 1.11444863e+14
 1.11445004e+14
 1.11449198e+14
 1.11448826e+14
 1.11447756e+14
 1.11450427e+14
 1.11446511e+14
 1.11447217e+14
 1.11447350e+14
 1.11448205e+14
 1.11451698e+14
 1.11448483e+14
 1.11446508e+14
 1.11448102e+14
 1.11454000e+14
 1.11449090e+14
 1.11445936e+14
 1.11449043e+14
 1.11448441e+14
 1.11448162e+14
 1.11448575e+14
 1.11451363e+14
 1.11444863e+14
 1.11442331e+14
 1.11448918e+14
 1.11448939e+14
 1.11449826e+14
 1.11447712e+14
 1.11448032e+14
 1.11449902e+14
 1.11447506e+14
 1.11448088e+14
 1.11446828e+14
 1.11450620e+14
 1.11452814e+14
 1.11446501e+14
 1.11443857e+14
 1.11445819e+14
 1.11450449e+14
 1.11451633e+14
 1.11447027e+14
 1.11444859e+14
 1.11447664e+14
 1.11451012e+14
 1.11445669e+14
 1.11445565e+14
 1.11450640e+14
 1.11447878e+14
 1.11449949e+14
 1.11447041e+14
 1.11448111e+14
 1.11453417e+14
 1.11449285e+14
 1.11445830e+14
 1.11446642e+14
 1.11449553e+14
 1.11451923e+14
 1.11451208e+14
 1.11445904e+14
 1.11439985e+14
 1.11446327e+14
 1.11453863e+14
 1.11449318e+14
 1.11447318e+14
 1.11446934e+14
 1.11448994e+14
 1.11446757e+14
 1.11448901e+14
 1.11451690e+14
 1.11446350e+14
 1.11448216e+14
 1.11449314e+14
 1.11447053e+14
 1.11446989e+14
 1.11449556e+14
 1.11450492e+14
 1.11448404e+14
 1.11447331e+14
 1.11446902e+14
 1.11447017e+14
 1.11445584e+14
 1.11448410e+14
 1.11450927e+14
 1.11450597e+14
 1.11447576e+14
 1.11449925e+14
 1.11450238e+14
 1.11446289e+14
 1.11450713e+14
 1.11447009e+14
 1.11446121e+14
 1.11450112e+14
 1.11448458e+14
 1.11448162e+14
 1.11446230e+14
 1.11443825e+14
 1.11450322e+14
 1.11451862e+14
 1.11446471e+14
 1.11447509e+14
 1.11449951e+14
 1.11445648e+14
 1.11446060e+14
 1.11451923e+14
 1.11450798e+14
 1.11449568e+14
 1.11449939e+14
 1.11447529e+14
 1.11446569e+14
 1.11444137e+14
 1.11443343e+14
 1.11451008e+14
 1.11456016e+14
 1.11447512e+14
 1.11444676e+14
 1.11449166e+14
 1.11447171e+14
 1.11450006e+14
 1.11447537e+14
 1.11448296e+14
 1.11452708e+14
 1.11446772e+14
 1.11443042e+14
 1.11447781e+14
 1.11452795e+14
 1.11449840e+14
 1.11448810e+14
 1.11451008e+14
 1.11442275e+14
 1.11447498e+14
 1.11456860e+14
 1.11443241e+14
 1.11442037e+14
 1.11449739e+14
 1.11449782e+14
 1.11448658e+14
 1.11447752e+14
 1.11447530e+14
 1.11443680e+14
 1.11447735e+14
 1.11451204e+14
 1.11449063e+14
 1.11447349e+14
 1.11442505e+14
 1.11449609e+14
 1.11453105e+14
 1.11448623e+14
 1.11448696e+14
 1.11444353e+14
 1.11450265e+14
 1.11452825e+14
 1.11445605e+14
 1.11447086e+14
 1.11452303e+14
 1.11448226e+14
 1.11442006e+14
 1.11449611e+14
 1.11449595e+14
 1.11446920e+14
 1.11450432e+14
 1.11449081e+14
 1.11445936e+14
 1.11449033e+14
 1.11449381e+14
 1.11446589e+14
 1.11449162e+14
 1.11449945e+14
 1.11449666e+14
 1.11447148e+14
 1.11443292e+14
 1.11449632e+14
 1.11450596e+14
 1.11445906e+14
 1.11448591e+14
 1.11449872e+14
 1.11452296e+14
 1.11450546e+14
 1.11447511e+14
 1.11448623e+14
 1.11447184e+14
 1.11444147e+14
 1.11446916e+14
 1.11449228e+14
 1.11450094e+14
 1.11447777e+14
 1.11446325e+14
 1.11449277e+14
 1.11446971e+14
 1.11447229e+14
 1.11451322e+14
 1.11448329e+14
 1.11447718e+14
 1.11449096e+14
 1.11447879e+14
 1.11446622e+14
 1.11448928e+14
 1.11449145e+14
 1.11446467e+14
 1.11449779e+14
 1.11451914e+14
 1.11450839e+14
 1.11443448e+14
 1.11443199e+14
 1.11452428e+14
 1.11453988e+14
 1.11446881e+14
 1.11441867e+14
 1.11447645e+14
 1.11452218e+14
 1.11446985e+14
 1.11446960e+14
 1.11448994e+14
 1.11450772e+14
 1.11447077e+14
 1.11445812e+14
 1.11452727e+14
 1.11448946e+14
 1.11447724e+14
 1.11448061e+14
 1.11444818e+14
 1.11448516e+14
 1.11451091e+14
 1.11448769e+14
 1.11447693e+14
 1.11448832e+14
 1.11447044e+14
 1.11449799e+14
 1.11454335e+14
 1.11443922e+14
 1.11443553e+14
 1.11452199e+14
 1.11445144e+14
 1.11450238e+14
 1.11450750e+14
 1.11444193e+14
 1.11449098e+14
 1.11444752e+14
 1.11446196e+14
 1.11453721e+14
 1.11447245e+14
 1.11445991e+14
 1.11451960e+14
 1.11449289e+14
 1.11447138e+14
 1.11447934e+14
 1.11448954e+14
 1.11450458e+14
 1.11448761e+14
 1.11443601e+14
 1.11443415e+14
 1.11448463e+14
 1.11449630e+14
 1.11447275e+14
 1.11447443e+14
 1.11449084e+14
 1.11452908e+14
 1.11446762e+14
 1.11445229e+14
 1.11449811e+14
 1.11446371e+14
 1.11449037e+14
 1.11447852e+14
 1.11446723e+14
 1.11452442e+14
 1.11447760e+14
 1.11446392e+14
 1.11446903e+14
 1.11449221e+14
 1.11449466e+14
 1.11447010e+14
 1.11447439e+14
 1.11446168e+14
 1.11449700e+14
 1.11450436e+14
 1.11447524e+14
 1.11445671e+14
 1.11449546e+14
 1.11454019e+14
 1.11447577e+14
 1.11440900e+14
 1.11450192e+14
 1.11453290e+14
 1.11448596e+14
 1.11447811e+14
 1.11447977e+14
 1.11448068e+14
 1.11447717e+14
 1.11450948e+14
 1.11445409e+14
 1.11445772e+14
 1.11450432e+14
 1.11447494e+14
 1.11448002e+14
 1.11451445e+14
 1.11447448e+14
 1.11448882e+14
 1.11447671e+14
 1.11444579e+14
 1.11448773e+14
 1.11447820e+14
 1.11447979e+14
 1.11448186e+14
 1.11449854e+14
 1.11446203e+14
 1.11446181e+14
 1.11449900e+14
 1.11445202e+14
 1.11446582e+14
 1.11450852e+14
 1.11447424e+14
 1.11446676e+14
 1.11449031e+14
 1.11447945e+14
 1.11452184e+14
 1.11450004e+14
 1.11447111e+14
 1.11449600e+14
 1.11446611e+14
 1.11449328e+14
 1.11448151e+14
 1.11447025e+14
 1.11449160e+14
 1.11447508e+14
 1.11449780e+14
 1.11450848e+14
 1.11446973e+14
 1.11447788e+14
 1.11445445e+14
 1.11447623e+14
 1.11450449e+14
 1.11450095e+14
 1.11448454e+14
 1.11444406e+14
 1.11448476e+14
 1.11448603e+14
 1.11448400e+14
 1.11446366e+14
 1.11447293e+14
 1.11452004e+14
 1.11447933e+14
 1.11447574e+14
 1.11446991e+14
 1.11445744e+14
 1.11449363e+14
 1.11447806e+14
 1.11451020e+14
 1.11448817e+14
 1.11445766e+14
 1.11448150e+14
 1.11448075e+14
 1.11449085e+14
 1.11448234e+14
 1.11445738e+14
 1.11447144e+14
 1.11451950e+14
 1.11449440e+14
 1.11446647e+14
 1.11445830e+14
 1.11445543e+14
 1.11451562e+14
 1.11453748e+14
 1.11445233e+14
 1.11447042e+14
 1.11449994e+14
 1.11442664e+14
 1.11448271e+14
 1.11451901e+14
 1.11446495e+14
 1.11445811e+14
 1.11449441e+14
 1.11453196e+14
 1.11450710e+14
 1.11448259e+14
 1.11449239e+14
 1.11442412e+14
 1.11446285e+14
 1.11450836e+14
 1.11448033e+14
 1.11449919e+14
 1.11445998e+14
 1.11447320e+14
 1.11451608e+14
 1.11448132e+14
 1.11447697e+14
 1.11446453e+14
 1.11447386e+14
 1.11449847e+14
 1.11451514e+14
 1.11450803e+14
 1.11445354e+14
 1.11447564e+14
 1.11444750e+14
 1.11445556e+14
 1.11449666e+14
 1.11452765e+14
 1.11450061e+14
 1.11444664e+14
 1.11443917e+14
 1.11451416e+14
 1.11452865e+14
 1.11447629e+14
 1.11446070e+14
 1.11444565e+14
 1.11448562e+14
 1.11449144e+14
 1.11446975e+14
 1.11447742e+14
 1.11449644e+14
 1.11450427e+14
 1.11450680e+14
 1.11448289e+14
 1.11444877e+14
 1.11448711e+14
 1.11445735e+14
 1.11445271e+14
 1.11450110e+14
 1.11446515e+14
 1.11443609e+14
 1.11448512e+14
 1.11455294e+14
 1.11452644e+14
 1.11444356e+14
 1.11447127e+14
 1.11452878e+14
 1.11445081e+14
 1.11448339e+14
 1.11449571e+14
 1.11444925e+14
 1.11446346e+14
 1.11449783e+14
 1.11450331e+14
 1.11446200e+14
 1.11448871e+14
 1.11451608e+14
 1.11449023e+14
 1.11447198e+14
 1.11446342e+14
 1.11445995e+14
 1.11451466e+14
 1.11449077e+14
 1.11448922e+14
 1.11451661e+14
 1.11448132e+14
 1.11448767e+14
 1.11446064e+14
 1.11446173e+14
 1.11447958e+14
 1.11449335e+14
 1.11449245e+14
 1.11449649e+14
 1.11448157e+14
 1.11444712e+14
 1.11448248e+14
 1.11446678e+14
 1.11445917e+14
 1.11451003e+14
 1.11449010e+14
 1.11446519e+14
 1.11453466e+14
 1.11451748e+14
 1.11443857e+14
 1.11445824e+14
 1.11449815e+14
 1.11448420e+14
 1.11447592e+14
 1.11448841e+14
 1.11447342e+14
 1.11450359e+14
 1.11446475e+14
 1.11444764e+14
 1.11448562e+14
 1.11449310e+14
 1.11449524e+14
 1.11448871e+14
 1.11449177e+14
 1.11446689e+14
 1.11446511e+14
 1.11449677e+14
 1.11451975e+14
 1.11446327e+14
 1.11446299e+14
 1.11448990e+14
 1.11447205e+14
 1.11443461e+14
 1.11446789e+14
 1.11453013e+14
 1.11447362e+14
 1.11447780e+14
 1.11451430e+14
 1.11446080e+14
 1.11445040e+14
 1.11449074e+14
 1.11449794e+14
 1.11449212e+14
 1.11448749e+14
 1.11445392e+14
 1.11441965e+14
 1.11451396e+14
 1.11453417e+14
 1.11447313e+14
 1.11449084e+14
 1.11446140e+14
 1.11447199e+14
 1.11453764e+14
 1.11451547e+14
 1.11446411e+14
 1.11446021e+14
 1.11448641e+14
 1.11447488e+14
 1.11443088e+14
 1.11451242e+14
 1.11451511e+14
 1.11444922e+14
 1.11449583e+14
 1.11451320e+14
 1.11449616e+14
 1.11445928e+14
 1.11447186e+14
 1.11448176e+14
 1.11442905e+14
 1.11444326e+14
 1.11450956e+14
 1.11450968e+14
 1.11447251e+14
 1.11447699e+14
 1.11448438e+14
 1.11446849e+14
 1.11445042e+14
 1.11447474e+14
 1.11453212e+14
 1.11450275e+14
 1.11443511e+14
 1.11447307e+14
 1.11452069e+14
 1.11448932e+14
 1.11447193e+14
 1.11448485e+14
 1.11446964e+14
 1.11448061e+14
 1.11448192e+14
 1.11444348e+14
 1.11449798e+14
 1.11450454e+14
 1.11445081e+14
 1.11447254e+14
 1.11449179e+14
 1.11447988e+14
 1.11445147e+14
 1.11448641e+14
 1.11448148e+14
 1.11446266e+14
 1.11451249e+14
 1.11449962e+14
 1.11447391e+14
 1.11445365e+14
 1.11450686e+14
 1.11453158e+14
 1.11448051e+14
 1.11446935e+14
 1.11444484e+14
 1.11447388e+14
 1.11450782e+14
 1.11449236e+14
 1.11445137e+14
 1.11447041e+14
 1.11445295e+14
 1.11442927e+14
 1.11450495e+14
 1.11448344e+14
 1.11448442e+14
 1.11452295e+14
 1.11450186e+14
 1.11451458e+14
 1.11442573e+14
 1.11437441e+14
 1.11449924e+14
 1.11457942e+14
 1.11448821e+14
 1.11440476e+14
 1.11450097e+14
 1.11452229e+14
 1.11443829e+14
 1.11445130e+14
 1.11447342e+14
 1.11450335e+14
 1.11452618e+14
 1.11447534e+14
 1.11448021e+14
 1.11447055e+14
 1.11441888e+14
 1.11447560e+14
 1.11452204e+14
 1.11446760e+14
 1.11446727e+14
 1.11449162e+14
 1.11450789e+14
 1.11449317e+14
 1.11447837e+14
 1.11445585e+14
 1.11443678e+14
 1.11447223e+14
 1.11449269e+14
 1.11453817e+14
 1.11448987e+14
 1.11442414e+14
 1.11448235e+14
 1.11449315e+14
 1.11451981e+14
 1.11450543e+14
 1.11444479e+14
 1.11444305e+14
 1.11447341e+14
 1.11453368e+14
 1.11448871e+14
 1.11443389e+14
 1.11447034e+14
 1.11451546e+14
 1.11448280e+14
 1.11445917e+14
 1.11446761e+14
 1.11449258e+14
 1.11448665e+14
 1.11443574e+14
 1.11448935e+14
 1.11448369e+14
 1.11445978e+14
 1.11449129e+14
 1.11448607e+14
 1.11452806e+14
 1.11447641e+14
 1.11444379e+14
 1.11450391e+14
 1.11448709e+14
 1.11447051e+14
 1.11447393e+14
 1.11448500e+14
 1.11447733e+14
 1.11448845e+14
 1.11449994e+14
 1.11445136e+14
 1.11446740e+14
 1.11448384e+14
 1.11445608e+14
 1.11446762e+14
 1.11448951e+14
 1.11447464e+14
 1.11447852e+14
 1.11451166e+14
 1.11450041e+14
 1.11446281e+14
 1.11445585e+14
 1.11447514e+14
 1.11448627e+14
 1.11451254e+14
 1.11450691e+14
 1.11443191e+14
 1.11447859e+14
 1.11450103e+14
 1.11447199e+14
 1.11450042e+14
 1.11443906e+14
 1.11443670e+14
 1.11450033e+14
 1.11451118e+14
 1.11449171e+14
 1.11450557e+14
 1.11446693e+14
 1.11444209e+14
 1.11447576e+14
 1.11447785e+14
 1.11445940e+14
 1.11447382e+14
 1.11451860e+14
 1.11449076e+14
 1.11449056e+14
 1.11449748e+14
 1.11446183e+14
 1.11445653e+14
 1.11446618e+14
 1.11447823e+14
 1.11450166e+14
 1.11450315e+14
 1.11447143e+14
 1.11444219e+14
 1.11447860e+14
 1.11450640e+14
 1.11345709e+14
 1.11367461e+14
 1.11448190e+14
 1.11447265e+14
 1.11446779e+14
 1.11449343e+14
 1.11450090e+14
 1.11449561e+14
 1.11447794e+14
 1.11447248e+14
 1.11448658e+14
 1.11447645e+14
 1.11446584e+14
 1.11449357e+14
 1.11471317e+14
 1.11477541e+14
 1.11463218e+14
 1.11456197e+14
 1.11446855e+14
 1.11448559e+14
 1.11448819e+14
 1.11445543e+14
 1.11445963e+14
 1.11451120e+14
 1.11450443e+14
 1.11444149e+14
 1.11446758e+14
 1.11450010e+14
 1.11448857e+14
 1.11447701e+14
 1.11447343e+14
 1.11447660e+14
 1.11447648e+14
 1.11448400e+14
 1.11273634e+14
 1.11461909e+14
 1.11677750e+14
 1.11457656e+14
 1.11448833e+14
 1.11447017e+14
 1.11446625e+14
 1.11447403e+14
 1.11448036e+14
 1.11449008e+14
 1.11449324e+14
 1.11447194e+14
 1.11445724e+14
 1.11447349e+14
 1.11449699e+14
 1.11449673e+14
 1.11446725e+14
 1.11447319e+14
 1.11449539e+14
 1.11446183e+14
 1.11448040e+14
 1.11449821e+14
 1.11446985e+14
 1.11447417e+14
 1.11450172e+14
 1.11449062e+14
 1.11448268e+14
 1.11448529e+14
 1.11445645e+14
 1.11447760e+14
 1.11448837e+14
 1.11447020e+14
 1.11448371e+14
 1.11449776e+14
 1.11445589e+14
 1.11445516e+14
 1.11450366e+14
 1.11450186e+14
 1.11447045e+14
 1.11445585e+14
 1.11450503e+14
 1.11448451e+14
 1.11443200e+14
 1.11448262e+14
 1.11451339e+14
 1.11449766e+14
 1.11448753e+14
 1.11446421e+14
 1.11446035e+14
 1.11449425e+14
 1.11449754e+14
 1.11448414e+14
 1.11445930e+14
 1.11445882e+14
 1.11448506e+14
 1.11450598e+14
 1.11448116e+14
 1.11444125e+14
 1.11448983e+14
 1.11451446e+14
 1.11447173e+14
 1.11447194e+14
 1.11450664e+14
 1.11450758e+14
 1.11447780e+14
 1.11446480e+14
 1.11447691e+14
 1.11448114e+14
 1.11449101e+14
 1.11448047e+14
 1.11446849e+14
 1.11448144e+14
 1.11448566e+14
 1.11448350e+14
 1.11447791e+14
 1.11450186e+14
 1.11448712e+14
 1.11445280e+14
 1.11449028e+14
 1.11448358e+14
 1.11447791e+14
 1.11448470e+14
 1.11449260e+14
 1.11452098e+14
 1.11447555e+14
 1.11444648e+14
 1.11448152e+14
 1.11449190e+14
 1.11446759e+14
 1.11448098e+14
 1.11448875e+14
 1.11449445e+14
 1.11450039e+14
 1.11447369e+14
 1.11448531e+14
 1.11447769e+14
 1.11446511e+14
 1.11449050e+14
 1.11448782e+14
 1.11447307e+14
 1.11447929e+14
 1.11447807e+14
 1.11448160e+14
 1.11449588e+14
 1.11446679e+14
 1.11446593e+14
 1.11451020e+14
 1.11449549e+14
 1.11447119e+14
 1.11445424e+14
 1.11443843e+14
 1.11447966e+14
 1.11451779e+14
 1.11448755e+14
 1.11448176e+14
 1.11447397e+14
 1.11445222e+14
 1.11450677e+14
 1.11448583e+14
 1.11447165e+14
 1.11449752e+14
 1.11451104e+14
 1.11449499e+14
 1.11442765e+14
 1.11448428e+14
 1.11449731e+14
 1.11444279e+14
 1.11447539e+14
 1.11449900e+14
 1.11447260e+14
 1.11444668e+14
 1.11447358e+14
 1.11449104e+14
 1.11446358e+14
 1.11451476e+14
 1.11451610e+14
 1.11446397e+14
 1.11448898e+14
 1.11449748e+14
 1.11446627e+14
 1.11446258e+14
 1.11449479e+14
 1.11448798e+14
 1.11450071e+14
 1.11449356e+14
 1.11446007e+14
 1.11446333e+14
 1.11450808e+14
 1.11448473e+14
 1.11444014e+14
 1.11449546e+14
 1.11450294e+14
 1.11447899e+14
 1.11446669e+14
 1.11445968e+14
 1.11449188e+14
 1.11452039e+14
 1.11449233e+14
 1.11446228e+14
 1.11448332e+14
 1.11449301e+14
 1.11449973e+14
 1.11448940e+14
 1.11446042e+14
 1.11446311e+14
 1.11451201e+14
 1.11449572e+14
 1.11445943e+14
 1.11450398e+14
 1.11449233e+14
 1.11449985e+14
 1.11447668e+14
 1.11445880e+14
 1.11448742e+14
 1.11448243e+14
 1.11451088e+14
 1.11448105e+14
 1.11444747e+14
 1.11446197e+14
 1.11451777e+14
 1.11451614e+14
 1.11445099e+14
 1.11448138e+14
 1.11449549e+14
 1.11448519e+14
 1.11446681e+14
 1.11446919e+14
 1.11452226e+14
 1.11447463e+14
 1.11444761e+14
 1.11449072e+14
 1.11449146e+14
 1.11449367e+14
 1.11447704e+14
 1.11449894e+14
 1.11451310e+14
 1.11445896e+14
 1.11445778e+14
 1.11449818e+14
 1.11450577e+14
 1.11445363e+14
 1.11443885e+14
 1.11448272e+14
 1.11452515e+14
 1.11448019e+14
 1.11445868e+14
 1.11450293e+14
 1.11450774e+14
 1.11451019e+14
 1.11447391e+14
 1.11446539e+14
 1.11447413e+14
 1.11449190e+14
 1.11451439e+14
 1.11448352e+14
 1.11446637e+14
 1.11445625e+14
 1.11446348e+14
 1.11450971e+14
 1.11450113e+14
 1.11449284e+14
 1.11447585e+14
 1.11446674e+14
 1.11447635e+14
 1.11447410e+14
 1.11449652e+14
 1.11449340e+14
 1.11447654e+14
 1.11449285e+14
 1.11449538e+14
 1.11448588e+14
 1.11449374e+14
 1.11447717e+14
 1.11448002e+14
 1.11450818e+14
 1.11447024e+14
 1.11447299e+14
 1.11450070e+14
 1.11445212e+14
 1.11448916e+14
 1.11450050e+14
 1.11447015e+14
 1.11451094e+14
 1.11449470e+14
 1.11445765e+14
 1.11448662e+14
 1.11451046e+14
 1.11451081e+14
 1.11448846e+14
 1.11445888e+14
 1.11447856e+14
 1.11450080e+14
 1.11450648e+14
 1.11446567e+14
 1.11447570e+14
 1.11450106e+14
 1.11448286e+14
 1.11448415e+14
 1.11448554e+14
 1.11449811e+14
 1.11451424e+14
 1.11449414e+14
 1.11446568e+14
 1.11447170e+14
 1.11447734e+14
 1.11448110e+14
 1.11447567e+14
 1.11445738e+14
 1.11446152e+14
 1.11450601e+14
 1.11451375e+14
 1.11449936e+14
 1.11448903e+14
 1.11448081e+14
 1.11446277e+14
 1.11450013e+14
 1.11452168e+14
 1.11450975e+14
 1.11447318e+14
 1.11448006e+14
 1.11447390e+14
 1.11445576e+14
 1.11449878e+14
 1.11449467e+14
 1.11449369e+14
 1.11448717e+14
 1.11448285e+14
 1.11449869e+14
 1.11449666e+14
 1.11446588e+14
 1.11447619e+14
 1.11450330e+14
 1.11448172e+14
 1.11448535e+14
 1.11447813e+14
 1.11446584e+14
 1.11448251e+14
 1.11449309e+14
 1.11449704e+14
 1.11447832e+14
 1.11449047e+14
 1.11445360e+14
 1.11447180e+14
 1.11448541e+14
 1.11443922e+14
 1.11445768e+14
 1.11450585e+14
 1.11451932e+14
 1.11449924e+14
 1.11451590e+14
 1.11446265e+14
 1.11448268e+14
 1.11451456e+14
 1.11447363e+14
 1.11445117e+14
 1.11445245e+14
 1.11451820e+14
 1.11449887e+14
 1.11449623e+14
 1.11448324e+14
 1.11448397e+14
 1.11449438e+14
 1.11445328e+14
 1.11447572e+14
 1.11451115e+14
 1.11447288e+14
 1.11446616e+14
 1.11449544e+14
 1.11448700e+14
 1.11449938e+14
 1.11446866e+14
 1.11445108e+14
 1.11448133e+14
 1.11449659e+14
 1.11450065e+14
 1.11448874e+14
 1.11449517e+14
 1.11446127e+14
 1.11446246e+14
 1.11451515e+14
 1.11448474e+14
 1.11446066e+14
 1.11451498e+14
 1.11452211e+14
 1.11446149e+14
 1.11445966e+14
 1.11443725e+14
 1.11447713e+14
 1.11453065e+14
 1.11450443e+14
 1.11446015e+14
 1.11445650e+14
 1.11446666e+14
 1.11446898e+14
 1.11446837e+14
 1.11450071e+14
 1.11447889e+14
 1.11442854e+14
 1.11447615e+14
 1.11449627e+14
 1.11449848e+14
 1.11445630e+14
 1.11447293e+14
 1.11449802e+14
 1.11451539e+14
 1.11449284e+14
 1.11444799e+14
 1.11446014e+14
 1.11450426e+14
 1.11450859e+14
 1.11446908e+14
 1.11449436e+14
 1.11446033e+14
 1.11446332e+14
 1.11448339e+14
 1.11448418e+14
 1.11449684e+14
 1.11445021e+14
 1.11445424e+14
 1.11447960e+14
 1.11447504e+14
 1.11448356e+14
 1.11445753e+14
 1.11448012e+14
 1.11451344e+14
 1.11448624e+14
 1.11448216e+14
 1.11447033e+14
 1.11449005e+14
 1.11451336e+14
 1.11446848e+14
 1.11447868e+14
 1.11451464e+14
 1.11445753e+14
 1.11443781e+14
 1.11450053e+14
 1.11450188e+14
 1.11446204e+14
 1.11446105e+14
 1.11448378e+14
 1.11446510e+14
 1.11445974e+14
 1.11448063e+14
 1.11450035e+14
 1.11450614e+14
 1.11447509e+14
 1.11446410e+14
 1.11447624e+14
 1.11444457e+14
 1.11445731e+14
 1.11446140e+14
 1.11447678e+14
 1.11450277e+14
 1.11448180e+14
 1.11449064e+14
 1.11450269e+14
 1.11448884e+14
 1.11445059e+14
 1.11446458e+14
 1.11448685e+14
 1.11446090e+14
 1.11447441e+14
 1.11448438e+14
 1.11449473e+14
 1.11449581e+14
 1.11448038e+14
 1.11445715e+14
 1.11446467e+14
 1.11448293e+14
 1.11448796e+14
 1.11451078e+14
 1.11447262e+14
 1.11443805e+14
 1.11448590e+14
 1.11450541e+14
 1.11447541e+14
 1.11448545e+14
 1.11449318e+14
 1.11450395e+14
 1.11450729e+14
 1.11446207e+14
 1.11446229e+14
 1.11450151e+14
 1.11446318e+14
 1.11447318e+14
 1.11449753e+14
 1.11445137e+14
 1.11446514e+14
 1.11445888e+14
 1.11448239e+14
 1.11452139e+14
 1.11446759e+14
 1.11443817e+14
 1.11444197e+14
 1.11449279e+14
 1.11450543e+14
 1.11447348e+14
 1.11447612e+14
 1.11451067e+14
 1.11449446e+14
 1.11447514e+14
 1.11448329e+14
 1.11445519e+14
 1.11446892e+14
 1.11447692e+14
 1.11443806e+14
 1.11447751e+14
 1.11447119e+14
 1.11444153e+14
 1.11448862e+14
 1.11448676e+14
 1.11448203e+14
 1.11447443e+14
 1.11442838e+14
 1.11443356e+14
 1.11444094e+14
 1.11437973e+14
 1.11444019e+14
 1.11447107e+14
 1.11442482e+14
 1.11445786e+14
 1.11450838e+14
 1.11450682e+14
 1.11452132e+14
 1.11451576e+14
 1.11444649e+14
 1.11447471e+14
 1.11448117e+14
 1.11447606e+14
 1.11451727e+14
 1.11447660e+14
 1.11445168e+14
 1.11451871e+14
 1.11451604e+14
 1.11443830e+14
 1.11445148e+14
 1.11449436e+14
 1.11456151e+14
 1.11448313e+14
 1.11447725e+14
 1.11454678e+14
 1.11436301e+14
 1.11442331e+14
 1.11451101e+14
 1.11444565e+14
 1.11448951e+14
 1.11452061e+14
 1.11452323e+14
 1.11449852e+14
 1.11450349e+14
 1.11449435e+14
 1.11449787e+14
 1.11451592e+14
 1.11447966e+14
 1.11450966e+14
 1.11454385e+14
 1.11452478e+14
 1.11448586e+14
 1.11451420e+14
 1.11448533e+14
 1.11443882e+14
 1.11448966e+14
 1.11447612e+14
 1.11444117e+14
 1.11447559e+14
 1.11448011e+14
 1.11447134e+14
 1.11452744e+14
 1.11453760e+14
 1.11450960e+14
 1.11448159e+14
 1.11451746e+14
 1.11450701e+14
 1.11451552e+14
 1.11451825e+14
 1.11443368e+14
 1.11446067e+14
 1.11448924e+14
 1.11447568e+14
 1.11449092e+14
 1.11448974e+14
 1.11450428e+14
 1.11452501e+14
 1.11449296e+14
 1.11447451e+14
 1.11446940e+14
 1.11451609e+14
 1.11453193e+14
 1.11453389e+14
 1.11455091e+14
 1.11452904e+14
 1.11451565e+14
 1.11448896e+14
 1.11448559e+14
 1.11452189e+14
 1.11450150e+14
 1.11446160e+14
 1.11449339e+14
 1.11452687e+14
 1.11449277e+14
 1.11445546e+14
 1.11448901e+14
 1.11454608e+14
 1.11449837e+14
 1.11449126e+14
 1.11450180e+14
 1.11445083e+14
 1.11449518e+14
 1.11448724e+14
 1.11448403e+14
 1.11451499e+14
 1.11449140e+14
 1.11448911e+14
 1.11448981e+14
 1.11450973e+14
 1.11449429e+14
 1.11447863e+14
 1.11446926e+14
 1.11446796e+14
 1.11446370e+14
 1.11444670e+14
 1.11450135e+14
 1.11454423e+14
 1.11450913e+14
 1.11446919e+14
 1.11451987e+14
 1.11455853e+14
 1.11445810e+14
 1.11443998e+14
 1.11453309e+14
 1.11451060e+14
 1.11448174e+14
 1.11447904e+14
 1.11446096e+14
 1.11452781e+14
 1.11456229e+14
 1.11449374e+14
 1.11446999e+14
 1.11450776e+14
 1.11452577e+14
 1.11445447e+14
 1.11446035e+14
 1.11452980e+14
 1.11454579e+14
 1.11447703e+14
 1.11446758e+14
 1.11449737e+14
 1.11441654e+14
 1.11447451e+14
 1.11446732e+14
 1.11440555e+14
 1.11452617e+14
 1.11456543e+14
 1.11449138e+14
 1.11449586e+14
 1.11451321e+14
 1.11447936e+14
 1.11453498e+14
 1.11453545e+14
 1.11446072e+14
 1.11453455e+14
 1.11450981e+14
 1.11442010e+14
 1.11445913e+14
 1.11451090e+14
 1.11451972e+14
 1.11449039e+14
 1.11449316e+14
 1.11448485e+14
 1.11452628e+14
 1.11449088e+14
 1.11442154e+14
 1.11443241e+14
 1.11447797e+14
 1.11449955e+14
 1.11442801e+14
 1.11444214e+14
 1.11451263e+14
 1.11449967e+14
 1.11448014e+14
 1.11446267e+14
 1.11445514e+14
 1.11450491e+14
 1.11450902e+14
 1.11450178e+14
 1.11445026e+14
 1.11442848e+14
 1.11449051e+14
 1.11453151e+14
 1.11448596e+14
 1.11446700e+14
 1.11456032e+14
 1.11455043e+14
 1.11445193e+14
 1.11441078e+14
 1.11443773e+14
 1.11446631e+14
 1.11448017e+14
 1.11449350e+14
 1.11449269e+14
 1.11449349e+14
 1.11446900e+14
 1.11435553e+14
 1.11436744e+14
 1.11450514e+14
 1.11451309e+14
 1.11447899e+14
 1.11446738e+14
 1.11443933e+14
 1.11447463e+14
 1.11455318e+14
 1.11453365e+14
 1.11453388e+14
 1.11448233e+14
 1.11441013e+14
 1.11448997e+14
 1.11448852e+14
 1.11453896e+14
 1.11456565e+14
 1.11444441e+14
 1.11446447e+14
 1.11455540e+14
 1.11457016e+14
 1.11449227e+14
 1.11448534e+14
 1.11454297e+14
 1.11449306e+14
 1.11449662e+14
 1.11453509e+14
 1.11452651e+14
 1.11454174e+14
 1.11453183e+14
 1.11449790e+14
 1.11446013e+14
 1.11441608e+14
 1.11445810e+14
 1.11444140e+14
 1.11441320e+14
 1.11451681e+14
 1.11451212e+14
 1.11444459e+14
 1.11446265e+14
 1.11451490e+14
 1.11457750e+14
 1.11455351e+14
 1.11443817e+14
 1.11443840e+14
 1.11449301e+14
 1.11447819e+14
 1.11446590e+14
 1.11448586e+14
 1.11448648e+14
 1.11448005e+14
 1.11448946e+14
 1.11444800e+14
 1.11449391e+14
 1.11452837e+14
 1.11445798e+14
 1.11450145e+14
 1.11451017e+14
 1.11447871e+14
 1.11447227e+14
 1.11450324e+14
 1.11452093e+14
 1.11444475e+14
 1.11436059e+14
 1.11447004e+14
 1.11448729e+14
 1.11443272e+14
 1.11452908e+14
 1.11454649e+14
 1.11454421e+14
 1.11450361e+14
 1.11446385e+14
 1.11450229e+14
 1.11451759e+14
 1.11448307e+14
 1.11443188e+14
 1.11447516e+14
 1.11452694e+14
 1.11449979e+14
 1.11447705e+14
 1.11450158e+14
 1.11450725e+14
 1.11443014e+14
 1.11442720e+14
 1.11452123e+14
 1.11453056e+14
 1.11449103e+14
 1.11447315e+14
 1.11446687e+14
 1.11451782e+14
 1.11454657e+14
 1.11453517e+14
 1.11447361e+14
 1.11445708e+14
 1.11449057e+14
 1.11446419e+14
 1.11449037e+14
 1.11454534e+14
 1.11447641e+14
 1.11443525e+14
 1.11447439e+14
 1.11448822e+14
 1.11447146e+14
 1.11446160e+14
 1.11448506e+14
 1.11453317e+14
 1.11447304e+14
 1.11446737e+14
 1.11449748e+14
 1.11447336e+14
 1.11449759e+14
 1.11446309e+14
 1.11450651e+14
 1.11453700e+14
 1.11447209e+14
 1.11448289e+14
 1.11446621e+14
 1.11450117e+14
 1.11451764e+14
 1.11447231e+14
 1.11451011e+14
 1.11449014e+14
 1.11447450e+14
 1.11445038e+14
 1.11449836e+14
 1.11454287e+14
 1.11450316e+14
 1.11448857e+14
 1.11445651e+14
 1.11445853e+14
 1.11447337e+14
 1.11447543e+14
 1.11446172e+14
 1.11444407e+14
 1.11444937e+14
 1.11448961e+14
 1.11449590e+14
 1.11448655e+14
 1.11440218e+14
 1.11445853e+14
 1.11452779e+14
 1.11440583e+14
 1.11448064e+14
 1.11447818e+14
 1.11447324e+14
 1.11451456e+14
 1.11443535e+14
 1.11443140e+14
 1.11443804e+14
 1.11445413e+14
 1.11445954e+14
 1.11447770e+14
 1.11450992e+14
 1.11450277e+14
 1.11448143e+14
 1.11451755e+14
 1.11451302e+14
 1.11446151e+14
 1.11447228e+14
 1.11444813e+14
 1.11446910e+14
 1.11449820e+14
 1.11449957e+14
 1.11450218e+14
 1.11453152e+14
 1.11451155e+14
 1.11448239e+14
 1.11448163e+14
 1.11451636e+14
 1.11453519e+14
 1.11446272e+14
 1.11445872e+14
 1.11448586e+14
 1.11448227e+14
 1.11441511e+14
 1.11444141e+14
 1.11446662e+14
 1.11449916e+14
 1.11449975e+14
 1.11443149e+14
 1.11444981e+14
 1.11446225e+14
 1.11447498e+14
 1.11447630e+14
 1.11448960e+14
 1.11451484e+14
 1.11451491e+14
 1.11449961e+14
 1.11449461e+14
 1.11451583e+14
 1.11449841e+14
 1.11446057e+14
 1.11445977e+14
 1.11447226e+14
 1.11446209e+14
 1.11438472e+14
 1.11441461e+14
 1.11445307e+14
 1.11446030e+14
 1.11442255e+14
 1.11443683e+14
 1.11450382e+14
 1.11450449e+14
 1.11451575e+14
 1.11449345e+14
 1.11453580e+14
 1.11451479e+14
 1.11445378e+14
 1.11446721e+14
 1.11446750e+14
 1.11449167e+14
 1.11445962e+14
 1.11443983e+14
 1.11447150e+14
 1.11446758e+14
 1.11451584e+14
 1.11450034e+14
 1.11446950e+14
 1.11447143e+14
 1.11448419e+14
 1.11448387e+14
 1.11446244e+14
 1.11449831e+14
 1.11450480e+14
 1.11450447e+14
 1.11451856e+14
 1.11448499e+14
 1.11452368e+14
 1.11449980e+14
 1.11446672e+14
 1.11454767e+14
 1.11455414e+14
 1.11448534e+14
 1.11447889e+14
 1.11449953e+14
 1.11455348e+14
 1.11455397e+14
 1.11446116e+14
 1.11445630e+14
 1.11445297e+14
 1.11447264e+14
 1.11445179e+14
 1.11440258e+14
 1.11443814e+14
 1.11444732e+14
 1.11453596e+14
 1.11451550e+14
 1.11446862e+14
 1.11447728e+14
 1.11443073e+14
 1.11445466e+14
 1.11444983e+14
 1.11443633e+14
 1.11447722e+14
 1.11448751e+14
 1.11447006e+14
 1.11449111e+14
 1.11451454e+14
 1.11447525e+14
 1.11446845e+14
 1.11453042e+14
 1.11449007e+14
 1.11447289e+14
 1.11448181e+14
 1.11447575e+14
 1.11449915e+14
 1.11448604e+14
 1.11444642e+14
 1.11444420e+14
 1.11441552e+14
 1.11443416e+14
 1.11449918e+14
 1.11448750e+14
 1.11445243e+14
 1.11448125e+14
 1.11446647e+14
 1.11445292e+14
 1.11450390e+14
 1.11444056e+14
 1.11443916e+14
 1.11452526e+14
 1.11450371e+14
 1.11448825e+14
 1.11445395e+14
 1.11447594e+14
 1.11449978e+14
 1.11448844e+14
 1.11452273e+14
 1.11450987e+14
 1.11449311e+14
 1.11450462e+14
 1.11449966e+14
 1.11449647e+14
 1.11446880e+14
 1.11444255e+14
 1.11446291e+14
 1.11445302e+14
 1.11448771e+14
 1.11445589e+14
 1.11443850e+14
 1.11448511e+14
 1.11449631e+14
 1.11453551e+14
 1.11451105e+14
 1.11449284e+14
 1.11454733e+14
 1.11453901e+14
 1.11452901e+14
 1.11451735e+14
 1.11452206e+14
 1.11455878e+14
 1.11450187e+14
 1.11446747e+14
 1.11447502e+14
 1.11445357e+14
 1.11445751e+14
 1.11448100e+14
 1.11447590e+14
 1.11447390e+14
 1.11449086e+14
 1.11444986e+14
 1.11447000e+14
 1.11452158e+14
 1.11447741e+14
 1.11441832e+14
 1.11442703e+14
 1.11446300e+14
 1.11444863e+14
 1.11450096e+14
 1.11452241e+14
 1.11449278e+14
 1.11450465e+14
 1.11450793e+14
 1.11448401e+14
 1.11449091e+14
 1.11451224e+14
 1.11450812e+14
 1.11448073e+14
 1.11446335e+14
 1.11449939e+14
 1.11450170e+14
 1.11448804e+14
 1.11450188e+14
 1.11452692e+14
 1.11446377e+14
 1.11446170e+14
 1.11453494e+14
 1.11451363e+14
 1.11449933e+14
 1.11451163e+14
 1.11449491e+14
 1.11452182e+14
 1.11449376e+14
 1.11447836e+14
 1.11447296e+14
 1.11445833e+14
 1.11454552e+14
 1.11451018e+14
 1.11447539e+14
 1.11446818e+14
 1.11444740e+14
 1.11452488e+14
 1.11452303e+14
 1.11442166e+14
 1.11443502e+14
 1.11449488e+14
 1.11448099e+14
 1.11444599e+14
 1.11441061e+14
 1.11446569e+14
 1.11446611e+14
 1.11443251e+14
 1.11451035e+14
 1.11454167e+14
 1.11452846e+14
 1.11449654e+14
 1.11448612e+14
 1.11451869e+14
 1.11454288e+14
 1.11450841e+14
 1.11445826e+14
 1.11449019e+14
 1.11444627e+14
 1.11443214e+14
 1.11447031e+14
 1.11454199e+14
 1.11449729e+14
 1.11439677e+14
 1.11443434e+14
 1.11442685e+14
 1.11445234e+14
 1.11446444e+14
 1.11447893e+14
 1.11447588e+14
 1.11444888e+14
 1.11452204e+14
 1.11450265e+14
 1.11444967e+14
 1.11441125e+14
 1.11440934e+14
 1.11450122e+14
 1.11448657e+14
 1.11446585e+14
 1.11449604e+14
 1.11448195e+14
 1.11448862e+14
 1.11447757e+14
 1.11446599e+14
 1.11456129e+14
 1.11456891e+14
 1.11450674e+14
 1.11452971e+14
 1.11451709e+14
 1.11450076e+14
 1.11455055e+14
 1.11454886e+14
 1.11446970e+14
 1.11447794e+14
 1.11443681e+14
 1.11444619e+14
 1.11448446e+14
 1.11445033e+14
 1.11447662e+14
 1.11448213e+14
 1.11448474e+14
 1.11444136e+14
 1.11450839e+14
 1.11450740e+14
 1.11448967e+14
 1.11452912e+14
 1.11446875e+14
 1.11447176e+14
 1.11444252e+14
 1.11440406e+14
 1.11445064e+14
 1.11447459e+14
 1.11445123e+14
 1.11442113e+14
 1.11442198e+14
 1.11448154e+14
 1.11448729e+14
 1.11448074e+14
 1.11442973e+14
 1.11443055e+14
 1.11447702e+14
 1.11443353e+14
 1.11447865e+14
 1.11449657e+14
 1.11448866e+14
 1.11449343e+14
 1.11450388e+14
 1.11452422e+14
 1.11442791e+14
 1.11450411e+14
 1.11457114e+14
 1.11450704e+14
 1.11453502e+14
 1.11449603e+14
 1.11451030e+14
 1.11455622e+14
 1.11460539e+14
 1.11450291e+14
 1.11442863e+14
 1.11452076e+14
 1.11451777e+14
 1.11449048e+14
 1.11450808e+14
 1.11451890e+14
 1.11448309e+14
 1.11452457e+14
 1.11453062e+14
 1.11448386e+14
 1.11446927e+14
 1.11445447e+14
 1.11446630e+14
 1.11443909e+14
 1.11442705e+14
 1.11441538e+14
 1.11441362e+14
 1.11443784e+14
 1.11449305e+14
 1.11447198e+14
 1.11447712e+14
 1.11449367e+14
 1.11442293e+14
 1.11440091e+14
 1.11449372e+14
 1.11446885e+14
 1.11434232e+14
 1.11441491e+14
 1.11446217e+14
 1.11444291e+14
 1.11443078e+14
 1.11450630e+14
 1.11454367e+14
 1.11452186e+14
 1.11449490e+14
 1.11451067e+14
 1.11455639e+14
 1.11454375e+14
 1.11452557e+14
 1.11452674e+14
 1.11448323e+14
 1.11445613e+14
 1.11454070e+14
 1.11449545e+14
 1.11445932e+14
 1.11451423e+14
 1.11453493e+14
 1.11450661e+14
 1.11449511e+14
 1.11447354e+14
 1.11447986e+14
 1.11450137e+14
 1.11446419e+14
 1.11449971e+14
 1.11450316e+14
 1.11446525e+14
 1.11448388e+14
 1.11452199e+14
 1.11452747e+14
 1.11452196e+14
 1.11446430e+14
 1.11446825e+14
 1.11452504e+14
 1.11454547e+14
 1.11452284e+14
 1.11450542e+14
 1.11448550e+14
 1.11450403e+14
 1.11457341e+14
 1.11449300e+14
 1.11440939e+14
 1.11444109e+14
 1.11448212e+14
 1.11449664e+14
 1.11441851e+14
 1.11439254e+14
 1.11449191e+14
 1.11451141e+14
 1.11447605e+14
 1.11442515e+14
 1.11440846e+14
 1.11440078e+14
 1.11444417e+14
 1.11447017e+14
 1.11445679e+14
