0.000115741
0.000347222
0.000578704
0.000810185
0.001041667
0.001273148
0.001504630
0.001736111
0.001967593
0.002199074
0.002430556
0.002662037
0.002893519
0.003125000
0.003356481
0.003587963
0.003819444
0.004050926
0.004282407
0.004513889
0.004745370
0.004976852
0.005208333
0.005439815
0.005671296
0.005902778
0.006134259
0.006377315
0.006608796
0.006840278
0.007071759
0.007303241
0.007534722
0.007766204
0.007997685
0.008229167
0.008460648
0.008692130
0.008923611
0.009155093
0.009386574
0.009618056
0.009849537
0.010081019
0.010312500
0.010543981
0.010775463
0.011006944
0.011238426
0.011469907
0.011701389
0.011932870
0.012164352
0.012395833
0.012627315
0.012858796
0.013090278
0.013321759
0.013553241
0.013784722
0.014016204
0.014247685
0.014479167
0.014710648
0.014942130
0.015173611
0.015405093
0.015636574
0.015868056
0.016099537
0.016331019
0.016562500
0.016793981
0.017025463
0.017256944
0.017488426
0.017719907
0.017951389
0.018182870
0.018414352
0.018645833
0.018877315
0.019120370
0.019351852
0.019583333
0.019814815
0.020046296
0.020277778
0.020509259
0.020740741
0.020972222
0.021203704
0.021435185
0.021666667
0.021898148
0.022129630
0.022361111
0.022592593
0.022824074
0.023055556
0.023287037
0.023518519
0.023750000
0.023981481
0.024212963
0.024444444
0.024675926
0.024907407
0.025138889
0.025370370
0.025601852
0.025833333
0.026064815
0.026296296
0.026527778
0.026759259
0.026990741
0.027222222
0.027453704
0.027685185
0.027916667
0.028148148
0.028379630
0.028611111
0.028842593
0.029074074
0.029305556
0.029537037
0.029768519
0.030000000
0.030231481
0.030462963
0.030694444
0.030925926
0.031168981
0.031400463
0.031631944
0.031863426
0.032094907
0.032326389
0.032557870
0.032789352
0.033020833
0.033252315
0.033483796
0.033715278
0.033946759
0.034178241
0.034409722
0.034641204
0.034872685
0.035104167
0.035335648
0.035567130
0.035798611
0.036030093
0.036261574
0.036493056
0.036724537
0.036956019
0.037187500
0.037418981
0.037650463
0.037881944
0.038113426
0.038344907
0.038576389
0.038807870
0.039039352
0.039270833
0.039502315
0.039733796
0.039965278
0.040208333
0.040439815
0.040671296
0.040902778
0.041134259
0.041365741
0.041597222
0.041828704
0.042060185
0.042291667
0.042523148
0.042754630
0.042986111
0.043217593
0.043449074
0.043680556
0.043912037
0.044143519
0.044375000
0.044606481
0.044837963
0.045069444
0.045300926
0.045532407
0.045763889
0.045995370
0.046226852
0.046458333
0.046689815
0.046921296
0.047152778
0.047384259
0.047615741
0.047847222
0.048078704
0.048310185
0.048541667
0.048773148
0.049004630
0.049236111
0.049467593
0.049699074
0.049930556
0.050162037
0.050393519
0.050625000
0.050856481
0.051087963
0.051319444
0.051562500
0.051793981
0.052025463
0.052256944
0.052488426
0.052719907
0.052951389
0.053182870
0.053414352
0.053645833
0.053877315
0.054108796
0.054340278
0.054571759
0.054803241
0.055034722
0.055266204
0.055497685
0.055729167
0.055960648
0.056192130
0.056423611
0.056655093
0.056886574
0.057118056
0.057349537
0.057581019
0.057812500
0.058043981
0.058275463
0.058506944
0.058738426
0.058969907
0.059201389
0.059432870
0.059664352
0.059895833
0.060127315
0.060358796
0.060590278
0.060821759
0.061053241
0.061284722
0.061516204
0.061759259
0.061990741
0.062222222
0.062453704
0.062685185
0.062916667
0.063148148
0.063379630
0.063611111
0.063842593
0.064074074
0.064305556
0.064537037
0.064768519
0.065000000
0.065231481
0.065462963
0.065694444
0.065925926
0.066157407
0.066388889
0.066620370
0.066851852
0.067083333
0.067314815
0.067546296
0.067777778
0.068009259
0.068240741
0.068472222
0.068703704
0.068935185
0.069166667
0.069398148
0.069629630
0.069861111
0.070092593
0.070324074
0.070555556
0.070787037
0.071018519
0.071250000
0.071481481
0.071712963
0.071944444
0.072175926
0.072407407
0.072638889
0.072870370
0.073101852
0.073333333
0.073564815
0.073796296
0.074027778
0.074270833
0.074502315
0.074733796
0.074965278
0.075196759
0.075428241
0.075659722
0.075891204
0.076122685
0.076354167
0.076585648
0.076817130
0.077048611
0.077280093
0.077511574
0.077743056
0.077974537
0.078206019
0.078437500
0.078668981
0.078900463
0.079131944
0.079363426
0.079594907
0.079826389
0.080057870
0.080289352
0.080520833
0.080752315
0.080983796
0.081215278
0.081446759
0.081678241
0.081909722
0.082141204
0.082372685
0.082604167
0.082835648
0.083067130
0.083298611
0.083530093
0.083761574
0.083993056
0.084224537
0.084456019
0.084687500
0.084918981
0.085150463
0.085381944
0.085613426
0.085844907
0.086076389
0.086307870
0.086539352
0.086770833
0.087013889
0.087245370
0.087476852
0.087708333
0.087939815
0.088171296
0.088402778
0.088634259
0.088865741
0.089097222
0.089328704
0.089560185
0.089791667
0.090023148
0.090254630
0.090486111
0.090717593
0.090949074
0.091180556
0.091412037
0.091643519
0.091875000
0.092106481
0.092337963
0.092569444
0.092800926
0.093032407
0.093263889
0.093495370
0.093726852
0.093958333
0.094189815
0.094421296
0.094652778
0.094884259
0.095115741
0.095347222
0.095578704
0.095810185
0.096041667
0.096273148
0.096504630
0.096736111
0.096967593
0.097199074
0.097430556
0.097662037
0.097893519
0.098125000
0.098356481
0.098587963
0.098819444
0.099050926
0.099293981
0.099525463
0.099756944
0.099988426
0.100219907
0.100451389
0.100682870
0.100914352
0.101145833
0.101377315
0.101608796
0.101840278
0.102071759
0.102303241
0.102534722
0.102766204
0.102997685
0.103229167
0.103460648
0.103692130
0.103923611
0.104155093
0.104386574
0.104618056
0.104849537
0.105081019
0.105312500
0.105543981
0.105775463
0.106006944
0.106238426
0.106469907
0.106701389
0.106932870
0.107164352
0.107395833
0.107627315
0.107858796
0.108090278
0.108321759
0.108553241
0.108784722
0.109016204
0.109247685
0.109479167
0.109710648
0.109942130
0.110173611
0.110405093
0.110636574
0.110868056
0.111099537
0.111342593
0.111574074
0.111805556
0.112037037
0.112268519
0.112500000
0.112731481
0.112962963
0.113194444
0.113425926
0.113657407
0.113888889
0.114120370
0.114351852
0.114583333
0.114814815
0.115046296
0.115277778
0.115509259
0.115740741
0.115972222
0.116203704
0.116435185
0.116666667
0.116898148
0.117129630
0.117361111
0.117592593
0.117824074
0.118055556
0.118287037
0.118518519
0.118750000
0.118981481
0.119212963
0.119444444
0.119675926
0.119907407
0.120138889
0.120381944
0.120613426
0.120844907
0.121076389
0.121307870
0.121539352
0.121770833
0.122002315
0.122233796
0.122465278
0.122696759
0.122928241
0.123159722
0.123391204
0.123622685
0.123854167
0.124085648
0.124317130
0.124548611
0.124780093
0.125011574
0.125243056
0.125474537
0.125706019
0.125937500
0.126168981
0.126400463
0.126631944
0.126863426
0.127094907
0.127326389
0.127557870
0.127789352
0.128020833
0.128252315
0.128483796
0.128715278
0.128946759
0.129178241
0.129409722
0.129641204
0.129872685
0.130104167
0.130335648
0.130567130
0.130798611
0.131030093
0.131261574
0.131493056
0.131724537
0.131956019
0.132187500
0.132418981
0.132650463
0.132893519
0.133125000
0.133356481
0.133587963
0.133819444
0.134050926
0.134282407
0.134513889
0.134745370
0.134976852
0.135208333
0.135439815
0.135671296
0.135902778
0.136134259
0.136365741
0.136597222
0.136828704
0.137060185
0.137291667
0.137523148
0.137754630
0.137986111
0.138217593
0.138449074
0.138680556
0.138912037
0.139143519
0.139375000
0.139606481
0.139837963
0.140069444
0.140300926
0.140532407
0.140763889
0.140995370
0.141226852
0.141458333
0.141689815
0.141921296
0.142152778
0.142384259
0.142627315
0.142858796
0.143090278
0.143321759
0.143553241
0.143784722
0.144016204
0.144247685
0.144479167
0.144710648
0.144942130
0.145173611
0.145405093
0.145636574
0.145868056
0.146099537
0.146331019
0.146562500
0.146793981
0.147025463
0.147256944
0.147488426
0.147719907
0.147951389
0.148182870
0.148414352
0.148645833
0.148877315
0.149108796
0.149340278
0.149571759
0.149803241
0.150034722
0.150266204
0.150497685
0.150729167
0.150960648
0.151192130
0.151423611
0.151655093
0.151886574
0.152118056
0.152349537
0.152581019
0.152812500
0.153043981
0.153275463
0.153506944
0.153738426
0.153969907
0.154201389
0.154432870
0.154664352
0.154895833
0.155127315
0.155358796
0.155590278
0.155821759
0.156064815
0.156296296
0.156527778
0.156759259
0.156990741
0.157222222
0.157453704
0.157685185
0.157916667
0.158148148
0.158379630
0.158611111
0.158842593
0.159074074
0.159305556
0.159537037
0.159768519
0.160000000
0.160231481
0.160462963
0.160694444
0.160925926
0.161157407
0.161388889
0.161620370
0.161851852
0.162083333
0.162314815
0.162546296
0.162777778
0.163009259
0.163240741
0.163472222
0.163703704
0.163935185
0.164166667
0.164398148
0.164629630
0.164861111
0.165092593
0.165324074
0.165555556
0.165787037
0.166018519
0.166250000
0.166481481
0.166724537
0.166956019
0.167187500
0.167418981
0.167650463
0.167881944
0.168113426
0.168344907
0.168576389
0.168807870
0.169039352
0.169270833
0.169502315
0.169733796
0.169965278
0.170196759
0.170428241
0.170659722
0.170891204
0.171122685
0.171354167
0.171585648
0.171817130
0.172048611
0.172280093
0.172511574
0.172743056
0.172974537
0.173206019
0.173437500
0.173668981
0.173900463
0.174131944
0.174363426
0.174594907
0.174826389
0.175057870
0.175289352
0.175520833
0.175752315
0.175983796
0.176215278
0.176446759
0.176678241
0.176909722
0.177141204
0.177372685
0.177604167
0.177835648
0.178067130
0.178298611
0.178530093
0.178761574
0.179004630
0.179236111
0.179467593
0.179699074
0.179930556
0.180162037
0.180393519
0.180625000
0.180856481
0.181087963
0.181319444
0.181550926
0.181782407
0.182013889
0.182245370
0.182476852
0.182708333
0.182939815
0.183171296
0.183402778
0.183634259
0.183865741
0.184097222
0.184328704
0.184560185
0.184791667
0.185023148
0.185254630
0.185486111
0.185717593
0.185949074
0.186180556
0.186412037
0.186643519
0.186875000
0.187106481
0.187337963
0.187569444
0.187800926
0.188032407
0.188263889
0.188495370
0.188726852
0.188958333
0.189189815
0.189432870
0.189664352
0.189895833
0.190127315
0.190358796
0.190590278
0.190821759
0.191053241
0.191284722
0.191516204
0.191747685
0.191979167
0.192210648
0.192442130
0.192673611
0.192905093
0.193136574
0.193368056
0.193599537
0.193831019
0.194062500
0.194293981
0.194525463
0.194756944
0.194988426
0.195219907
0.195451389
0.195682870
0.195914352
0.196145833
0.196377315
0.196608796
0.196840278
0.197071759
0.197303241
0.197534722
0.197766204
0.197997685
0.198229167
0.198460648
0.198692130
0.198923611
0.199155093
0.199386574
0.199618056
0.199849537
0.200081019
0.200312500
0.200543981
0.200775463
0.201006944
0.201250000
0.201481481
0.201712963
0.201944444
0.202175926
0.202407407
0.202638889
0.202870370
0.203101852
0.203333333
0.203564815
0.203796296
0.204027778
0.204259259
0.204490741
0.204722222
0.204953704
0.205185185
0.205416667
0.205648148
0.205879630
0.206111111
0.206342593
0.206574074
0.206805556
0.207037037
0.207268519
0.207500000
0.207731481
0.207962963
0.208194444
0.208425926
0.208657407
0.208888889
0.209120370
0.209351852
0.209583333
0.209814815
0.210046296
0.210277778
0.210509259
0.210740741
0.210972222
0.211203704
0.211435185
0.211666667
0.211898148
0.212129630
0.212361111
0.212592593
0.212824074
0.213055556
0.213287037
0.213518519
0.213750000
0.213981481
0.214212963
0.214444444
0.214675926
0.214918981
0.215150463
0.215381944
0.215613426
0.215844907
0.216076389
0.216307870
0.216539352
0.216770833
0.217002315
0.217233796
0.217465278
0.217696759
0.217928241
0.218159722
0.218391204
0.218622685
0.218854167
0.219085648
0.219317130
0.219548611
0.219780093
0.220011574
0.220243056
0.220474537
0.220706019
0.220937500
0.221168981
0.221400463
0.221631944
0.221863426
0.222094907
0.222326389
0.222557870
0.222789352
0.223020833
0.223252315
0.223483796
0.223715278
0.223946759
0.224178241
0.224409722
0.224641204
0.224872685
0.225104167
0.225335648
0.225567130
0.225798611
0.226030093
0.226261574
0.226493056
0.226724537
0.226967593
0.227199074
0.227430556
0.227662037
0.227893519
0.228125000
0.228356481
0.228587963
0.228819444
0.229050926
0.229282407
0.229513889
0.229745370
0.229976852
0.230208333
0.230439815
0.230671296
0.230902778
0.231134259
0.231365741
0.231597222
0.231828704
0.232060185
0.232291667
0.232523148
0.232754630
0.232986111
0.233217593
0.233449074
0.233680556
0.233912037
0.234143519
0.234375000
0.234606481
0.234837963
0.235069444
0.235300926
0.235532407
0.235763889
0.235995370
0.236226852
0.236458333
0.236689815
0.236921296
0.237152778
0.237384259
0.237615741
0.237847222
0.238078704
0.238310185
0.238541667
0.238773148
0.239004630
0.239236111
0.239467593
0.239699074
0.239930556
0.240162037
0.240393519
0.240625000
0.240856481
0.241099537
0.241331019
0.241562500
0.241793981
0.242025463
0.242256944
0.242488426
0.242719907
0.242951389
0.243182870
0.243414352
0.243645833
0.243877315
0.244108796
0.244340278
0.244571759
0.244803241
0.245034722
0.245266204
0.245497685
0.245729167
0.245960648
0.246192130
0.246423611
0.246655093
0.246886574
0.247118056
0.247349537
0.247581019
0.247812500
0.248043981
0.248275463
0.248506944
0.248738426
0.248969907
0.249201389
0.249432870
0.249664352
0.249895833
0.250127315
0.250358796
0.250590278
0.250821759
0.251053241
0.251284722
0.251527778
0.251759259
0.251990741
0.252222222
0.252453704
0.252685185
0.252916667
0.253148148
0.253379630
0.253611111
0.253842593
0.254074074
0.254305556
0.254537037
0.254768519
0.255000000
0.255231481
0.255462963
0.255694444
0.255925926
0.256157407
0.256388889
0.256620370
0.256851852
0.257083333
0.257314815
0.257557870
0.257789352
0.258020833
0.258252315
0.258483796
0.258715278
0.258946759
0.259178241
0.259409722
0.259641204
0.259872685
0.260104167
0.260335648
0.260567130
0.260798611
0.261030093
0.261261574
0.261493056
0.261724537
0.261956019
0.262187500
0.262418981
0.262650463
0.262881944
0.263113426
0.263344907
0.263576389
0.263807870
0.264039352
0.264270833
0.264502315
0.264733796
0.264965278
0.265196759
0.265428241
0.265659722
0.265891204
0.266122685
0.266354167
0.266585648
0.266817130
0.267048611
0.267280093
0.267511574
0.267743056
0.267974537
0.268206019
0.268437500
0.268668981
0.268900463
0.269131944
0.269363426
0.269594907
0.269826389
0.270057870
0.270289352
0.270520833
0.270763889
0.270995370
0.271226852
0.271458333
0.271689815
0.271921296
0.272152778
0.272384259
0.272615741
0.272847222
0.273078704
0.273310185
0.273541667
0.273773148
0.274004630
0.274236111
0.274467593
0.274699074
0.274930556
0.275162037
0.275393519
0.275625000
0.275856481
0.276087963
0.276319444
0.276550926
0.276782407
0.277013889
0.277245370
0.277476852
0.277708333
0.277939815
0.278171296
0.278402778
0.278634259
0.278865741
0.279097222
0.279328704
0.279560185
0.279791667
0.280023148
0.280254630
0.280486111
0.280717593
0.280949074
0.281180556
0.281412037
0.281643519
0.281875000
0.282106481
0.282337963
0.282581019
0.282812500
0.283043981
0.283275463
0.283506944
0.283738426
0.283969907
0.284201389
0.284432870
0.284664352
0.284895833
0.285127315
0.285358796
0.285590278
0.285821759
0.286053241
0.286284722
0.286516204
0.286747685
0.286979167
0.287210648
0.287442130
0.287673611
0.287905093
0.288136574
0.288368056
0.288599537
0.288831019
0.289062500
0.289293981
0.289525463
0.289756944
0.289988426
0.290219907
0.290451389
0.290682870
0.290914352
0.291145833
0.291377315
0.291608796
0.291840278
0.292071759
0.292314815
0.292546296
0.292777778
0.293009259
0.293240741
0.293472222
0.293703704
0.293935185
0.294166667
0.294398148
0.294629630
0.294861111
0.295092593
0.295324074
0.295555556
0.295787037
0.296018519
0.296250000
0.296481481
0.296712963
0.296944444
0.297175926
0.297407407
0.297638889
0.297870370
0.298101852
0.298333333
0.298564815
0.298796296
0.299027778
0.299259259
0.299490741
0.299722222
0.299953704
0.300196759
0.300428241
0.300659722
0.300891204
0.301122685
0.301354167
0.301585648
0.301817130
0.302048611
0.302280093
0.302511574
0.302743056
0.302974537
0.303206019
0.303437500
0.303668981
0.303900463
0.304131944
0.304363426
0.304594907
0.304826389
0.305057870
0.305289352
0.305520833
0.305752315
0.305983796
0.306215278
0.306446759
0.306678241
0.306909722
0.307141204
0.307372685
0.307604167
0.307835648
0.308067130
0.308298611
0.308530093
0.308761574
0.308993056
0.309224537
0.309456019
0.309687500
0.309918981
0.310150463
0.310381944
0.310613426
0.310844907
0.311076389
0.311307870
0.311539352
0.311770833
0.312002315
0.312233796
0.312465278
0.312696759
0.312928241
0.313159722
0.313391204
0.313634259
0.313865741
0.314097222
0.314328704
0.314560185
0.314791667
0.315023148
0.315254630
0.315486111
0.315717593
0.315949074
0.316180556
0.316412037
0.316643519
0.316875000
0.317106481
0.317337963
0.317569444
0.317800926
0.318032407
0.318263889
0.318495370
0.318726852
0.318958333
0.319189815
0.319421296
0.319652778
0.319884259
0.320115741
0.320347222
0.320578704
0.320810185
0.321041667
0.321273148
0.321504630
0.321736111
0.321967593
0.322199074
0.322430556
0.322662037
0.322893519
0.323125000
0.323356481
0.323587963
0.323819444
0.324050926
0.324282407
0.324513889
0.324745370
0.324976852
0.325219907
0.325451389
0.325682870
0.325914352
0.326145833
0.326377315
0.326608796
0.326840278
0.327071759
0.327303241
0.327534722
0.327766204
0.327997685
0.328229167
0.328460648
0.328692130
0.328923611
0.329155093
0.329386574
0.329618056
0.329849537
0.330081019
0.330312500
0.330543981
0.330775463
0.331006944
0.331238426
0.331469907
0.331701389
0.331932870
0.332164352
0.332395833
0.332627315
0.332858796
0.333090278
0.333321759
0.333553241
0.333784722
0.334016204
0.334247685
0.334479167
0.334710648
0.334942130
0.335173611
0.335405093
0.335636574
0.335868056
0.336099537
0.336331019
0.336562500
0.336793981
0.337025463
0.337256944
0.337488426
0.337731481
0.337962963
0.338194444
0.338425926
0.338657407
0.338888889
0.339120370
0.339351852
0.339583333
0.339814815
0.340046296
0.340277778
0.340509259
0.340740741
0.340972222
0.341203704
0.341435185
0.341666667
0.341898148
0.342129630
0.342361111
0.342592593
0.342824074
0.343055556
0.343287037
0.343518519
0.343750000
0.343981481
0.344212963
0.344444444
0.344675926
0.344907407
0.345138889
0.345370370
0.345601852
0.345833333
0.346064815
0.346296296
0.346527778
0.346759259
0.346990741
0.347222222
0.347465278
0.347696759
0.347928241
0.348159722
0.348391204
0.348622685
0.348854167
0.349085648
0.349317130
0.349548611
0.349780093
0.350011574
0.350243056
0.350474537
0.350706019
0.350937500
0.351168981
0.351400463
0.351631944
0.351863426
0.352094907
0.352326389
0.352557870
0.352789352
0.353020833
0.353252315
0.353483796
0.353715278
0.353946759
0.354178241
0.354409722
0.354641204
0.354872685
0.355104167
0.355347222
0.355578704
0.355810185
0.356041667
0.356273148
0.356504630
0.356736111
0.356967593
0.357199074
0.357430556
0.357662037
0.357893519
0.358125000
0.358356481
0.358587963
0.358819444
0.359050926
0.359282407
0.359513889
0.359745370
0.359976852
0.360208333
0.360439815
0.360671296
0.360902778
0.361134259
0.361365741
0.361597222
0.361828704
0.362060185
0.362291667
0.362523148
0.362754630
0.362986111
0.363217593
0.363449074
0.363680556
0.363912037
0.364143519
0.364375000
0.364606481
0.364837963
0.365069444
0.365300926
0.365532407
0.365763889
0.365995370
0.366226852
0.366458333
0.366689815
0.366921296
0.367152778
0.367395833
0.367627315
0.367858796
0.368090278
0.368321759
0.368553241
0.368784722
0.369016204
0.369247685
0.369479167
0.369710648
0.369942130
0.370173611
0.370405093
0.370636574
0.370868056
0.371099537
0.371331019
0.371562500
0.371793981
0.372025463
0.372256944
0.372488426
0.372719907
0.372951389
0.373182870
0.373414352
0.373645833
0.373877315
0.374108796
0.374340278
0.374571759
0.374803241
0.375034722
0.375266204
0.375497685
0.375729167
0.375960648
0.376192130
0.376423611
0.376655093
0.376886574
0.377118056
0.377349537
0.377581019
0.377812500
0.378043981
0.378275463
0.378506944
0.378738426
0.378969907
0.379201389
0.379432870
0.379664352
0.379895833
0.380127315
0.380358796
0.380590278
0.380833333
0.381064815
0.381296296
0.381527778
0.381759259
0.381990741
0.382222222
0.382453704
0.382685185
0.382916667
0.383148148
0.383379630
0.383611111
0.383842593
0.384074074
0.384305556
0.384537037
0.384768519
0.385000000
0.385231481
0.385462963
0.385694444
0.385925926
0.386157407
0.386388889
0.386620370
0.386851852
0.387083333
0.387314815
0.387546296
0.387777778
0.388009259
0.388240741
0.388472222
0.388703704
0.388935185
0.389166667
0.389398148
0.389629630
0.389861111
0.390092593
0.390324074
0.390555556
0.390787037
0.391018519
0.391250000
0.391481481
0.391712963
0.391944444
0.392175926
0.392407407
0.392638889
0.392870370
0.393101852
0.393333333
0.393564815
0.393796296
0.394027778
0.394259259
0.394502315
0.394733796
0.394965278
0.395196759
0.395428241
0.395659722
0.395891204
0.396122685
0.396354167
0.396585648
0.396817130
0.397048611
0.397280093
0.397511574
0.397743056
0.397974537
0.398206019
0.398437500
0.398668981
0.398900463
0.399131944
0.399363426
0.399594907
0.399826389
0.400057870
0.400289352
0.400520833
0.400752315
0.400983796
0.401215278
0.401446759
0.401678241
0.401909722
0.402141204
0.402372685
0.402604167
0.402835648
0.403067130
0.403298611
0.403530093
0.403761574
0.403993056
0.404224537
0.404456019
0.404687500
0.404918981
0.405150463
0.405381944
0.405613426
0.405856481
0.406087963
0.406319444
0.406550926
0.406782407
0.407013889
0.407245370
0.407476852
0.407708333
0.407939815
0.408171296
0.408402778
0.408634259
0.408865741
0.409097222
0.409328704
0.409560185
0.409791667
0.410023148
0.410254630
0.410486111
0.410717593
0.410949074
0.411180556
0.411412037
0.411643519
0.411875000
0.412106481
0.412337963
0.412569444
0.412800926
0.413032407
0.413263889
0.413495370
0.413726852
0.413958333
0.414189815
0.414421296
0.414652778
0.414884259
0.415115741
0.415347222
0.415578704
0.415810185
0.416041667
0.416273148
0.416504630
0.416736111
0.416967593
0.417199074
0.417430556
0.417662037
0.417893519
0.418136574
0.418368056
0.418599537
0.418831019
0.419062500
0.419293981
0.419525463
0.419756944
0.419988426
0.420219907
0.420451389
0.420682870
0.420914352
0.421145833
0.421377315
0.421608796
0.421840278
0.422071759
0.422303241
0.422534722
0.422766204
0.422997685
0.423229167
0.423460648
0.423692130
0.423923611
0.424155093
0.424386574
0.424618056
0.424849537
0.425081019
0.425312500
0.425543981
0.425775463
0.426006944
0.426238426
0.426469907
0.426701389
0.426932870
0.427164352
0.427395833
0.427627315
0.427858796
0.428090278
0.428321759
0.428553241
0.428784722
0.429016204
0.429247685
0.429490741
0.429722222
0.429953704
0.430185185
0.430416667
0.430648148
0.430879630
0.431111111
0.431342593
0.431574074
0.431805556
0.432037037
0.432268519
0.432500000
0.432731481
0.432962963
0.433194444
0.433425926
0.433657407
0.433888889
0.434120370
0.434351852
0.434583333
0.434814815
0.435046296
0.435277778
0.435509259
0.435740741
0.435972222
0.436203704
0.436435185
0.436666667
0.436898148
0.437129630
0.437361111
0.437592593
0.437824074
0.438055556
0.438287037
0.438518519
0.438750000
0.438981481
0.439212963
0.439444444
0.439675926
0.439907407
0.440138889
0.440370370
0.440601852
0.440833333
0.441064815
0.441296296
0.441527778
0.441770833
0.442002315
0.442233796
0.442465278
0.442696759
0.442928241
0.443159722
0.443391204
0.443622685
0.443854167
0.444085648
0.444317130
0.444548611
0.444780093
0.445011574
0.445243056
0.445474537
0.445706019
0.445937500
0.446168981
0.446400463
0.446631944
0.446863426
0.447094907
0.447326389
0.447557870
0.447789352
0.448020833
0.448252315
0.448483796
0.448715278
0.448946759
0.449178241
0.449409722
0.449641204
0.449872685
0.450104167
0.450335648
0.450567130
0.450798611
0.451030093
0.451261574
0.451493056
0.451724537
0.451956019
0.452199074
0.452430556
0.452662037
0.452893519
0.453125000
0.453356481
0.453587963
0.453819444
0.454050926
0.454282407
0.454513889
0.454745370
0.454976852
0.455208333
0.455439815
0.455671296
0.455902778
0.456134259
0.456365741
0.456597222
0.456828704
0.457060185
0.457291667
0.457523148
0.457754630
0.457986111
0.458217593
0.458449074
0.458680556
0.458912037
0.459143519
0.459375000
0.459606481
0.459837963
0.460069444
0.460300926
0.460532407
0.460763889
0.460995370
0.461226852
0.461458333
0.461689815
0.461921296
0.462152778
0.462384259
0.462615741
0.462847222
0.463078704
0.463310185
0.463541667
0.463773148
0.464004630
0.464247685
0.464479167
0.464710648
0.464942130
0.465173611
0.465405093
0.465636574
0.465868056
0.466099537
0.466331019
0.466562500
0.466793981
0.467025463
0.467256944
0.467488426
0.467719907
0.467951389
0.468182870
0.468414352
0.468645833
0.468877315
0.469108796
0.469340278
0.469571759
0.469803241
0.470034722
0.470266204
0.470497685
0.470729167
0.470960648
0.471192130
0.471423611
0.471655093
0.471886574
0.472118056
0.472349537
0.472581019
0.472812500
0.473043981
0.473275463
0.473506944
0.473738426
0.473969907
0.474201389
0.474432870
0.474664352
0.474895833
0.475127315
0.475358796
0.475590278
0.475821759
0.476053241
0.476284722
0.476516204
0.476759259
0.476990741
0.477222222
0.477453704
0.477685185
0.477916667
0.478148148
0.478379630
0.478611111
0.478842593
0.479074074
0.479305556
0.479537037
0.479768519
0.480000000
0.480231481
0.480462963
0.480694444
0.480925926
0.481157407
0.481388889
0.481620370
0.481851852
0.482083333
0.482314815
0.482546296
0.482777778
0.483009259
0.483240741
0.483472222
0.483703704
0.483935185
0.484166667
0.484398148
0.484629630
0.484861111
0.485092593
0.485324074
0.485555556
0.485798611
0.486030093
0.486261574
0.486493056
0.486724537
0.486956019
0.487187500
0.487418981
0.487650463
0.487881944
0.488113426
0.488344907
0.488576389
0.488807870
0.489039352
0.489270833
0.489502315
0.489733796
0.489965278
0.490196759
0.490428241
0.490659722
0.490891204
0.491122685
0.491354167
0.491585648
0.491817130
0.492048611
0.492280093
0.492511574
0.492743056
0.492974537
0.493206019
0.493437500
0.493668981
0.493900463
0.494131944
0.494363426
0.494594907
0.494826389
0.495057870
0.495289352
0.495520833
0.495752315
0.495983796
0.496215278
0.496446759
0.496689815
0.496921296
0.497152778
0.497384259
0.497615741
0.497847222
0.498078704
0.498310185
0.498541667
0.498773148
0.499004630
0.499236111
0.499467593
0.499699074
0.499930556
0.500162037
0.500393519
0.500625000
0.500856481
0.501087963
0.501319444
0.501550926
0.501782407
0.502013889
0.502245370
0.502476852
0.502708333
0.502939815
0.503171296
0.503402778
0.503634259
0.503865741
0.504097222
0.504328704
0.504560185
0.504791667
0.505023148
0.505254630
0.505486111
0.505717593
0.505949074
0.506180556
0.506412037
0.506643519
0.506875000
0.507106481
0.507337963
0.507569444
0.507800926
0.508032407
0.508263889
0.508495370
0.508726852
0.508958333
0.509189815
0.509421296
0.509664352
0.509664352
0.510127315
0.510358796
0.510590278
0.510821759
0.511053241
0.511284722
0.511516204
0.511747685
0.511979167
0.512210648
0.512442130
0.512673611
0.512905093
0.513136574
0.513368056
0.513599537
0.513831019
0.514062500
0.514293981
0.514525463
0.514756944
0.514988426
0.515219907
0.515451389
0.515682870
0.515914352
0.516145833
0.516377315
0.516608796
0.516840278
0.517071759
0.517303241
0.517534722
0.517766204
0.517997685
0.518229167
0.518460648
0.518692130
0.518923611
0.519155093
0.519386574
0.519618056
0.519849537
0.520081019
0.520312500
0.520543981
0.520775463
0.521006944
0.521238426
0.521469907
0.521701389
0.521932870
0.522175926
0.522407407
0.522638889
0.522870370
0.523101852
0.523333333
0.523564815
0.523796296
0.524027778
0.524259259
0.524490741
0.524722222
0.524953704
0.525185185
0.525416667
0.525648148
0.525879630
0.526111111
0.526342593
0.526574074
0.526805556
0.527037037
0.527268519
0.527500000
0.527731481
0.527962963
0.528194444
0.528425926
0.528657407
0.528888889
0.529120370
0.529351852
0.529583333
0.529814815
0.530046296
0.530277778
0.530509259
0.530740741
0.530972222
0.531203704
0.531435185
0.531666667
0.531898148
0.532129630
0.532361111
0.532592593
0.532824074
0.533055556
0.533287037
0.533518519
0.533750000
0.533981481
0.534212963
0.534444444
0.534687500
0.534918981
0.535150463
0.535381944
0.535613426
0.535844907
0.536076389
0.536307870
0.536539352
0.536770833
0.537002315
0.537233796
0.537465278
0.537696759
0.537928241
0.538159722
0.538391204
0.538622685
0.538854167
0.539085648
0.539317130
0.539548611
0.539780093
0.540011574
0.540243056
0.540474537
0.540706019
0.540937500
0.541168981
0.541400463
0.541631944
0.541863426
0.542094907
0.542326389
0.542557870
0.542789352
0.543020833
0.543252315
0.543483796
0.543715278
0.543946759
0.544178241
0.544409722
0.544641204
0.544872685
0.545104167
0.545335648
0.545567130
0.545798611
0.546030093
0.546273148
0.546504630
0.546736111
0.546967593
0.547199074
0.547430556
0.547662037
0.547893519
0.548125000
0.548356481
0.548587963
0.548819444
0.549050926
0.549282407
0.549513889
0.549745370
0.549976852
0.550208333
0.550439815
0.550671296
0.550902778
0.551134259
0.551365741
0.551597222
0.551828704
0.552060185
0.552291667
0.552523148
0.552754630
0.552986111
0.553217593
0.553449074
0.553680556
0.553912037
0.554143519
0.554375000
0.554606481
0.554837963
0.555069444
0.555300926
0.555532407
0.555763889
0.555995370
0.556226852
0.556458333
0.556689815
0.556921296
0.557152778
0.557384259
0.557615741
0.557847222
0.558078704
0.558310185
0.558541667
0.558773148
0.559004630
0.559236111
0.559467593
0.559699074
0.559930556
0.560162037
0.560393519
0.560625000
0.560856481
0.561099537
0.561331019
0.561562500
0.561793981
0.562025463
0.562256944
0.562488426
0.562719907
0.562951389
0.563182870
0.563414352
0.563645833
0.563877315
0.564108796
0.564340278
0.564571759
0.564803241
0.565034722
0.565266204
0.565497685
0.565729167
0.565960648
0.566192130
0.566423611
0.566655093
0.566886574
0.567118056
0.567349537
0.567581019
0.567812500
0.568043981
0.568275463
0.568506944
0.568738426
0.568969907
0.569201389
0.569432870
0.569664352
0.569895833
0.570127315
0.570358796
0.570590278
0.570821759
0.571053241
0.571284722
0.571516204
0.571747685
0.571979167
0.572210648
0.572442130
0.572673611
0.572916667
0.573148148
0.573379630
0.573611111
0.573842593
0.574074074
0.574305556
0.574537037
0.574768519
0.575000000
0.575231481
0.575462963
0.575694444
0.575925926
0.576157407
0.576388889
0.576620370
0.576851852
0.577083333
0.577314815
0.577546296
0.577777778
0.578009259
0.578240741
0.578472222
0.578703704
0.578935185
0.579166667
0.579398148
0.579629630
0.579861111
0.580092593
0.580324074
0.580555556
0.580787037
0.581018519
0.581250000
0.581481481
0.581712963
0.581944444
0.582175926
0.582407407
0.582638889
0.582870370
0.583101852
0.583333333
0.583564815
0.583807870
0.584039352
0.584270833
0.584502315
0.584733796
0.584965278
0.585196759
0.585428241
0.585659722
0.585891204
0.586122685
0.586354167
0.586585648
0.586817130
0.587048611
0.587280093
0.587511574
0.587743056
0.587974537
0.588206019
0.588437500
0.588668981
0.588900463
0.589131944
0.589363426
0.589594907
0.589826389
0.590057870
0.590289352
0.590520833
0.590752315
0.590983796
0.591215278
0.591446759
0.591678241
0.591909722
0.592141204
0.592372685
0.592604167
0.592835648
0.593067130
0.593298611
0.593530093
0.593761574
0.593993056
0.594224537
0.594456019
0.594687500
0.594918981
0.595150463
0.595381944
0.595613426
0.595844907
0.596076389
0.596307870
0.596539352
0.596770833
0.597013889
0.597245370
0.597476852
0.597708333
0.597939815
0.598171296
0.598402778
0.598634259
0.598865741
0.599097222
0.599328704
0.599560185
0.599791667
0.600023148
0.600254630
0.600486111
0.600717593
0.600949074
0.601180556
0.601412037
0.601643519
0.601875000
0.602106481
0.602337963
0.602569444
0.602800926
0.603032407
0.603263889
0.603495370
0.603726852
0.603958333
0.604189815
0.604421296
0.604652778
0.604884259
0.605115741
0.605347222
0.605578704
0.605810185
0.606041667
0.606273148
0.606504630
0.606736111
0.606967593
0.607210648
0.607442130
0.607673611
0.607905093
0.608136574
0.608368056
0.608599537
0.608831019
0.609062500
0.609293981
0.609525463
0.609756944
0.609988426
0.610219907
0.610451389
0.610682870
0.610914352
0.611145833
0.611377315
0.611608796
0.611840278
0.612071759
0.612303241
0.612534722
0.612766204
0.612997685
0.613229167
0.613460648
0.613692130
0.613923611
0.614155093
0.614386574
0.614618056
0.614849537
0.615081019
0.615312500
0.615543981
0.615775463
0.616006944
0.616238426
0.616469907
0.616701389
0.616932870
0.617164352
0.617395833
0.617627315
0.617858796
0.618090278
0.618321759
0.618553241
0.618784722
0.619016204
0.619247685
0.619479167
0.619710648
0.619942130
0.620173611
0.620405093
0.620636574
0.620868056
0.621111111
0.621342593
0.621574074
0.621805556
0.622037037
0.622268519
0.622500000
0.622731481
0.622962963
0.623194444
0.623425926
0.623657407
0.623888889
0.624120370
0.624351852
0.624583333
0.624814815
0.625046296
0.625277778
0.625509259
0.625740741
0.625972222
0.626203704
0.626435185
0.626666667
0.626898148
0.627129630
0.627361111
0.627592593
0.627824074
0.628055556
0.628287037
0.628518519
0.628750000
0.628981481
0.629212963
0.629444444
0.629675926
0.629907407
0.630138889
0.630370370
0.630601852
0.630833333
0.631064815
0.631296296
0.631527778
0.631759259
0.631990741
0.632222222
0.632453704
0.632685185
0.632916667
0.633148148
0.633379630
0.633611111
0.633842593
0.634074074
0.634305556
0.634537037
0.634768519
0.635000000
0.635231481
0.635462963
0.635694444
0.635925926
0.636168981
0.636400463
0.636631944
0.636863426
0.637094907
0.637326389
0.637557870
0.637789352
0.638020833
0.638252315
0.638483796
0.638715278
0.638946759
0.639178241
0.639409722
0.639641204
0.639872685
0.640104167
0.640335648
0.640567130
0.640798611
0.641030093
0.641261574
0.641493056
0.641724537
0.641956019
0.642187500
0.642418981
0.642650463
0.642881944
0.643113426
0.643344907
0.643576389
0.643807870
0.644039352
0.644270833
0.644502315
0.644733796
0.644965278
0.645196759
0.645428241
0.645659722
0.645902778
0.646134259
0.646365741
0.646597222
0.646828704
0.647060185
0.647291667
0.647523148
0.647754630
0.647986111
0.648217593
0.648449074
0.648680556
0.648912037
0.649143519
0.649375000
0.649606481
0.649837963
0.650069444
0.650300926
0.650532407
0.650763889
0.650995370
0.651226852
0.651458333
0.651689815
0.651921296
0.652152778
0.652384259
0.652615741
0.652847222
0.653078704
0.653310185
0.653541667
0.653773148
0.654004630
0.654236111
0.654467593
0.654699074
0.654930556
0.655162037
0.655393519
0.655625000
0.655856481
0.656087963
0.656319444
0.656550926
0.656782407
0.657013889
0.657245370
0.657476852
0.657708333
0.657951389
0.658182870
0.658414352
0.658645833
0.658877315
0.659108796
0.659340278
0.659571759
0.659803241
0.660034722
0.660266204
0.660497685
0.660729167
0.660960648
0.661192130
0.661423611
0.661655093
0.661886574
0.662118056
0.662349537
0.662581019
0.662812500
0.663043981
0.663275463
0.663506944
0.663738426
0.663969907
0.664201389
0.664432870
0.664664352
0.664895833
0.665127315
0.665358796
0.665590278
0.665821759
0.666053241
0.666284722
0.666516204
0.666747685
0.666979167
0.667210648
0.667442130
0.667673611
0.667905093
0.668136574
0.668368056
0.668599537
0.668831019
0.669062500
0.669293981
0.669525463
0.669756944
0.669988426
0.670219907
0.670451389
0.670682870
0.670925926
0.671157407
0.671388889
0.671620370
0.671851852
0.672083333
0.672314815
0.672546296
0.672777778
0.673009259
0.673240741
0.673472222
0.673703704
0.673935185
0.674166667
0.674398148
0.674629630
0.674861111
0.675092593
0.675324074
0.675555556
0.675787037
0.676018519
0.676250000
0.676481481
0.676712963
0.676944444
0.677175926
0.677407407
0.677638889
0.677870370
0.678101852
0.678333333
0.678564815
0.678796296
0.679027778
0.679259259
0.679490741
0.679722222
0.679953704
0.680185185
0.680416667
0.680648148
0.680879630
0.681111111
0.681342593
0.681574074
0.681805556
0.682037037
0.682268519
0.682500000
0.682731481
0.682962963
0.683194444
0.683425926
0.683657407
0.683888889
0.684120370
0.684351852
0.684594907
0.684826389
0.685057870
0.685289352
0.685520833
0.685752315
0.685983796
0.686215278
0.686446759
0.686678241
0.686909722
0.687141204
0.687372685
0.687604167
0.687835648
0.688067130
0.688298611
0.688530093
0.688761574
0.688993056
0.689224537
0.689456019
0.689687500
0.689918981
0.690150463
0.690381944
0.690613426
0.690844907
0.691076389
0.691307870
0.691539352
0.691770833
0.692002315
0.692233796
0.692465278
0.692696759
0.692928241
0.693159722
0.693391204
0.693622685
0.693854167
0.694085648
0.694317130
0.694548611
0.694780093
0.695011574
0.695243056
0.695486111
0.695717593
0.695949074
0.696180556
0.696412037
0.696643519
0.696875000
0.697106481
0.697337963
0.697569444
0.697800926
0.698032407
0.698263889
0.698495370
0.698726852
0.698958333
0.699189815
0.699421296
0.699652778
0.699884259
0.700115741
0.700347222
0.700578704
0.700810185
0.701041667
0.701273148
0.701504630
0.701736111
0.701967593
0.702199074
0.702430556
0.702662037
0.702893519
0.703125000
0.703356481
0.703587963
0.703819444
0.704050926
0.704282407
0.704513889
0.704745370
0.704976852
0.705208333
0.705439815
0.705682870
0.705914352
0.706145833
0.706377315
0.706608796
0.706840278
0.707071759
0.707303241
0.707534722
0.707766204
0.707997685
0.708229167
0.708460648
0.708692130
0.708923611
0.709155093
0.709386574
0.709618056
0.709849537
0.710081019
0.710312500
0.710543981
0.710775463
0.711006944
0.711238426
0.711469907
0.711701389
0.711932870
0.712164352
0.712395833
0.712627315
0.712858796
0.713090278
0.713321759
0.713553241
0.713784722
0.714016204
0.714247685
0.714479167
0.714710648
0.714942130
0.715173611
0.715405093
0.715636574
0.715868056
0.716099537
0.716331019
0.716562500
0.716793981
0.717037037
0.717268519
0.717500000
0.717731481
0.717962963
0.718194444
0.718425926
0.718657407
0.718888889
0.719120370
0.719351852
0.719583333
0.719814815
0.720046296
0.720277778
0.720509259
0.720740741
0.720972222
0.721203704
0.721435185
0.721666667
0.721898148
0.722129630
0.722361111
0.722592593
0.722824074
0.723055556
0.723287037
0.723518519
0.723750000
0.723981481
0.724212963
0.724444444
0.724675926
0.724907407
0.725138889
0.725370370
0.725601852
0.725833333
0.726064815
0.726296296
0.726527778
0.726759259
0.726990741
0.727222222
0.727453704
0.727696759
0.727928241
0.728159722
0.728391204
0.728622685
0.728854167
0.729085648
0.729317130
0.729548611
0.729780093
0.730011574
0.730243056
0.730474537
0.730706019
0.730937500
0.731168981
0.731400463
0.731631944
0.731863426
0.732094907
0.732326389
0.732557870
0.732789352
0.733020833
0.733252315
0.733483796
0.733715278
0.733946759
0.734178241
0.734409722
0.734641204
0.734872685
0.735104167
0.735335648
0.735567130
0.735798611
0.736030093
0.736261574
0.736493056
0.736724537
0.736956019
0.737187500
0.737418981
0.737650463
0.737881944
0.738113426
0.738344907
0.738576389
0.738807870
0.739039352
0.739270833
0.739502315
0.739733796
0.739965278
0.740196759
0.740439815
0.740671296
0.740902778
0.741134259
0.741365741
0.741597222
0.741828704
0.742060185
0.742291667
0.742523148
0.742754630
0.742986111
0.743217593
0.743449074
0.743680556
0.743912037
0.744143519
0.744375000
0.744606481
0.744837963
0.745069444
0.745300926
0.745532407
0.745763889
0.745995370
0.746226852
0.746458333
0.746689815
0.746921296
0.747152778
0.747384259
0.747615741
0.747847222
0.748078704
0.748310185
0.748541667
0.748773148
0.749004630
0.749236111
0.749467593
0.749699074
0.749930556
0.750162037
0.750393519
0.750625000
0.750856481
0.751087963
0.751319444
0.751550926
0.751782407
0.752013889
0.752245370
0.752476852
0.752708333
0.752939815
0.753171296
0.753402778
0.753645833
0.753877315
0.754108796
0.754340278
0.754571759
0.754803241
0.755034722
0.755266204
0.755497685
0.755729167
0.755960648
0.756192130
0.756423611
0.756655093
0.756886574
0.757118056
0.757349537
0.757581019
0.757812500
0.758043981
0.758275463
0.758506944
0.758738426
0.758969907
0.759201389
0.759432870
0.759664352
0.759895833
0.760127315
0.760358796
0.760590278
0.760821759
0.761053241
0.761284722
0.761516204
0.761747685
0.761979167
0.762210648
0.762442130
0.762673611
0.762905093
0.763136574
0.763368056
0.763599537
0.763831019
0.764062500
0.764293981
0.764525463
0.764756944
0.764988426
0.765219907
0.765451389
0.765682870
0.765914352
0.766145833
0.766377315
0.766608796
0.766840278
0.767071759
0.767303241
0.767534722
0.767777778
0.768009259
0.768240741
0.768472222
0.768703704
0.768935185
0.769166667
0.769398148
0.769629630
0.769861111
0.770092593
0.770324074
0.770555556
0.770787037
0.771018519
0.771250000
0.771481481
0.771712963
0.771944444
0.772175926
0.772407407
0.772638889
0.772870370
0.773101852
0.773333333
0.773564815
0.773796296
0.774027778
0.774259259
0.774490741
0.774722222
0.774953704
0.775185185
0.775416667
0.775648148
0.775879630
0.776111111
0.776342593
0.776574074
0.776805556
0.777037037
0.777268519
0.777500000
0.777731481
0.777962963
0.778194444
0.778425926
0.778657407
0.778888889
0.779120370
0.779351852
0.779583333
0.779814815
0.780046296
0.780277778
0.780520833
0.780752315
0.780983796
0.781215278
0.781446759
0.781678241
0.781909722
0.782141204
0.782372685
0.782604167
0.782835648
0.783067130
0.783298611
0.783530093
0.783761574
0.783993056
0.784224537
0.784456019
0.784687500
0.784918981
0.785150463
0.785381944
0.785613426
0.785844907
0.786076389
0.786307870
0.786539352
0.786770833
0.787002315
0.787233796
0.787465278
0.787696759
0.787928241
0.788159722
0.788391204
0.788622685
0.788854167
0.789085648
0.789317130
0.789548611
0.789780093
0.790011574
0.790243056
0.790474537
0.790706019
0.790937500
0.791168981
0.791412037
0.791643519
0.791875000
0.792106481
0.792337963
0.792569444
0.792800926
0.793032407
0.793263889
0.793495370
0.793726852
0.793958333
0.794189815
0.794421296
0.794652778
0.794884259
0.795115741
0.795347222
0.795578704
0.795810185
0.796041667
0.796273148
0.796504630
0.796736111
0.796967593
0.797199074
0.797430556
0.797662037
0.797893519
0.798125000
0.798356481
0.798587963
0.798819444
0.799050926
0.799282407
0.799513889
0.799745370
0.799976852
0.800208333
0.800439815
0.800671296
0.800902778
0.801134259
0.801365741
0.801597222
0.801840278
0.802071759
0.802303241
0.802534722
0.802766204
0.802997685
0.803229167
0.803460648
0.803692130
0.803923611
0.804155093
0.804386574
0.804618056
0.804849537
0.805081019
0.805312500
0.805543981
0.805775463
0.806006944
0.806238426
0.806469907
0.806701389
0.806932870
0.807164352
0.807395833
0.807627315
0.807858796
0.808090278
0.808321759
0.808553241
0.808784722
0.809016204
0.809247685
0.809479167
0.809710648
0.809942130
0.810173611
0.810405093
0.810636574
0.810868056
0.811099537
0.811331019
0.811562500
0.811793981
0.812025463
0.812256944
0.812488426
0.812719907
0.812951389
0.813182870
0.813414352
0.813645833
0.813877315
0.814108796
0.814340278
0.814571759
0.814803241
0.815034722
0.815266204
0.815497685
0.815729167
0.815960648
0.816203704
0.816435185
0.816666667
0.816898148
0.817129630
0.817361111
0.817592593
0.817824074
0.818055556
0.818287037
0.818518519
0.818750000
0.818981481
0.819212963
0.819444444
0.819675926
0.819907407
0.820138889
0.820370370
0.820601852
0.820833333
0.821064815
0.821296296
0.821527778
0.821759259
0.821990741
0.822222222
0.822453704
0.822685185
0.822916667
0.823148148
0.823379630
0.823611111
0.823842593
0.824074074
0.824305556
0.824537037
0.824768519
0.825000000
0.825231481
0.825462963
0.825694444
0.825925926
0.826157407
0.826388889
0.826620370
0.826851852
0.827083333
0.827314815
0.827546296
0.827777778
0.828009259
0.828240741
0.828472222
0.828703704
0.828935185
0.829166667
0.829398148
0.829629630
0.829861111
0.830092593
0.830335648
0.830567130
0.830798611
0.831030093
0.831261574
0.831493056
0.831724537
0.831956019
0.832187500
0.832418981
0.832650463
0.832881944
0.833113426
0.833344907
0.833576389
0.833807870
0.834039352
0.834270833
0.834502315
0.834733796
0.834965278
0.835196759
0.835428241
0.835659722
0.835891204
0.836122685
0.836354167
0.836585648
0.836817130
0.837048611
0.837280093
0.837511574
0.837743056
0.837974537
0.838206019
0.838437500
0.838668981
0.838900463
0.839131944
0.839363426
0.839594907
0.839826389
0.840057870
0.840289352
0.840520833
0.840752315
0.840983796
0.841215278
0.841446759
0.841678241
0.841909722
0.842141204
0.842372685
0.842604167
0.842835648
0.843067130
0.843298611
0.843530093
0.843761574
0.844004630
0.844236111
0.844467593
0.844699074
0.844930556
0.845162037
0.845393519
0.845625000
0.845856481
0.846087963
0.846319444
0.846550926
0.846782407
0.847013889
0.847245370
0.847476852
0.847708333
0.847939815
0.848171296
0.848402778
0.848634259
0.848865741
0.849097222
0.849328704
0.849560185
0.849791667
0.850023148
0.850254630
0.850486111
0.850717593
0.850949074
0.851180556
0.851412037
0.851643519
0.851875000
0.852106481
0.852337963
0.852569444
0.852800926
0.853032407
0.853263889
0.853495370
0.853726852
0.853958333
0.854189815
0.854421296
0.854652778
0.854895833
0.855127315
0.855358796
0.855590278
0.855821759
0.856053241
0.856284722
0.856516204
0.856747685
0.856979167
0.857210648
0.857442130
0.857673611
0.857905093
0.858136574
0.858368056
0.858599537
0.858831019
0.859062500
0.859293981
0.859525463
0.859756944
0.859988426
0.860219907
0.860451389
0.860682870
0.860914352
0.861145833
0.861377315
0.861608796
0.861840278
0.862071759
0.862303241
0.862534722
0.862766204
0.862997685
0.863229167
0.863460648
0.863692130
0.863923611
0.864155093
0.864386574
0.864618056
0.864849537
0.865081019
0.865312500
0.865555556
0.865787037
0.866018519
0.866250000
0.866481481
0.866712963
0.866944444
0.867175926
0.867407407
0.867638889
0.867870370
0.868101852
0.868333333
0.868564815
0.868796296
0.869027778
0.869259259
0.869490741
0.869722222
0.869953704
0.870185185
0.870416667
0.870648148
0.870879630
0.871111111
0.871342593
0.871574074
0.871805556
0.872037037
0.872268519
0.872500000
0.872731481
0.872962963
0.873194444
0.873425926
0.873657407
0.873888889
0.874120370
0.874351852
0.874583333
0.874814815
0.875046296
0.875277778
0.875520833
0.875752315
0.875983796
0.876215278
0.876446759
0.876678241
0.876909722
0.877141204
0.877372685
0.877604167
0.877835648
0.878067130
0.878298611
0.878530093
0.878761574
0.878993056
0.879224537
0.879456019
0.879687500
0.879918981
0.880150463
0.880381944
0.880613426
0.880844907
0.881076389
0.881307870
0.881539352
0.881770833
0.882002315
0.882233796
0.882465278
0.882696759
0.882928241
0.883159722
0.883391204
0.883622685
0.883854167
0.884085648
0.884317130
0.884548611
0.884780093
0.885011574
0.885243056
0.885474537
0.885706019
0.885937500
0.886168981
0.886400463
0.886631944
0.886863426
0.887094907
0.887326389
0.887557870
0.887789352
0.888020833
0.888252315
0.888483796
0.888715278
0.888958333
0.889189815
0.889421296
0.889652778
0.889884259
0.890115741
0.890347222
0.890578704
0.890810185
0.891041667
0.891273148
0.891504630
0.891736111
0.891967593
0.892199074
0.892430556
0.892662037
0.892893519
0.893125000
0.893356481
0.893587963
0.893819444
0.894050926
0.894282407
0.894513889
0.894745370
0.894976852
0.895208333
0.895439815
0.895671296
0.895902778
0.896134259
0.896365741
0.896597222
0.896828704
0.897060185
0.897291667
0.897523148
0.897754630
0.897986111
0.898217593
0.898449074
0.898680556
0.898912037
0.899143519
0.899375000
0.899606481
0.899837963
0.900069444
0.900300926
0.900532407
0.900763889
0.900995370
0.901226852
0.901458333
0.901689815
0.901921296
0.902164352
0.902395833
0.902627315
0.902858796
0.903090278
0.903321759
0.903553241
0.903784722
0.904016204
0.904247685
0.904479167
0.904710648
0.904942130
0.905173611
0.905405093
0.905636574
0.905868056
0.906099537
0.906331019
0.906562500
0.906793981
0.907025463
0.907256944
0.907488426
0.907719907
0.907951389
0.908182870
0.908414352
0.908645833
0.908877315
0.909108796
0.909340278
0.909571759
0.909803241
0.910034722
0.910266204
0.910497685
0.910729167
0.910960648
0.911192130
0.911423611
0.911655093
0.911886574
0.912118056
0.912349537
0.912581019
0.912812500
0.913043981
0.913275463
0.913506944
0.913738426
0.913969907
0.914201389
0.914432870
0.914664352
0.914895833
0.915127315
0.915370370
0.915601852
0.915833333
0.916064815
0.916296296
0.916527778
0.916759259
0.916990741
0.917222222
0.917453704
0.917685185
0.917916667
0.918148148
0.918379630
0.918611111
0.918842593
0.919074074
0.919305556
0.919537037
0.919768519
0.920000000
0.920231481
0.920462963
0.920694444
0.920925926
0.921157407
0.921388889
0.921620370
0.921851852
0.922083333
0.922314815
0.922546296
0.922777778
0.923009259
0.923240741
0.923472222
0.923703704
0.923935185
0.924166667
0.924398148
0.924629630
0.924861111
0.925092593
0.925324074
0.925555556
0.925787037
0.926018519
0.926250000
0.926493056
0.926724537
0.926956019
0.927187500
0.927418981
0.927650463
0.927881944
0.928113426
0.928344907
0.928576389
0.928807870
0.929039352
0.929270833
0.929502315
0.929733796
0.929965278
0.930196759
0.930428241
0.930659722
0.930891204
0.931122685
0.931354167
0.931585648
0.931817130
0.932048611
0.932280093
0.932511574
0.932743056
0.932974537
0.933206019
0.933437500
0.933668981
0.933900463
0.934131944
0.934363426
0.934594907
0.934826389
0.935057870
0.935289352
0.935520833
0.935752315
0.935983796
0.936215278
0.936446759
0.936678241
0.936909722
0.937141204
0.937372685
0.937604167
0.937835648
0.938067130
0.938298611
0.938530093
0.938761574
0.938993056
0.939224537
0.939456019
0.939687500
0.939918981
0.940150463
0.940381944
0.940613426
0.940844907
0.941076389
0.941319444
0.941550926
0.941782407
0.942013889
0.942245370
0.942476852
0.942708333
0.942939815
0.943171296
0.943402778
0.943634259
0.943865741
0.944097222
0.944328704
0.944560185
0.944791667
0.945023148
0.945254630
0.945486111
0.945717593
0.945949074
0.946180556
0.946412037
0.946643519
0.946875000
0.947106481
0.947337963
0.947569444
0.947800926
0.948032407
0.948263889
0.948495370
0.948726852
0.948958333
0.949189815
0.949421296
0.949652778
0.949884259
0.950115741
0.950347222
0.950578704
0.950810185
0.951041667
0.951273148
0.951504630
0.951736111
0.951967593
0.952199074
0.952430556
0.952662037
0.952893519
0.953125000
0.953356481
0.953587963
0.953819444
0.954062500
0.954293981
0.954525463
0.954756944
0.954988426
0.955219907
0.955451389
0.955682870
0.955914352
0.956145833
0.956377315
0.956608796
0.956840278
0.957071759
0.957303241
0.957534722
0.957766204
0.957997685
0.958229167
0.958460648
0.958692130
0.958923611
0.959155093
0.959386574
0.959618056
0.959849537
0.960081019
0.960312500
0.960543981
0.960775463
0.961006944
0.961238426
0.961469907
0.961701389
0.961932870
0.962164352
0.962395833
0.962627315
0.962858796
0.963090278
0.963321759
0.963553241
0.963784722
0.964016204
0.964247685
0.964479167
0.964710648
0.964942130
0.965173611
0.965405093
0.965636574
0.965868056
0.966099537
0.966342593
0.966574074
0.966805556
0.967037037
0.967268519
0.967500000
0.967731481
0.967962963
0.968194444
0.968425926
0.968657407
0.968888889
0.969120370
0.969351852
0.969583333
0.969814815
0.970046296
0.970277778
0.970509259
0.970740741
0.970972222
0.971203704
0.971435185
0.971666667
0.971898148
0.972129630
0.972361111
0.972592593
0.972824074
0.973055556
0.973287037
0.973518519
0.973750000
0.973981481
0.974212963
0.974444444
0.974675926
0.974907407
0.975138889
0.975370370
0.975601852
0.975833333
0.976064815
0.976296296
0.976527778
0.976759259
0.976990741
0.977222222
0.977453704
0.977685185
0.977916667
0.978148148
0.978379630
0.978611111
0.978842593
0.979074074
0.979305556
0.979537037
0.979768519
0.980000000
0.980231481
0.980462963
0.980706019
0.980937500
0.981168981
0.981400463
0.981631944
0.981863426
0.982094907
0.982326389
0.982557870
0.982789352
0.983020833
0.983252315
0.983483796
0.983715278
0.983946759
0.984178241
0.984409722
0.984641204
0.984872685
0.985104167
0.985335648
0.985567130
0.985798611
0.986030093
0.986261574
0.986493056
0.986724537
0.986956019
0.987187500
0.987418981
0.987650463
0.987881944
0.988113426
0.988344907
0.988576389
0.988807870
0.989039352
0.989270833
0.989502315
0.989733796
0.989965278
0.990196759
0.990428241
0.990659722
0.990891204
0.991122685
0.991354167
0.991585648
0.991817130
0.992048611
0.992291667
0.992523148
0.992754630
0.992986111
0.993217593
0.993449074
0.993680556
0.993912037
0.994143519
0.994375000
0.994606481
0.994837963
0.995069444
0.995300926
0.995532407
0.995763889
0.995995370
0.996226852
0.996458333
0.996689815
0.996921296
0.997152778
0.997384259
0.997615741
0.997847222
0.998078704
0.998310185
0.998541667
0.998773148
0.999004630
0.999236111
0.999467593
0.999699074
0.999930556
