 1.93063464e+02
 1.93047593e+02
 1.93052675e+02
 1.93072092e+02
 1.93055375e+02
 1.93036553e+02
 1.93055956e+02
 1.93062726e+02
 1.93042493e+02
 1.93051313e+02
 1.93067299e+02
 1.93064918e+02
 1.93072417e+02
 1.93085837e+02
 1.93075344e+02
 1.93055502e+02
 1.93067602e+02
 1.93078716e+02
 1.93082958e+02
 1.93079455e+02
 1.93073764e+02
 1.93067754e+02
 1.93067214e+02
 1.93084892e+02
 1.93064918e+02
 1.93051769e+02
 1.93062133e+02
 1.93080635e+02
 1.93086685e+02
 1.93056784e+02
 1.93056133e+02
 1.93067860e+02
 1.93056256e+02
 1.93082558e+02
 1.93081037e+02
 1.93058541e+02
 1.93056389e+02
 1.93049168e+02
 1.93062447e+02
 1.93065838e+02
 1.93061994e+02
 1.93047709e+02
 1.93028393e+02
 1.93050431e+02
 1.93086752e+02
 1.93069888e+02
 1.93052626e+02
 1.93075303e+02
 1.93078400e+02
 1.93072440e+02
 1.93049908e+02
 1.93049121e+02
 1.93073683e+02
 1.93064467e+02
 1.93054903e+02
 1.93052516e+02
 1.93047330e+02
 1.93056050e+02
 1.93065425e+02
 1.93074392e+02
 1.93060509e+02
 1.93071800e+02
 1.93087035e+02
 1.93066475e+02
 1.93086364e+02
 1.93070481e+02
 1.93076322e+02
 1.93085745e+02
 1.93067743e+02
 1.93077410e+02
 1.93057758e+02
 1.93074311e+02
 1.93064752e+02
 1.93034776e+02
 1.93091337e+02
 1.93075671e+02
 1.93047285e+02
 1.93064750e+02
 1.93062530e+02
 1.93079648e+02
 1.93078835e+02
 1.93068338e+02
 1.93068111e+02
 1.93064898e+02
 1.93053344e+02
 1.93052805e+02
 1.93064646e+02
 1.93060159e+02
 1.93062521e+02
 1.93072922e+02
 1.93068091e+02
 1.93055049e+02
 1.93062281e+02
 1.93067249e+02
 1.93060980e+02
 1.93071762e+02
 1.93059786e+02
 1.93045647e+02
 1.93050122e+02
 1.93062416e+02
 1.93060901e+02
 1.93061952e+02
 1.93064979e+02
 1.93067193e+02
 1.93068019e+02
 1.93073077e+02
 1.93076199e+02
 1.93072002e+02
 1.93055401e+02
 1.93054257e+02
 1.93055240e+02
 1.93056793e+02
 1.93074599e+02
 1.93071001e+02
 1.93058397e+02
 1.93038099e+02
 1.93047739e+02
 1.93082446e+02
 1.93063464e+02
 1.93044485e+02
 1.93053703e+02
 1.93047155e+02
 1.93071773e+02
 1.93078930e+02
 1.93056117e+02
 1.93060260e+02
 1.93085323e+02
 1.93073907e+02
 1.93064629e+02
 1.93074675e+02
 1.93068858e+02
 1.93065816e+02
 1.93056775e+02
 1.93064871e+02
 1.93065459e+02
 1.93056553e+02
 1.93060892e+02
 1.93059380e+02
 1.93052772e+02
 1.93056755e+02
 1.93046794e+02
 1.93053988e+02
 1.93045333e+02
 1.93047072e+02
 1.93065367e+02
 1.93036367e+02
 1.93045039e+02
 1.93067070e+02
 1.93086353e+02
 1.93073681e+02
 1.93044743e+02
 1.93059831e+02
 1.93084598e+02
 1.93067810e+02
 1.93056784e+02
 1.93086393e+02
 1.93078721e+02
 1.93055200e+02
 1.93054226e+02
 1.93053487e+02
 1.93045001e+02
 1.93068230e+02
 1.93059918e+02
 1.93059483e+02
 1.93078667e+02
 1.93057457e+02
 1.93042486e+02
 1.93041967e+02
 1.93044902e+02
 1.93059925e+02
 1.93080258e+02
 1.93065845e+02
 1.93049978e+02
 1.93077168e+02
 1.93069433e+02
 1.93039071e+02
 1.93059609e+02
 1.93083799e+02
 1.93076605e+02
 1.93075384e+02
 1.93084988e+02
 1.93064465e+02
 1.93059470e+02
 1.93073802e+02
 1.93070054e+02
 1.93071874e+02
 1.93083920e+02
 1.93077267e+02
 1.93037998e+02
 1.93027903e+02
 1.93067124e+02
 1.93064243e+02
 1.93022303e+02
 1.93035043e+02
 1.93047622e+02
 1.93060821e+02
 1.93032353e+02
 1.93031375e+02
 1.93083970e+02
 1.93069870e+02
 1.93079479e+02
 1.93065555e+02
 1.93053557e+02
 1.93076724e+02
 1.93067662e+02
 1.93065461e+02
 1.93072850e+02
 1.93061245e+02
 1.93088781e+02
 1.93091214e+02
 1.93077229e+02
 1.93089750e+02
 1.93074735e+02
 1.93060892e+02
 1.93061231e+02
 1.93071295e+02
 1.93057084e+02
 1.93052105e+02
 1.93049087e+02
 1.93058514e+02
 1.93065883e+02
 1.93056658e+02
 1.93052538e+02
 1.93046229e+02
 1.93054210e+02
 1.93049249e+02
 1.93064317e+02
 1.93077045e+02
 1.93071318e+02
 1.93077861e+02
 1.93060208e+02
 1.93046298e+02
 1.93055745e+02
 1.93062075e+02
 1.93061754e+02
 1.93066136e+02
 1.93069357e+02
 1.93052020e+02
 1.93066987e+02
 1.93071066e+02
 1.93054262e+02
 1.93071596e+02
 1.93067974e+02
 1.93074679e+02
 1.93088083e+02
 1.93078995e+02
 1.93062138e+02
 1.93059710e+02
 1.93066224e+02
 1.93067779e+02
 1.93081941e+02
 1.93076486e+02
 1.93065946e+02
 1.93060872e+02
 1.93051450e+02
 1.93047088e+02
 1.93035947e+02
 1.93027773e+02
 1.93059187e+02
 1.93056321e+02
 1.93043260e+02
 1.93072218e+02
 1.93068017e+02
 1.93053425e+02
 1.93046372e+02
 1.93076769e+02
 1.93074646e+02
 1.93066536e+02
 1.93080188e+02
 1.93038389e+02
 1.93044891e+02
 1.93077931e+02
 1.93083047e+02
 1.93076392e+02
 1.93065611e+02
 1.93075097e+02
 1.93085536e+02
 1.93078734e+02
 1.93071203e+02
 1.93054845e+02
 1.93054008e+02
 1.93040036e+02
 1.93042051e+02
 1.93055992e+02
 1.93068264e+02
 1.93076006e+02
 1.93074145e+02
 1.93059788e+02
 1.93049054e+02
 1.93084477e+02
 1.93072920e+02
 1.93049572e+02
 1.93064763e+02
 1.93046130e+02
 1.93049166e+02
 1.93067934e+02
 1.93057719e+02
 1.93052137e+02
 1.93068113e+02
 1.93076742e+02
 1.93055700e+02
 1.93045093e+02
 1.93042896e+02
 1.93041088e+02
 1.93056921e+02
 1.93042973e+02
 1.93026564e+02
 1.93042780e+02
 1.93054623e+02
 1.93054766e+02
 1.93037648e+02
 1.93072884e+02
 1.93085271e+02
 1.93041279e+02
 1.93039887e+02
 1.93048122e+02
 1.93060024e+02
 1.93074933e+02
 1.93078034e+02
 1.93089551e+02
 1.93083647e+02
 1.93087641e+02
 1.93092508e+02
 1.93075750e+02
 1.93052386e+02
 1.93052359e+02
 1.93050353e+02
 1.93051044e+02
 1.93081836e+02
 1.93058705e+02
 1.93056943e+02
 1.93074053e+02
 1.93056234e+02
 1.93065344e+02
 1.93069511e+02
 1.93079230e+02
 1.93077861e+02
 1.93056806e+02
 1.93066085e+02
 1.93066796e+02
 1.93047573e+02
 1.93025556e+02
 1.93040821e+02
 1.93043893e+02
 1.93040457e+02
 1.93054746e+02
 1.93043397e+02
 1.93065681e+02
 1.93082251e+02
 1.93073317e+02
 1.93072527e+02
 1.93072770e+02
 1.93069092e+02
 1.93051470e+02
 1.93070974e+02
 1.93073788e+02
 1.93054477e+02
 1.93057089e+02
 1.93054751e+02
 1.93062710e+02
 1.93076264e+02
 1.93079632e+02
 1.93058377e+02
 1.93049534e+02
 1.93060807e+02
 1.93062138e+02
 1.93068876e+02
 1.93073290e+02
 1.93047187e+02
 1.93049509e+02
 1.93081120e+02
 1.93075759e+02
 1.93080969e+02
 1.93088898e+02
 1.93079152e+02
 1.93084113e+02
 1.93087318e+02
 1.93065602e+02
 1.93063058e+02
 1.93074915e+02
 1.93061005e+02
 1.93054170e+02
 1.93050476e+02
 1.93037583e+02
 1.93062171e+02
 1.93079457e+02
 1.93054950e+02
 1.93064965e+02
 1.93073495e+02
 1.93061554e+02
 1.93061756e+02
 1.93079706e+02
 1.93087659e+02
 1.93069644e+02
 1.93069148e+02
 1.93080734e+02
 1.93083020e+02
 1.93081746e+02
 1.93065174e+02
 1.93056847e+02
 1.93066343e+02
 1.93056862e+02
 1.93056674e+02
 1.93067386e+02
 1.93055734e+02
 1.93051356e+02
 1.93075575e+02
 1.93072788e+02
 1.93043186e+02
 1.93059165e+02
 1.93058236e+02
 1.93039095e+02
 1.93045641e+02
 1.93063567e+02
 1.93091932e+02
 1.93075213e+02
 1.93077816e+02
 1.93076982e+02
 1.93065905e+02
 1.93089881e+02
 1.93080570e+02
 1.93069348e+02
 1.93061393e+02
 1.93078900e+02
 1.93066105e+02
 1.93051941e+02
 1.93056586e+02
 1.93038249e+02
 1.93066906e+02
 1.93069397e+02
 1.93042524e+02
 1.93060585e+02
 1.93074801e+02
 1.93064752e+02
 1.93049671e+02
 1.93050411e+02
 1.93085704e+02
 1.93077547e+02
 1.93050667e+02
 1.93064000e+02
 1.93068403e+02
 1.93071760e+02
 1.93068006e+02
 1.93062708e+02
 1.93044413e+02
 1.93035321e+02
 1.93063464e+02
 1.93071385e+02
 1.93063783e+02
 1.93076322e+02
 1.93069125e+02
 1.93072045e+02
 1.93090763e+02
 1.93074412e+02
 1.93049137e+02
 1.93056290e+02
 1.93048445e+02
 1.93047505e+02
 1.93064851e+02
 1.93054948e+02
 1.93055729e+02
 1.93053027e+02
 1.93046000e+02
 1.93040929e+02
 1.93065109e+02
 1.93071814e+02
 1.93057791e+02
 1.93026694e+02
 1.93030340e+02
 1.93052534e+02
 1.93031776e+02
 1.93027008e+02
 1.93017638e+02
 1.93027942e+02
 1.93040493e+02
 1.93035902e+02
 1.93055534e+02
 1.93031911e+02
 1.93019294e+02
 1.93032146e+02
 1.93032988e+02
 1.93032272e+02
 1.93020943e+02
 1.93040377e+02
 1.93036077e+02
 1.93035609e+02
 1.93054659e+02
 1.93042230e+02
 1.93036196e+02
 1.93055125e+02
 1.93066767e+02
 1.93064788e+02
 1.93060686e+02
 1.93043224e+02
 1.93053375e+02
 1.93074011e+02
 1.93074170e+02
 1.93075590e+02
 1.93073441e+02
 1.93065605e+02
 1.93077866e+02
 1.93081465e+02
 1.93079989e+02
 1.93075072e+02
 1.93070862e+02
 1.93069911e+02
 1.93083721e+02
 1.93090507e+02
 1.93077087e+02
 1.93067041e+02
 1.93073275e+02
 1.93076986e+02
 1.93052276e+02
 1.93065122e+02
 1.93072846e+02
 1.93078811e+02
 1.93075108e+02
 1.93069985e+02
 1.93088830e+02
 1.93070137e+02
 1.93038294e+02
 1.93066989e+02
 1.93077886e+02
 1.93059432e+02
 1.93065284e+02
 1.93069170e+02
 1.93064896e+02
 1.93057356e+02
 1.93074190e+02
 1.93079347e+02
 1.93076513e+02
 1.93058913e+02
 1.93056261e+02
 1.93071075e+02
 1.93073158e+02
 1.93064608e+02
 1.93046392e+02
 1.93070431e+02
 1.93072671e+02
 1.93062730e+02
 1.93052155e+02
 1.93054336e+02
 1.93066850e+02
 1.93063383e+02
 1.93078232e+02
 1.93072054e+02
 1.93049341e+02
 1.93050445e+02
 1.93059124e+02
 1.93057778e+02
 1.93072929e+02
 1.93077944e+02
 1.93049630e+02
 1.93065479e+02
 1.93073091e+02
 1.93060383e+02
 1.93069471e+02
 1.93062732e+02
 1.93063302e+02
 1.93060785e+02
 1.93065333e+02
 1.93065497e+02
 1.93063383e+02
 1.93070723e+02
 1.93058159e+02
 1.93067135e+02
 1.93078077e+02
 1.93063960e+02
 1.93062061e+02
 1.93064866e+02
 1.93059838e+02
 1.93075038e+02
 1.93076136e+02
 1.93067153e+02
 1.93059191e+02
 1.93067824e+02
 1.93077805e+02
 1.93065160e+02
 1.93057114e+02
 1.93074491e+02
 1.93077150e+02
 1.93062263e+02
 1.93055247e+02
 1.93067568e+02
 1.93084764e+02
 1.93062510e+02
 1.93068681e+02
 1.93072812e+02
 1.93054291e+02
 1.93074305e+02
 1.93074648e+02
 1.93057378e+02
 1.93071230e+02
 1.93067274e+02
 1.93066929e+02
 1.93072471e+02
 1.93058821e+02
 1.93059726e+02
 1.93068899e+02
 1.93073764e+02
 1.93067333e+02
 1.93061934e+02
 1.93068513e+02
 1.93058687e+02
 1.93065986e+02
 1.93078685e+02
 1.93071589e+02
 1.93056889e+02
 1.93051843e+02
 1.93074630e+02
 1.93074987e+02
 1.93041411e+02
 1.93056873e+02
 1.93079679e+02
 1.93076908e+02
 1.93066682e+02
 1.93064662e+02
 1.93064018e+02
 1.93063464e+02
 1.93059416e+02
 1.93049195e+02
 1.93069029e+02
 1.93063648e+02
 1.93067034e+02
 1.93062732e+02
 1.93042818e+02
 1.93069985e+02
 1.93071289e+02
 1.93050750e+02
 1.93058498e+02
 1.93078503e+02
 1.93071221e+02
 1.93066944e+02
 1.93068423e+02
 1.93053380e+02
 1.93048185e+02
 1.93070449e+02
 1.93078997e+02
 1.93066406e+02
 1.93072969e+02
 1.93059768e+02
 1.93034648e+02
 1.93053167e+02
 1.93080487e+02
 1.93065742e+02
 1.93069036e+02
 1.93073286e+02
 1.93053279e+02
 1.93052435e+02
 1.93070382e+02
 1.93065198e+02
 1.93059086e+02
 1.93054111e+02
 1.93062741e+02
 1.93070995e+02
 1.93058289e+02
 1.93062196e+02
 1.93064734e+02
 1.93061835e+02
 1.93071726e+02
 1.93062010e+02
 1.93055936e+02
 1.93059849e+02
 1.93053386e+02
 1.93068226e+02
 1.93068149e+02
 1.93058509e+02
 1.93059782e+02
 1.93079975e+02
 1.93060293e+02
 1.93051742e+02
 1.93064184e+02
 1.93072839e+02
 1.93051396e+02
 1.93049000e+02
 1.93082603e+02
 1.93066888e+02
 1.93065540e+02
 1.93050873e+02
 1.93049377e+02
 1.93073618e+02
 1.93072426e+02
 1.93061220e+02
 1.93062836e+02
 1.93052294e+02
 1.93067299e+02
 1.93066056e+02
 1.93062571e+02
 1.93074949e+02
 1.93061754e+02
 1.93067968e+02
 1.93056355e+02
 1.93057282e+02
 1.93064180e+02
 1.93059979e+02
 1.93063017e+02
 1.93061236e+02
 1.93055821e+02
 1.93049958e+02
 1.93066632e+02
 1.93073450e+02
 1.93066482e+02
 1.93075146e+02
 1.93051962e+02
 1.93051432e+02
 1.93066552e+02
 1.93064436e+02
 1.93063112e+02
 1.93061963e+02
 1.93075606e+02
 1.93072925e+02
 1.93059710e+02
 1.93065968e+02
 1.93067584e+02
 1.93050781e+02
 1.93050974e+02
 1.93065937e+02
 1.93076154e+02
 1.93068910e+02
 1.93051264e+02
 1.93051273e+02
 1.93065313e+02
 1.93067523e+02
 1.93061433e+02
 1.93051688e+02
 1.93055520e+02
 1.93066080e+02
 1.93059806e+02
 1.93058687e+02
 1.93061732e+02
 1.93057497e+02
 1.93060448e+02
 1.93067346e+02
 1.93065625e+02
 1.93063897e+02
 1.93063637e+02
 1.93057679e+02
 1.93056501e+02
 1.93056961e+02
 1.93058859e+02
 1.93064658e+02
 1.93073295e+02
 1.93057816e+02
 1.93050366e+02
 1.93058476e+02
 1.93052868e+02
 1.93059198e+02
 1.93064718e+02
 1.93069835e+02
 1.93055258e+02
 1.93042490e+02
 1.93065030e+02
 1.93064700e+02
 1.93058278e+02
 1.93071789e+02
 1.93059997e+02
 1.93054096e+02
 1.93063628e+02
 1.93063056e+02
 1.93054648e+02
 1.93054621e+02
 1.93060071e+02
 1.93054136e+02
 1.93050142e+02
 1.93067281e+02
 1.93069769e+02
 1.93050487e+02
 1.93056115e+02
 1.93055056e+02
 1.93065190e+02
 1.93067629e+02
 1.93053898e+02
 1.93056683e+02
 1.93068450e+02
 1.93068232e+02
 1.93057293e+02
 1.93056932e+02
 1.93056885e+02
 1.93063388e+02
 1.93067330e+02
 1.93062228e+02
 1.93052446e+02
 1.93051015e+02
 1.93062477e+02
 1.93056645e+02
 1.93061577e+02
 1.93062937e+02
 1.93046222e+02
 1.93060787e+02
 1.93077065e+02
 1.93062788e+02
 1.93053965e+02
 1.93062423e+02
 1.93066522e+02
 1.93059515e+02
 1.93052496e+02
 1.93050319e+02
 1.93062880e+02
 1.93067707e+02
 1.93061853e+02
 1.93082040e+02
 1.93072626e+02
 1.93043879e+02
 1.93055756e+02
 1.93067718e+02
 1.93059286e+02
 1.93058642e+02
 1.93063976e+02
 1.93056842e+02
 1.93058972e+02
 1.93071812e+02
 1.93070914e+02
 1.93069116e+02
 1.93062876e+02
 1.93052336e+02
 1.93056413e+02
 1.93066659e+02
 1.93062158e+02
 1.93052834e+02
 1.93064474e+02
 1.93077814e+02
 1.93063610e+02
 1.93055110e+02
 1.93062959e+02
 1.93063827e+02
 1.93060789e+02
 1.93064186e+02
 1.93070061e+02
 1.93057955e+02
 1.93060141e+02
 1.93061085e+02
 1.93057356e+02
 1.93067631e+02
 1.93061597e+02
 1.93052451e+02
 1.93059057e+02
 1.93051529e+02
 1.93043724e+02
 1.93068320e+02
 1.93071340e+02
 1.93059694e+02
 1.93073403e+02
 1.93058346e+02
 1.93048026e+02
 1.93061599e+02
 1.93070178e+02
 1.93064020e+02
 1.93054955e+02
 1.93063051e+02
 1.93068715e+02
 1.93062219e+02
 1.93056019e+02
 1.93062021e+02
 1.93070694e+02
 1.93065607e+02
 1.93045609e+02
 1.93065443e+02
 1.93081490e+02
 1.93073692e+02
 1.93063814e+02
 1.93052334e+02
 1.93067557e+02
 1.93069247e+02
 1.93068010e+02
 1.93072747e+02
 1.93059308e+02
 1.93059883e+02
 1.93070782e+02
 1.93074376e+02
 1.93073037e+02
 1.93069646e+02
 1.93054921e+02
 1.93063251e+02
 1.93079374e+02
 1.93070146e+02
 1.93070400e+02
 1.93057111e+02
 1.93054030e+02
 1.93079179e+02
 1.93074563e+02
 1.93051196e+02
 1.93067346e+02
 1.93073773e+02
 1.93061839e+02
 1.93065165e+02
 1.93053889e+02
 1.93069940e+02
 1.93068861e+02
 1.93061615e+02
 1.93071327e+02
 1.93064061e+02
 1.93065178e+02
 1.93065479e+02
 1.93069823e+02
 1.93062340e+02
 1.93059723e+02
 1.93065558e+02
 1.93061296e+02
 1.93056313e+02
 1.93067781e+02
 1.93074394e+02
 1.93066702e+02
 1.93063691e+02
 1.93057975e+02
 1.93061741e+02
 1.93064364e+02
 1.93054197e+02
 1.93064285e+02
 1.93082154e+02
 1.93063767e+02
 1.93060293e+02
 1.93057520e+02
 1.93054336e+02
 1.93070869e+02
 1.93065641e+02
 1.93060764e+02
 1.93058451e+02
 1.93065109e+02
 1.93054596e+02
 1.93054876e+02
 1.93080099e+02
 1.93058393e+02
 1.93058265e+02
 1.93080105e+02
 1.93060614e+02
 1.93044792e+02
 1.93052431e+02
 1.93077606e+02
 1.93075292e+02
 1.93054901e+02
 1.93050759e+02
 1.93054526e+02
 1.93075348e+02
 1.93072931e+02
 1.93062501e+02
 1.93058727e+02
 1.93053894e+02
 1.93060387e+02
 1.93055729e+02
 1.93068567e+02
 1.93076383e+02
 1.93054863e+02
 1.93049397e+02
 1.93059194e+02
 1.93065490e+02
 1.93075169e+02
 1.93060475e+02
 1.93058011e+02
 1.93074906e+02
 1.93056530e+02
 1.93063318e+02
 1.93070032e+02
 1.93055805e+02
 1.93055922e+02
 1.93068755e+02
 1.93076160e+02
 1.93058489e+02
 1.93062005e+02
 1.93069388e+02
 1.93060975e+02
 1.93067568e+02
 1.93063244e+02
 1.93057170e+02
 1.93073948e+02
 1.93069514e+02
 1.93059405e+02
 1.93061770e+02
 1.93054149e+02
 1.93072193e+02
 1.93064348e+02
 1.93048239e+02
 1.93071203e+02
 1.93067644e+02
 1.93065670e+02
 1.93076403e+02
 1.93061756e+02
 1.93059463e+02
 1.93075204e+02
 1.93064584e+02
 1.93064586e+02
 1.93061821e+02
 1.93061301e+02
 1.93072741e+02
 1.93071295e+02
 1.93071114e+02
 1.93059218e+02
 1.93060439e+02
 1.93067171e+02
 1.93070604e+02
 1.93065064e+02
 1.93059658e+02
 1.93057170e+02
 1.93058857e+02
 1.93076802e+02
 1.93064303e+02
 1.93065142e+02
 1.93082134e+02
 1.93067804e+02
 1.93066650e+02
 1.93065800e+02
 1.93065959e+02
 1.93065730e+02
 1.93059016e+02
 1.93061128e+02
 1.93073147e+02
 1.93074556e+02
 1.93050965e+02
 1.93069426e+02
 1.93085410e+02
 1.93055502e+02
 1.93054838e+02
 1.93062598e+02
 1.93068125e+02
 1.93081784e+02
 1.93067157e+02
 1.93056010e+02
 1.93068030e+02
 1.93058981e+02
 1.93060908e+02
 1.93075005e+02
 1.93070241e+02
 1.93061687e+02
 1.93054930e+02
 1.93061058e+02
 1.93068764e+02
 1.93073797e+02
 1.93068333e+02
 1.93059001e+02
 1.93062492e+02
 1.93065086e+02
 1.93066794e+02
 1.93072105e+02
 1.93065102e+02
 1.93062400e+02
 1.93069612e+02
 1.93057726e+02
 1.93067644e+02
 1.93072438e+02
 1.93061732e+02
 1.93065692e+02
 1.93065614e+02
 1.93069101e+02
 1.93067539e+02
 1.93058642e+02
 1.93057915e+02
 1.93075337e+02
 1.93066134e+02
 1.93059795e+02
 1.93066801e+02
 1.93062546e+02
 1.93070492e+02
 1.93065142e+02
 1.93059524e+02
 1.93068161e+02
 1.93068259e+02
 1.93070730e+02
 1.93069745e+02
 1.93064997e+02
 1.93076892e+02
 1.93058404e+02
 1.93043480e+02
 1.93066763e+02
 1.93073061e+02
 1.93060145e+02
 1.93071565e+02
 1.93069031e+02
 1.93055336e+02
 1.93067909e+02
 1.93063038e+02
 1.93066805e+02
 1.93083409e+02
 1.93069300e+02
 1.93049915e+02
 1.93066148e+02
 1.93080803e+02
 1.93057868e+02
 1.93047918e+02
 1.93069612e+02
 1.93075485e+02
 1.93054832e+02
 1.93061640e+02
 1.93074798e+02
 1.93068199e+02
 1.93065398e+02
 1.93055487e+02
 1.93062066e+02
 1.93077242e+02
 1.93064346e+02
 1.93062142e+02
 1.93069292e+02
 1.93062403e+02
 1.93069045e+02
 1.93075759e+02
 1.93063287e+02
 1.93073874e+02
 1.93076576e+02
 1.93062557e+02
 1.93059930e+02
 1.93055608e+02
 1.93062023e+02
 1.93065986e+02
 1.93071327e+02
 1.93068547e+02
 1.93057749e+02
 1.93066911e+02
 1.93063282e+02
 1.93055949e+02
 1.93070797e+02
 1.93065190e+02
 1.93056847e+02
 1.93072173e+02
 1.93071675e+02
 1.93062824e+02
 1.93071071e+02
 1.93072307e+02
 1.93065405e+02
 1.93058662e+02
 1.93058402e+02
 1.93058325e+02
 1.93069247e+02
 1.93079547e+02
 1.93064952e+02
 1.93059102e+02
 1.93069597e+02
 1.93067752e+02
 1.93053510e+02
 1.93066065e+02
 1.93063464e+02
 1.93070728e+02
 1.93067108e+02
 1.93056279e+02
 1.93072242e+02
 1.93061126e+02
 1.93070869e+02
 1.93081129e+02
 1.93063845e+02
 1.93060996e+02
 1.93071643e+02
 1.93069960e+02
 1.93060500e+02
 1.93050050e+02
 1.93055808e+02
 1.93063937e+02
 1.93061862e+02
 1.93063464e+02
 1.93070263e+02
 1.93072765e+02
 1.93070907e+02
 1.93056405e+02
 1.93062988e+02
 1.93065847e+02
 1.93067281e+02
 1.93069303e+02
 1.93059634e+02
 1.93066242e+02
 1.93058298e+02
 1.93063082e+02
 1.93060603e+02
 1.93048378e+02
 1.93080363e+02
 1.93081218e+02
 1.93058745e+02
 1.93054161e+02
 1.93058404e+02
 1.93083615e+02
 1.93066751e+02
 1.93054589e+02
 1.93081169e+02
 1.93077040e+02
 1.93040096e+02
 1.93060760e+02
 1.93070817e+02
 1.93051582e+02
 1.93068187e+02
 1.93070528e+02
 1.93063078e+02
 1.93058433e+02
 1.93062306e+02
 1.93071208e+02
 1.93074172e+02
 1.93062097e+02
 1.93061222e+02
 1.93070007e+02
 1.93063563e+02
 1.93067579e+02
 1.93064741e+02
 1.93048320e+02
 1.93061617e+02
 1.93066868e+02
 1.93054048e+02
 1.93061047e+02
 1.93064238e+02
 1.93067822e+02
 1.93079051e+02
 1.93068955e+02
 1.93064839e+02
 1.93075797e+02
 1.93047698e+02
 1.93050568e+02
 1.93076950e+02
 1.93062387e+02
 1.93058276e+02
 1.93064541e+02
 1.93064541e+02
 1.93076730e+02
 1.93068701e+02
 1.93048194e+02
 1.93056030e+02
 1.93079257e+02
 1.93070577e+02
 1.93057832e+02
 1.93064550e+02
 1.93052935e+02
 1.93053979e+02
 1.93069130e+02
 1.93064052e+02
 1.93063563e+02
 1.93083362e+02
 1.93060396e+02
 1.93055769e+02
 1.93062185e+02
 1.93054733e+02
 1.93068167e+02
 1.93072714e+02
 1.93068504e+02
 1.93051926e+02
 1.93068585e+02
 1.93074843e+02
 1.93060688e+02
 1.93054470e+02
 1.93052951e+02
 1.93072500e+02
 1.93070867e+02
 1.93061882e+02
 1.93066235e+02
 1.93075586e+02
 1.93071461e+02
 1.93062564e+02
 1.93051789e+02
 1.93061081e+02
 1.93070629e+02
 1.93040881e+02
 1.93068787e+02
 1.93074457e+02
 1.93060785e+02
 1.93072417e+02
 1.93066558e+02
 1.93060370e+02
 1.93048870e+02
 1.93069011e+02
 1.93061085e+02
 1.93058126e+02
 1.93070191e+02
 1.93070120e+02
 1.93059589e+02
 1.93051493e+02
 1.93065439e+02
 1.92332040e+02
 1.92456392e+02
 1.92893264e+02
 1.93023187e+02
 1.93095094e+02
 1.93082951e+02
 1.93057544e+02
 1.93076737e+02
 1.93068042e+02
 1.93051098e+02
 1.93054066e+02
 1.93076160e+02
 1.93070678e+02
 1.93052339e+02
 1.93057538e+02
 1.93074289e+02
 1.93061500e+02
 1.93068697e+02
 1.93072144e+02
 1.93055940e+02
 1.93059326e+02
 1.93054309e+02
 1.93066471e+02
 1.93042946e+02
 1.93061025e+02
 1.93097508e+02
 1.93073797e+02
 1.93066152e+02
 1.93057282e+02
 1.93072034e+02
 1.93075083e+02
 1.93054140e+02
 1.93042569e+02
 1.93056474e+02
 1.93075263e+02
 1.93070716e+02
 1.93052882e+02
 1.93064011e+02
 1.93068477e+02
 1.93034271e+02
 1.93074381e+02
 1.93092455e+02
 1.93048210e+02
 1.93068544e+02
 1.93076585e+02
 1.93044700e+02
 1.93052610e+02
 1.93081692e+02
 1.93081972e+02
 1.93048762e+02
 1.93061065e+02
 1.93068277e+02
 1.93052561e+02
 1.93065138e+02
 1.93052509e+02
 1.93064925e+02
 1.93035088e+02
 1.93053766e+02
 1.93096442e+02
 1.93067265e+02
 1.93079693e+02
 1.93074473e+02
 1.93048585e+02
 1.93057897e+02
 1.93080119e+02
 1.93051580e+02
 1.93054217e+02
 1.93073616e+02
 1.93057773e+02
 1.93075249e+02
 1.93076039e+02
 1.93061123e+02
 1.93026270e+02
 1.93058799e+02
 1.93083981e+02
 1.93064319e+02
 1.93090415e+02
 1.93078562e+02
 1.93061406e+02
 1.93044420e+02
 1.93055936e+02
 1.93065017e+02
 1.93064622e+02
 1.93078357e+02
 1.93060587e+02
 1.93058081e+02
 1.93073030e+02
 1.93063596e+02
 1.93039167e+02
 1.93066329e+02
 1.93064716e+02
 1.93030419e+02
 1.93089201e+02
 1.93091158e+02
 1.93049897e+02
 1.93068724e+02
 1.93061990e+02
 1.93048010e+02
 1.93057897e+02
 1.93081297e+02
 1.93071544e+02
 1.93043969e+02
 1.93054910e+02
 1.93077181e+02
 1.93033822e+02
 1.93046087e+02
 1.93088530e+02
 1.93063246e+02
 1.93060401e+02
 1.93070398e+02
 1.93080186e+02
 1.93048015e+02
 1.93043244e+02
 1.93088720e+02
 1.93061144e+02
 1.93055334e+02
 1.93084982e+02
 1.93061276e+02
 1.93050263e+02
 1.93061267e+02
 1.93063103e+02
 1.93054327e+02
 1.93062952e+02
 1.93085565e+02
 1.93060399e+02
 1.93046940e+02
 1.93066065e+02
 1.93064063e+02
 1.93043170e+02
 1.93064420e+02
 1.93085868e+02
 1.93069444e+02
 1.93067157e+02
 1.93053232e+02
 1.93067552e+02
 1.93076587e+02
 1.93061121e+02
 1.93053232e+02
 1.93053234e+02
 1.93053108e+02
 1.93056131e+02
 1.93052184e+02
 1.93083864e+02
 1.93086153e+02
 1.93050243e+02
 1.93076953e+02
 1.93071145e+02
 1.93053788e+02
 1.93031626e+02
 1.93073964e+02
 1.93085888e+02
 1.93055283e+02
 1.93065995e+02
 1.93067916e+02
 1.93065257e+02
 1.93055693e+02
 1.93078539e+02
 1.93069765e+02
 1.93030262e+02
 1.93050793e+02
 1.93083317e+02
 1.93076015e+02
 1.93060738e+02
 1.93065580e+02
 1.93055581e+02
 1.93050382e+02
 1.93062530e+02
 1.93052895e+02
 1.93065178e+02
 1.93100031e+02
 1.93074383e+02
 1.93041954e+02
 1.93061572e+02
 1.93069594e+02
 1.93059672e+02
 1.93028312e+02
 1.93074210e+02
 1.93098996e+02
 1.93055242e+02
 1.93058613e+02
 1.93061377e+02
 1.93062104e+02
 1.93344837e+02
 1.93861338e+02
 1.93510021e+02
 1.93105161e+02
 1.93048742e+02
 1.93040309e+02
 1.93072931e+02
 1.93066498e+02
 1.93054787e+02
 1.93063767e+02
 1.93064070e+02
 1.93070328e+02
 1.93062454e+02
 1.93051380e+02
 1.93079901e+02
 1.93067624e+02
 1.93058395e+02
 1.93071078e+02
 1.93063567e+02
 1.93060518e+02
 1.93068244e+02
 1.93055033e+02
 1.93045021e+02
 1.93067981e+02
 1.93070111e+02
 1.93065483e+02
 1.93066904e+02
 1.93062250e+02
 1.93062454e+02
 1.93067007e+02
 1.93065086e+02
 1.93060830e+02
 1.93065288e+02
 1.93069556e+02
 1.93057982e+02
 1.93064783e+02
 1.93067223e+02
 1.93052518e+02
 1.93048879e+02
 1.93066071e+02
 1.93070804e+02
 1.93064774e+02
 1.93070133e+02
 1.93070261e+02
 1.93068757e+02
 1.93059696e+02
 1.93063262e+02
 1.93057980e+02
 1.93052247e+02
 1.93070732e+02
 1.93076870e+02
 1.93056952e+02
 1.93056472e+02
 1.93060836e+02
 1.93053999e+02
 1.93073941e+02
 1.93075534e+02
 1.93061532e+02
 1.93068147e+02
 1.93067853e+02
 1.93063668e+02
 1.93065407e+02
 1.93068589e+02
 1.93061209e+02
 1.93059984e+02
 1.93056319e+02
 1.93063668e+02
 1.93063567e+02
 1.93042506e+02
 1.93063163e+02
 1.93074973e+02
 1.93079854e+02
 1.93063771e+02
 1.93047683e+02
 1.93070270e+02
 1.93074287e+02
 1.93054782e+02
 1.93043913e+02
 1.93054423e+02
 1.93067377e+02
 1.93074951e+02
 1.93069947e+02
 1.93058195e+02
 1.93054183e+02
 1.93063062e+02
 1.93068401e+02
 1.93064575e+02
 1.93066294e+02
 1.93076255e+02
 1.93057363e+02
 1.93050418e+02
 1.93071645e+02
 1.93070871e+02
 1.93061330e+02
 1.93076412e+02
 1.93063670e+02
 1.93053261e+02
 1.93050696e+02
 1.93061245e+02
 1.93081306e+02
 1.93073582e+02
 1.93060495e+02
 1.93051230e+02
 1.93077134e+02
 1.93073427e+02
 1.93070586e+02
 1.93065120e+02
 1.93063776e+02
 1.93061085e+02
 1.93063982e+02
 1.93051302e+02
 1.93037473e+02
 1.93073611e+02
 1.93072341e+02
 1.93071975e+02
 1.93061718e+02
 1.93067063e+02
 1.93080218e+02
 1.93057138e+02
 1.93050880e+02
 1.93054547e+02
 1.93068380e+02
 1.93052323e+02
 1.93048656e+02
 1.93070346e+02
 1.93071087e+02
 1.93072862e+02
 1.93063260e+02
 1.93052033e+02
 1.93066825e+02
 1.93061530e+02
 1.93075932e+02
 1.93072824e+02
 1.93051852e+02
 1.93067669e+02
 1.93057111e+02
 1.93053775e+02
 1.93074383e+02
 1.93076515e+02
 1.93049904e+02
 1.93055399e+02
 1.93075525e+02
 1.93057731e+02
 1.93059889e+02
 1.93071544e+02
 1.93066749e+02
 1.93066754e+02
 1.93066244e+02
 1.93058525e+02
 1.93058334e+02
 1.93066747e+02
 1.93062335e+02
 1.93060287e+02
 1.93058864e+02
 1.93065407e+02
 1.93064487e+02
 1.93058765e+02
 1.93074724e+02
 1.93068917e+02
 1.93046552e+02
 1.93067346e+02
 1.93069096e+02
 1.93055177e+02
 1.93066837e+02
 1.93068690e+02
 1.93064081e+02
 1.93070768e+02
 1.93069453e+02
 1.93060468e+02
 1.93056048e+02
 1.93058639e+02
 1.93060289e+02
 1.93062748e+02
 1.93067662e+02
 1.93064696e+02
 1.93062952e+02
 1.93063363e+02
 1.93072206e+02
 1.93066044e+02
 1.93067187e+02
 1.93061604e+02
 1.93055525e+02
 1.93069855e+02
 1.93066565e+02
 1.93057991e+02
 1.93052056e+02
 1.93061622e+02
 1.93060704e+02
 1.93063056e+02
 1.93079372e+02
 1.93063157e+02
 1.93050833e+02
 1.93062952e+02
 1.93072489e+02
 1.93060280e+02
 1.93061310e+02
 1.93076843e+02
 1.93053268e+02
 1.93058132e+02
 1.93067052e+02
 1.93060287e+02
 1.93066641e+02
 1.93052828e+02
 1.93057053e+02
 1.93062856e+02
 1.93068854e+02
 1.93073066e+02
 1.93061725e+02
 1.93057845e+02
 1.93061323e+02
 1.93055639e+02
 1.93074655e+02
 1.93083279e+02
 1.93033477e+02
 1.93053348e+02
 1.93092868e+02
 1.93069426e+02
 1.93043096e+02
 1.93056052e+02
 1.93078833e+02
 1.93055918e+02
 1.93069480e+02
 1.93070117e+02
 1.93051205e+02
 1.93057672e+02
 1.93070479e+02
 1.93068158e+02
 1.93049224e+02
 1.93076789e+02
 1.93080085e+02
 1.93044193e+02
 1.93050162e+02
 1.93068834e+02
 1.93068443e+02
 1.93068560e+02
 1.93073497e+02
 1.93065623e+02
 1.93063774e+02
 1.93062232e+02
 1.93054652e+02
 1.93057547e+02
 1.93054120e+02
 1.93067725e+02
 1.93061130e+02
 1.93061031e+02
 1.93072197e+02
 1.93064586e+02
 1.93060309e+02
 1.93062551e+02
 1.93069267e+02
 1.93067140e+02
 1.93050638e+02
 1.93060325e+02
 1.93069754e+02
 1.93052830e+02
 1.93068926e+02
 1.93067216e+02
 1.93058397e+02
 1.93054782e+02
 1.93065580e+02
 1.93073984e+02
 1.93068239e+02
 1.93062854e+02
 1.93058388e+02
 1.93078847e+02
 1.93067665e+02
 1.93062337e+02
 1.93067261e+02
 1.93058233e+02
 1.93062952e+02
 1.93067873e+02
 1.93063157e+02
 1.93055682e+02
 1.93060708e+02
 1.93070824e+02
 1.93064489e+02
 1.93055897e+02
 1.93070111e+02
 1.93066029e+02
 1.93055175e+02
 1.93058469e+02
 1.93063668e+02
 1.93071221e+02
 1.93065102e+02
 1.93052749e+02
 1.93065908e+02
 1.93069283e+02
 1.93064590e+02
 1.93061420e+02
 1.93053988e+02
 1.93064175e+02
 1.93058998e+02
 1.93055675e+02
 1.93072572e+02
 1.93067326e+02
 1.93069476e+02
 1.93060100e+02
 1.93053714e+02
 1.93073723e+02
 1.93065403e+02
 1.93068573e+02
 1.93057847e+02
 1.93075952e+02
 1.93070052e+02
 1.93053903e+02
 1.93068805e+02
 1.93059048e+02
 1.93047128e+02
 1.93056366e+02
 1.93067517e+02
 1.93068645e+02
 1.93069785e+02
 1.93055009e+02
 1.93058696e+02
 1.93052253e+02
 1.93070829e+02
 1.93091808e+02
 1.93075638e+02
 1.93059328e+02
 1.93065946e+02
 1.93060571e+02
 1.93046614e+02
 1.93068688e+02
 1.93061005e+02
 1.93055904e+02
 1.93070822e+02
 1.93052137e+02
 1.93060924e+02
 1.93087298e+02
 1.93067279e+02
 1.93046823e+02
 1.93054392e+02
 1.93074073e+02
 1.93064386e+02
 1.93060908e+02
 1.93061115e+02
 1.93040249e+02
 1.93064270e+02
 1.93078135e+02
 1.93069572e+02
 1.93059492e+02
 1.93083936e+02
 1.93076800e+02
 1.93034653e+02
 1.93071136e+02
 1.93063670e+02
 1.93051919e+02
 1.93079013e+02
 1.93045780e+02
 1.93056463e+02
 1.93067622e+02
 1.93067328e+02
 1.93082498e+02
 1.93047896e+02
 1.93061121e+02
 1.93080967e+02
 1.93057816e+02
 1.93048459e+02
 1.93066009e+02
 1.93068051e+02
 1.93064997e+02
 1.93047705e+02
 1.93061644e+02
 1.93087495e+02
 1.93051306e+02
 1.93056759e+02
 1.93068542e+02
 1.93071417e+02
 1.93064384e+02
 1.93052763e+02
 1.93065804e+02
 1.93060313e+02
 1.93063973e+02
 1.93074370e+02
 1.93062136e+02
 1.93061218e+02
 1.93052076e+02
 1.93057697e+02
 1.93070651e+02
 1.93052949e+02
 1.93071549e+02
 1.93075357e+02
 1.93064485e+02
 1.93066733e+02
 1.93052458e+02
 1.93057075e+02
 1.93076367e+02
 1.93069390e+02
 1.93061420e+02
 1.93063464e+02
 1.93071354e+02
 1.93064081e+02
 1.93056290e+02
 1.93058256e+02
 1.93069594e+02
 1.93086236e+02
 1.93068762e+02
 1.93042167e+02
 1.93055980e+02
 1.93079087e+02
 1.93066255e+02
 1.93060675e+02
 1.93049891e+02
 1.93059883e+02
 1.93074848e+02
 1.93060278e+02
 1.93058951e+02
 1.93067258e+02
 1.93060798e+02
 1.93068598e+02
 1.93063877e+02
 1.93062950e+02
 1.93066242e+02
 1.93055761e+02
 1.93070346e+02
 1.93054125e+02
 1.93051937e+02
 1.93075198e+02
 1.93052343e+02
 1.93068661e+02
 1.93078631e+02
 1.93056173e+02
 1.93061622e+02
 1.93067052e+02
 1.93069940e+02
 1.93053914e+02
 1.93067155e+02
 1.93069635e+02
 1.93071827e+02
 1.93069271e+02
 1.93044052e+02
 1.93053636e+02
 1.93060098e+02
 1.93068975e+02
 1.93062851e+02
 1.93070838e+02
 1.93061824e+02
 1.93063567e+02
 1.93078916e+02
 1.93059537e+02
 1.93051430e+02
 1.93068084e+02
 1.93079367e+02
 1.93060356e+02
 1.93063673e+02
 1.93058810e+02
 1.93046610e+02
 1.93064386e+02
 1.93080743e+02
 1.93071026e+02
 1.93054766e+02
 1.93053371e+02
 1.93056292e+02
 1.93059786e+02
 1.93068576e+02
 1.93064079e+02
 1.93060908e+02
 1.93073409e+02
 1.93073158e+02
 1.93064810e+02
 1.93055927e+02
 1.93049816e+02
 1.93066433e+02
 1.93069826e+02
 1.93064184e+02
 1.93061204e+02
 1.93073764e+02
 1.93059131e+02
 1.93046547e+02
 1.93074109e+02
 1.93092769e+02
 1.93078674e+02
 1.93062939e+02
 1.93056633e+02
 1.93052278e+02
 1.93072451e+02
 1.93066190e+02
 1.93064305e+02
 1.93061157e+02
 1.93067243e+02
 1.93072631e+02
 1.93051255e+02
 1.93063361e+02
 1.93077363e+02
 1.93056290e+02
 1.93064202e+02
 1.93068104e+02
 1.93047799e+02
 1.93082302e+02
 1.93067595e+02
 1.93044375e+02
 1.93069875e+02
 1.93063464e+02
 1.93054434e+02
 1.93062836e+02
 1.93063569e+02
 1.93065140e+02
 1.93061265e+02
 1.93066294e+02
 1.93067768e+02
 1.93057275e+02
 1.93075761e+02
 1.93059672e+02
 1.93053914e+02
 1.93059387e+02
 1.93056274e+02
 1.93079659e+02
 1.93066722e+02
 1.93056748e+02
 1.93063361e+02
 1.93077031e+02
 1.93051367e+02
 1.93040864e+02
 1.93075927e+02
 1.93061902e+02
 1.93064819e+02
 1.93062111e+02
 1.93059719e+02
 1.93079962e+02
 1.93069455e+02
 1.93066731e+02
 1.93053790e+02
 1.93047804e+02
 1.93058898e+02
 1.93071881e+02
 1.93068890e+02
 1.93049518e+02
 1.93074489e+02
 1.93067642e+02
 1.93064929e+02
 1.93071226e+02
 1.93058426e+02
 1.93060322e+02
 1.93059806e+02
 1.93049841e+02
 1.93064813e+02
 1.93089055e+02
 1.93054127e+02
 1.93050640e+02
 1.93068250e+02
 1.93066697e+02
 1.93060129e+02
 1.93059510e+02
 1.93077132e+02
 1.93061790e+02
 1.93056988e+02
 1.93062840e+02
 1.93048831e+02
 1.93064498e+02
 1.93071549e+02
 1.93059833e+02
 1.93059530e+02
 1.93065329e+02
 1.93070416e+02
 1.93061180e+02
 1.93056108e+02
 1.93073003e+02
 1.93071488e+02
 1.93054609e+02
 1.93068668e+02
 1.93067429e+02
 1.93065450e+02
 1.93065243e+02
 1.93054798e+02
 1.93063985e+02
 1.93060861e+02
 1.93057338e+02
 1.93064813e+02
 1.93080669e+02
 1.93076506e+02
 1.93047074e+02
 1.93058245e+02
 1.93076443e+02
 1.93060210e+02
 1.93054367e+02
 1.93065030e+02
 1.93076881e+02
 1.93059997e+02
 1.93040724e+02
 1.93062326e+02
 1.93078443e+02
 1.93061794e+02
 1.93051609e+02
 1.93070631e+02
 1.93070557e+02
 1.93061898e+02
 1.93048392e+02
 1.93067402e+02
 1.93080458e+02
 1.93049379e+02
 1.93055689e+02
 1.93062741e+02
 1.93073420e+02
 1.93067734e+02
 1.93068580e+02
 1.93069541e+02
 1.93038566e+02
 1.93060468e+02
 1.93059649e+02
 1.93062023e+02
 1.93078041e+02
 1.93075445e+02
 1.93075633e+02
 1.93053389e+02
 1.93061581e+02
 1.93072269e+02
 1.93063991e+02
 1.93070521e+02
 1.93058195e+02
 1.93058630e+02
 1.93067667e+02
 1.93052561e+02
 1.93060749e+02
 1.93069844e+02
 1.93079989e+02
 1.93073645e+02
 1.93058049e+02
 1.93051208e+02
 1.93058103e+02
 1.93077163e+02
 1.93050187e+02
 1.93062311e+02
 1.93078216e+02
 1.93053546e+02
 1.93062833e+02
 1.93066834e+02
 1.93057259e+02
 1.93062205e+02
 1.93075362e+02
 1.93063993e+02
 1.93053454e+02
 1.93064200e+02
 1.93075278e+02
 1.93049760e+02
 1.93055711e+02
 1.93077318e+02
 1.93070856e+02
 1.93065477e+02
 1.93061559e+02
 1.93057233e+02
 1.93058622e+02
 1.93064411e+02
 1.93067467e+02
 1.93069381e+02
 1.93051235e+02
 1.93061575e+02
 1.93068405e+02
 1.93056847e+02
 1.93066614e+02
 1.93069040e+02
 1.93062306e+02
 1.93068632e+02
 1.93056927e+02
 1.93054125e+02
 1.93073753e+02
 1.93077843e+02
 1.93065589e+02
 1.93054771e+02
 1.93055235e+02
 1.93048686e+02
 1.93068796e+02
 1.93076178e+02
 1.93059041e+02
 1.93068944e+02
 1.93052630e+02
 1.93067454e+02
 1.93073479e+02
 1.93053871e+02
 1.93062519e+02
 1.93063569e+02
 1.93071365e+02
 1.93056826e+02
 1.93060313e+02
 1.93071461e+02
 1.93071497e+02
 1.93068769e+02
 1.93053505e+02
 1.93063569e+02
 1.93067909e+02
 1.93054800e+02
 1.93067474e+02
 1.93083227e+02
 1.93060049e+02
 1.93049022e+02
 1.93062937e+02
 1.93058292e+02
 1.93069484e+02
 1.93056707e+02
 1.93049087e+02
 1.93070167e+02
 1.93074094e+02
 1.93055776e+02
 1.93065988e+02
 1.93084003e+02
 1.93041667e+02
 1.93057165e+02
 1.93071868e+02
 1.93056111e+02
 1.93067140e+02
 1.93069886e+02
 1.93065997e+02
 1.93068118e+02
 1.93062512e+02
 1.93057233e+02
 1.93077760e+02
 1.93053499e+02
 1.93048098e+02
 1.93073661e+02
 1.93064730e+02
 1.93064202e+02
 1.93058512e+02
 1.93071904e+02
 1.93070140e+02
 1.93056261e+02
 1.93064629e+02
 1.93056077e+02
 1.93058312e+02
 1.93069040e+02
 1.93062728e+02
 1.93044819e+02
 1.93044709e+02
 1.93080868e+02
 1.93091912e+02
 1.93063993e+02
 1.93051439e+02
 1.93074643e+02
 1.93066006e+02
 1.93056802e+02
 1.93069280e+02
 1.93057544e+02
 1.93068856e+02
 1.93048389e+02
 1.93033394e+02
 1.93074747e+02
 1.93096276e+02
 1.93056705e+02
 1.93045430e+02
 1.93086039e+02
 1.93048838e+02
 1.93037462e+02
 1.93062535e+02
 1.93070703e+02
 1.93070629e+02
 1.93054540e+02
 1.93073744e+02
 1.93068053e+02
 1.93062735e+02
 1.93069738e+02
 1.93071863e+02
 1.93065571e+02
 1.93060832e+02
 1.93072536e+02
 1.93055552e+02
 1.93045452e+02
 1.93069727e+02
 1.93076479e+02
 1.93045230e+02
 1.93061797e+02
 1.93079369e+02
 1.93044128e+02
 1.93056203e+02
 1.93063464e+02
 1.93093539e+02
 1.93054013e+02
 1.93058653e+02
 1.93072368e+02
 1.93066722e+02
 1.93065255e+02
 1.93060414e+02
 1.93055913e+02
 1.93070387e+02
 1.93063150e+02
 1.93057383e+02
 1.93068708e+02
 1.93062730e+02
 1.93055087e+02
 1.93060437e+02
 1.93070676e+02
 1.93061790e+02
 1.93062315e+02
 1.93069644e+02
 1.93067142e+02
 1.93059263e+02
 1.93057809e+02
 1.93066395e+02
 1.93073021e+02
 1.93062201e+02
 1.93061678e+02
 1.93065463e+02
 1.93050048e+02
 1.93063778e+02
 1.93073730e+02
 1.93050173e+02
 1.93050896e+02
 1.93069063e+02
 1.93076389e+02
 1.93065663e+02
 1.93058653e+02
 1.93063884e+02
 1.93066917e+02
 1.93060953e+02
 1.93053977e+02
 1.93047528e+02
 1.93066558e+02
 1.93083813e+02
 1.93068380e+02
 1.93049801e+02
 1.93048876e+02
 1.93081277e+02
 1.93074430e+02
 1.93058862e+02
 1.93067963e+02
 1.93055523e+02
 1.93056286e+02
 1.93067416e+02
 1.93061592e+02
 1.93071174e+02
 1.93064824e+02
 1.93050761e+02
 1.93050649e+02
 1.93074311e+02
 1.93077617e+02
 1.93056999e+02
 1.93062631e+02
 1.93062946e+02
 1.93063464e+02
 1.93066067e+02
 1.93075590e+02
 1.93053216e+02
 1.93044074e+02
 1.93066354e+02
 1.93068430e+02
 1.93062948e+02
 1.93069689e+02
 1.93066585e+02
 1.93065549e+02
 1.93059925e+02
 1.93057753e+02
 1.93069698e+02
 1.93055056e+02
 1.93057264e+02
 1.93069563e+02
 1.93048515e+02
 1.93056602e+02
 1.93085693e+02
 1.93079908e+02
 1.93055327e+02
 1.93043908e+02
 1.93075649e+02
 1.93076571e+02
 1.93047667e+02
 1.93054692e+02
 1.93067279e+02
 1.93075162e+02
 1.93072211e+02
 1.93055029e+02
 1.93045174e+02
 1.93071812e+02
 1.93073512e+02
 1.93072319e+02
 1.93069009e+02
 1.93053438e+02
 1.93065445e+02
 1.93056180e+02
 1.93055074e+02
 1.93077888e+02
 1.93081059e+02
 1.93061256e+02
 1.93052148e+02
 1.93056584e+02
 1.93067422e+02
 1.93069314e+02
 1.93048154e+02
 1.93053229e+02
 1.93063257e+02
 1.93063567e+02
 1.93080247e+02
 1.93062528e+02
 1.93060244e+02
 1.93050018e+02
 1.93070795e+02
 1.93081981e+02
 1.93062732e+02
 1.93050344e+02
 1.93044685e+02
 1.93082661e+02
 1.93077846e+02
 1.93056676e+02
 1.93055561e+02
 1.93053119e+02
 1.93058830e+02
 1.93072231e+02
 1.93066982e+02
 1.93057569e+02
 1.93068012e+02
 1.93061707e+02
 1.93063879e+02
 1.93076652e+02
 1.93071509e+02
 1.93060118e+02
 1.93049621e+02
 1.93056120e+02
 1.93061608e+02
 1.93075781e+02
 1.93065232e+02
 1.93053306e+02
 1.93064911e+02
 1.93061294e+02
 1.93055630e+02
 1.93064597e+02
 1.93069547e+02
 1.93062948e+02
 1.93079751e+02
 1.93064507e+02
 1.93055765e+02
 1.93065854e+02
 1.93053925e+02
 1.93076647e+02
 1.93069832e+02
 1.93041748e+02
 1.93072783e+02
 1.93069289e+02
 1.93076116e+02
 1.93071773e+02
 1.93045840e+02
 1.93072359e+02
 1.93046657e+02
 1.93052487e+02
 1.93066668e+02
 1.93059539e+02
 1.93077244e+02
 1.93062528e+02
 1.93055271e+02
 1.93061085e+02
 1.93061606e+02
 1.93071432e+02
 1.93071677e+02
 1.93067846e+02
 1.93057001e+02
 1.93052262e+02
 1.93057580e+02
 1.93074112e+02
 1.93082545e+02
 1.93055307e+02
 1.93061797e+02
 1.93071825e+02
 1.93067974e+02
 1.93063989e+02
 1.93051428e+02
 1.93052132e+02
 1.93066888e+02
 1.93065335e+02
 1.93061595e+02
 1.93071062e+02
 1.93057114e+02
 1.93059831e+02
 1.93060253e+02
 1.93063257e+02
 1.93075512e+02
 1.93063987e+02
 1.93057221e+02
 1.93062946e+02
 1.93083624e+02
 1.93065988e+02
 1.93055173e+02
 1.93066294e+02
 1.93063989e+02
 1.93063044e+02
 1.93064514e+02
 1.93074309e+02
 1.93051257e+02
 1.93042721e+02
 1.93066058e+02
 1.93065748e+02
 1.93068876e+02
 1.93061382e+02
 1.93062631e+02
 1.93069197e+02
 1.93060648e+02
 1.93062840e+02
 1.93058366e+02
 1.93071796e+02
 1.93079300e+02
 1.93056945e+02
 1.93048001e+02
 1.93055058e+02
 1.93071246e+02
 1.93075151e+02
 1.93058864e+02
 1.93051499e+02
 1.93061496e+02
 1.93073124e+02
 1.93054116e+02
 1.93054064e+02
 1.93071935e+02
 1.93061913e+02
 1.93069372e+02
 1.93059007e+02
 1.93062948e+02
 1.93081569e+02
 1.93066711e+02
 1.93054789e+02
 1.93057843e+02
 1.93068044e+02
 1.93076223e+02
 1.93073571e+02
 1.93054935e+02
 1.93034399e+02
 1.93057071e+02
 1.93083238e+02
 1.93066801e+02
 1.93060026e+02
 1.93058785e+02
 1.93066062e+02
 1.93058065e+02
 1.93065746e+02
 1.93075442e+02
 1.93056476e+02
 1.93063361e+02
 1.93067113e+02
 1.93059088e+02
 1.93058996e+02
 1.93068037e+02
 1.93071183e+02
 1.93063778e+02
 1.93060123e+02
 1.93058671e+02
 1.93059099e+02
 1.93054046e+02
 1.93064083e+02
 1.93072783e+02
 1.93071477e+02
 1.93060859e+02
 1.93069307e+02
 1.93070270e+02
 1.93056346e+02
 1.93072157e+02
 1.93058850e+02
 1.93055942e+02
 1.93070045e+02
 1.93063989e+02
 1.93063047e+02
 1.93056256e+02
 1.93047900e+02
 1.93070918e+02
 1.93075961e+02
 1.93056894e+02
 1.93060863e+02
 1.93069399e+02
 1.93054102e+02
 1.93055805e+02
 1.93076425e+02
 1.93072123e+02
 1.93067862e+02
 1.93069240e+02
 1.93060731e+02
 1.93057488e+02
 1.93048977e+02
 1.93046321e+02
 1.93073360e+02
 1.93090552e+02
 1.93060318e+02
 1.93050831e+02
 1.93066798e+02
 1.93059508e+02
 1.93069612e+02
 1.93060753e+02
 1.93063569e+02
 1.93079064e+02
 1.93057901e+02
 1.93045113e+02
 1.93062014e+02
 1.93079394e+02
 1.93068701e+02
 1.93065250e+02
 1.93073048e+02
 1.93042163e+02
 1.93061067e+02
 1.93093727e+02
 1.93045226e+02
 1.93041786e+02
 1.93068964e+02
 1.93068668e+02
 1.93064716e+02
 1.93061588e+02
 1.93060861e+02
 1.93047312e+02
 1.93061817e+02
 1.93073793e+02
 1.93066056e+02
 1.93060147e+02
 1.93043188e+02
 1.93068486e+02
 1.93080379e+02
 1.93064397e+02
 1.93064918e+02
 1.93049615e+02
 1.93070687e+02
 1.93079356e+02
 1.93053788e+02
 1.93059423e+02
 1.93077704e+02
 1.93063047e+02
 1.93041382e+02
 1.93068520e+02
 1.93068017e+02
 1.93058604e+02
 1.93071127e+02
 1.93066166e+02
 1.93055170e+02
 1.93066260e+02
 1.93067301e+02
 1.93057452e+02
 1.93066675e+02
 1.93069280e+02
 1.93068255e+02
 1.93059402e+02
 1.93045970e+02
 1.93068520e+02
 1.93071542e+02
 1.93054975e+02
 1.93064705e+02
 1.93069056e+02
 1.93077520e+02
 1.93071217e+02
 1.93060632e+02
 1.93064723e+02
 1.93059589e+02
 1.93048977e+02
 1.93058904e+02
 1.93066884e+02
 1.93069803e+02
 1.93061592e+02
 1.93056615e+02
 1.93067095e+02
 1.93058799e+02
 1.93059844e+02
 1.93074242e+02
 1.93063464e+02
 1.93061491e+02
 1.93066374e+02
 1.93062010e+02
 1.93057654e+02
 1.93065849e+02
 1.93066475e+02
 1.93057035e+02
 1.93068856e+02
 1.93076181e+02
 1.93072274e+02
 1.93046309e+02
 1.93045858e+02
 1.93078369e+02
 1.93083326e+02
 1.93058215e+02
 1.93040971e+02
 1.93061604e+02
 1.93077370e+02
 1.93058680e+02
 1.93058900e+02
 1.93066058e+02
 1.93072204e+02
 1.93059090e+02
 1.93054852e+02
 1.93079273e+02
 1.93065555e+02
 1.93061478e+02
 1.93062732e+02
 1.93051288e+02
 1.93064503e+02
 1.93073351e+02
 1.93065030e+02
 1.93061377e+02
 1.93065448e+02
 1.93059084e+02
 1.93068892e+02
 1.93084706e+02
 1.93047772e+02
 1.93047081e+02
 1.93077543e+02
 1.93052193e+02
 1.93070553e+02
 1.93072052e+02
 1.93048935e+02
 1.93066590e+02
 1.93050994e+02
 1.93056335e+02
 1.93082751e+02
 1.93059508e+02
 1.93055473e+02
 1.93076562e+02
 1.93066807e+02
 1.93059393e+02
 1.93062317e+02
 1.93065863e+02
 1.93071100e+02
 1.93065037e+02
 1.93046967e+02
 1.93046608e+02
 1.93064391e+02
 1.93068208e+02
 1.93059853e+02
 1.93060583e+02
 1.93066347e+02
 1.93079719e+02
 1.93057856e+02
 1.93052819e+02
 1.93069038e+02
 1.93056656e+02
 1.93066246e+02
 1.93061918e+02
 1.93058011e+02
 1.93078216e+02
 1.93061395e+02
 1.93056856e+02
 1.93058729e+02
 1.93066861e+02
 1.93067591e+02
 1.93058929e+02
 1.93060583e+02
 1.93056079e+02
 1.93068591e+02
 1.93070977e+02
 1.93060684e+02
 1.93054327e+02
 1.93068080e+02
 1.93083606e+02
 1.93060661e+02
 1.93037525e+02
 1.93070631e+02
 1.93080996e+02
 1.93064294e+02
 1.93061806e+02
 1.93062429e+02
 1.93062739e+02
 1.93061500e+02
 1.93072898e+02
 1.93053205e+02
 1.93054807e+02
 1.93071192e+02
 1.93060576e+02
 1.93062537e+02
 1.93074630e+02
 1.93060356e+02
 1.93065641e+02
 1.93061290e+02
 1.93050472e+02
 1.93065418e+02
 1.93061819e+02
 1.93062438e+02
 1.93063157e+02
 1.93069018e+02
 1.93056063e+02
 1.93056198e+02
 1.93069296e+02
 1.93052534e+02
 1.93057670e+02
 1.93072624e+02
 1.93060304e+02
 1.93057872e+02
 1.93066208e+02
 1.93062245e+02
 1.93077238e+02
 1.93069314e+02
 1.93059257e+02
 1.93068187e+02
 1.93057513e+02
 1.93067258e+02
 1.93062952e+02
 1.93059057e+02
 1.93066641e+02
 1.93060697e+02
 1.93068798e+02
 1.93072424e+02
 1.93058720e+02
 1.93061817e+02
 1.93053514e+02
 1.93061319e+02
 1.93071143e+02
 1.93069736e+02
 1.93063980e+02
 1.93049819e+02
 1.93064384e+02
 1.93064590e+02
 1.93063875e+02
 1.93056723e+02
 1.93060105e+02
 1.93076641e+02
 1.93062030e+02
 1.93061007e+02
 1.93058969e+02
 1.93054612e+02
 1.93067429e+02
 1.93061736e+02
 1.93073147e+02
 1.93065203e+02
 1.93054587e+02
 1.93063159e+02
 1.93062753e+02
 1.93066316e+02
 1.93063262e+02
 1.93054522e+02
 1.93059618e+02
 1.93076459e+02
 1.93067341e+02
 1.93057654e+02
 1.93054937e+02
 1.93053972e+02
 1.93075186e+02
 1.93082533e+02
 1.93052426e+02
 1.93059292e+02
 1.93069574e+02
 1.93043590e+02
 1.93063767e+02
 1.93076219e+02
 1.93056974e+02
 1.93054883e+02
 1.93067698e+02
 1.93080714e+02
 1.93071744e+02
 1.93063260e+02
 1.93066850e+02
 1.93042751e+02
 1.93056784e+02
 1.93072581e+02
 1.93062450e+02
 1.93069260e+02
 1.93055336e+02
 1.93060224e+02
 1.93075243e+02
 1.93062753e+02
 1.93061429e+02
 1.93057069e+02
 1.93060428e+02
 1.93069038e+02
 1.93074767e+02
 1.93072171e+02
 1.93053023e+02
 1.93061119e+02
 1.93051078e+02
 1.93054082e+02
 1.93068504e+02
 1.93079181e+02
 1.93069484e+02
 1.93050635e+02
 1.93048315e+02
 1.93074765e+02
 1.93079432e+02
 1.93060913e+02
 1.93055729e+02
 1.93050514e+02
 1.93064676e+02
 1.93066493e+02
 1.93058823e+02
 1.93061653e+02
 1.93068302e+02
 1.93070952e+02
 1.93071798e+02
 1.93063363e+02
 1.93051486e+02
 1.93065185e+02
 1.93054477e+02
 1.93053021e+02
 1.93070086e+02
 1.93057145e+02
 1.93047124e+02
 1.93064557e+02
 1.93088153e+02
 1.93078434e+02
 1.93049404e+02
 1.93059640e+02
 1.93079726e+02
 1.93051935e+02
 1.93063868e+02
 1.93068008e+02
 1.93051578e+02
 1.93056853e+02
 1.93068872e+02
 1.93070602e+02
 1.93056028e+02
 1.93065672e+02
 1.93075155e+02
 1.93065894e+02
 1.93059620e+02
 1.93056710e+02
 1.93055534e+02
 1.93074821e+02
 1.93066089e+02
 1.93065688e+02
 1.93075339e+02
 1.93062753e+02
 1.93065196e+02
 1.93055637e+02
 1.93056178e+02
 1.93062454e+02
 1.93067202e+02
 1.93066805e+02
 1.93068235e+02
 1.93062957e+02
 1.93050911e+02
 1.93063565e+02
 1.93057825e+02
 1.93055242e+02
 1.93073196e+02
 1.93065881e+02
 1.93057228e+02
 1.93081836e+02
 1.93075382e+02
 1.93047696e+02
 1.93055081e+02
 1.93069015e+02
 1.93063870e+02
 1.93061040e+02
 1.93065486e+02
 1.93060132e+02
 1.93070847e+02
 1.93056992e+02
 1.93051194e+02
 1.93064667e+02
 1.93067079e+02
 1.93067793e+02
 1.93065481e+02
 1.93066594e+02
 1.93057814e+02
 1.93057331e+02
 1.93068490e+02
 1.93076398e+02
 1.93056380e+02
 1.93056611e+02
 1.93066083e+02
 1.93059640e+02
 1.93046561e+02
 1.93058496e+02
 1.93080220e+02
 1.93059961e+02
 1.93061765e+02
 1.93074592e+02
 1.93055538e+02
 1.93052190e+02
 1.93066451e+02
 1.93068753e+02
 1.93066666e+02
 1.93065068e+02
 1.93053274e+02
 1.93041400e+02
 1.93074807e+02
 1.93081376e+02
 1.93059768e+02
 1.93066361e+02
 1.93055884e+02
 1.93059786e+02
 1.93082845e+02
 1.93074655e+02
 1.93056703e+02
 1.93055626e+02
 1.93064869e+02
 1.93060657e+02
 1.93045230e+02
 1.93074201e+02
 1.93074673e+02
 1.93051459e+02
 1.93068257e+02
 1.93074096e+02
 1.93067999e+02
 1.93055112e+02
 1.93059755e+02
 1.93063163e+02
 1.93044546e+02
 1.93049857e+02
 1.93073118e+02
 1.93072776e+02
 1.93059694e+02
 1.93061485e+02
 1.93064059e+02
 1.93058422e+02
 1.93052150e+02
 1.93060818e+02
 1.93080884e+02
 1.93070207e+02
 1.93046565e+02
 1.93060320e+02
 1.93076867e+02
 1.93065544e+02
 1.93059607e+02
 1.93064256e+02
 1.93058823e+02
 1.93062775e+02
 1.93063170e+02
 1.93049628e+02
 1.93069045e+02
 1.93071033e+02
 1.93052078e+02
 1.93060044e+02
 1.93066691e+02
 1.93062389e+02
 1.93052455e+02
 1.93064922e+02
 1.93062979e+02
 1.93056387e+02
 1.93074044e+02
 1.93069220e+02
 1.93060244e+02
 1.93053256e+02
 1.93072112e+02
 1.93080505e+02
 1.93062382e+02
 1.93058749e+02
 1.93050178e+02
 1.93060549e+02
 1.93072328e+02
 1.93066691e+02
 1.93052348e+02
 1.93059290e+02
 1.93053027e+02
 1.93044790e+02
 1.93071578e+02
 1.93063560e+02
 1.93064038e+02
 1.93077601e+02
 1.93069949e+02
 1.93074556e+02
 1.93043190e+02
 1.93025635e+02
 1.93069882e+02
 1.93097392e+02
 1.93064817e+02
 1.93035963e+02
 1.93070321e+02
 1.93077264e+02
 1.93047568e+02
 1.93052637e+02
 1.93060345e+02
 1.93070757e+02
 1.93078627e+02
 1.93060594e+02
 1.93062604e+02
 1.93059169e+02
 1.93041030e+02
 1.93061303e+02
 1.93077325e+02
 1.93057888e+02
 1.93058094e+02
 1.93066666e+02
 1.93072254e+02
 1.93066976e+02
 1.93061851e+02
 1.93054006e+02
 1.93047418e+02
 1.93060013e+02
 1.93067009e+02
 1.93082913e+02
 1.93065641e+02
 1.93042778e+02
 1.93063652e+02
 1.93067113e+02
 1.93076443e+02
 1.93071226e+02
 1.93049956e+02
 1.93049695e+02
 1.93060390e+02
 1.93081441e+02
 1.93065255e+02
 1.93046217e+02
 1.93059366e+02
 1.93075038e+02
 1.93063278e+02
 1.93055150e+02
 1.93058256e+02
 1.93066998e+02
 1.93064768e+02
 1.93046877e+02
 1.93066049e+02
 1.93063742e+02
 1.93055359e+02
 1.93066592e+02
 1.93064570e+02
 1.93079390e+02
 1.93060955e+02
 1.93049774e+02
 1.93071129e+02
 1.93064853e+02
 1.93059117e+02
 1.93060419e+02
 1.93064294e+02
 1.93061530e+02
 1.93065492e+02
 1.93069473e+02
 1.93052298e+02
 1.93058231e+02
 1.93063924e+02
 1.93054051e+02
 1.93058278e+02
 1.93065919e+02
 1.93060556e+02
 1.93062012e+02
 1.93073658e+02
 1.93069502e+02
 1.93056330e+02
 1.93054096e+02
 1.93060928e+02
 1.93064734e+02
 1.93073921e+02
 1.93071789e+02
 1.93045410e+02
 1.93062286e+02
 1.93069911e+02
 1.93059557e+02
 1.93069738e+02
 1.93047963e+02
 1.93047492e+02
 1.93069906e+02
 1.93073358e+02
 1.93066446e+02
 1.93071441e+02
 1.93057751e+02
 1.93049226e+02
 1.93061224e+02
 1.93061763e+02
 1.93055256e+02
 1.93060441e+02
 1.93076129e+02
 1.93066065e+02
 1.93066159e+02
 1.93068596e+02
 1.93055998e+02
 1.93054340e+02
 1.93057767e+02
 1.93061954e+02
 1.93070137e+02
 1.93070526e+02
 1.93059351e+02
 1.93049238e+02
 1.93062225e+02
 1.93071800e+02
 1.92702270e+02
 1.92784902e+02
 1.93067745e+02
 1.93059824e+02
 1.93058242e+02
 1.93067299e+02
 1.93069781e+02
 1.93067878e+02
 1.93061687e+02
 1.93059865e+02
 1.93064860e+02
 1.93061211e+02
 1.93057533e+02
 1.93067362e+02
 1.93144544e+02
 1.93165198e+02
 1.93114405e+02
 1.93090511e+02
 1.93058007e+02
 1.93064541e+02
 1.93065351e+02
 1.93053799e+02
 1.93055469e+02
 1.93073602e+02
 1.93070921e+02
 1.93048798e+02
 1.93058350e+02
 1.93069646e+02
 1.93065398e+02
 1.93061397e+02
 1.93060203e+02
 1.93061341e+02
 1.93061278e+02
 1.93063928e+02
 1.92448885e+02
 1.93121602e+02
 1.93871479e+02
 1.93083171e+02
 1.93065093e+02
 1.93058994e+02
 1.93057715e+02
 1.93060477e+02
 1.93062658e+02
 1.93066047e+02
 1.93067104e+02
 1.93059584e+02
 1.93054531e+02
 1.93060338e+02
 1.93068517e+02
 1.93068293e+02
 1.93057912e+02
 1.93060177e+02
 1.93067959e+02
 1.93056010e+02
 1.93062746e+02
 1.93068910e+02
 1.93058819e+02
 1.93060509e+02
 1.93070182e+02
 1.93066112e+02
 1.93063385e+02
 1.93064348e+02
 1.93054174e+02
 1.93061790e+02
 1.93065459e+02
 1.93059001e+02
 1.93063863e+02
 1.93068731e+02
 1.93053907e+02
 1.93053894e+02
 1.93070974e+02
 1.93070059e+02
 1.93059012e+02
 1.93054051e+02
 1.93071452e+02
 1.93063940e+02
 1.93045573e+02
 1.93063700e+02
 1.93074237e+02
 1.93068526e+02
 1.93065050e+02
 1.93056898e+02
 1.93055671e+02
 1.93067631e+02
 1.93068591e+02
 1.93063859e+02
 1.93055188e+02
 1.93055161e+02
 1.93064402e+02
 1.93071619e+02
 1.93062757e+02
 1.93048847e+02
 1.93066188e+02
 1.93074574e+02
 1.93059387e+02
 1.93059712e+02
 1.93071926e+02
 1.93072056e+02
 1.93061568e+02
 1.93057163e+02
 1.93061500e+02
 1.93062916e+02
 1.93066370e+02
 1.93062600e+02
 1.93058444e+02
 1.93063073e+02
 1.93064483e+02
 1.93063700e+02
 1.93061743e+02
 1.93070209e+02
 1.93064880e+02
 1.93052882e+02
 1.93066280e+02
 1.93063700e+02
 1.93061743e+02
 1.93064169e+02
 1.93066911e+02
 1.93076861e+02
 1.93060697e+02
 1.93050723e+02
 1.93063231e+02
 1.93066677e+02
 1.93058061e+02
 1.93062919e+02
 1.93065575e+02
 1.93067539e+02
 1.93069599e+02
 1.93060159e+02
 1.93064409e+02
 1.93061655e+02
 1.93057271e+02
 1.93066285e+02
 1.93065190e+02
 1.93060015e+02
 1.93062290e+02
 1.93061824e+02
 1.93063073e+02
 1.93068082e+02
 1.93057755e+02
 1.93057623e+02
 1.93073214e+02
 1.93067777e+02
 1.93059310e+02
 1.93053481e+02
 1.93048010e+02
 1.93062620e+02
 1.93075808e+02
 1.93064938e+02
 1.93063078e+02
 1.93060365e+02
 1.93052751e+02
 1.93072090e+02
 1.93064393e+02
 1.93059528e+02
 1.93068717e+02
 1.93073328e+02
 1.93067602e+02
 1.93043980e+02
 1.93064312e+02
 1.93068564e+02
 1.93049296e+02
 1.93061092e+02
 1.93069213e+02
 1.93059784e+02
 1.93050810e+02
 1.93060432e+02
 1.93066421e+02
 1.93056654e+02
 1.93074836e+02
 1.93075011e+02
 1.93056649e+02
 1.93065759e+02
 1.93068603e+02
 1.93057562e+02
 1.93056447e+02
 1.93067808e+02
 1.93065221e+02
 1.93069747e+02
 1.93067155e+02
 1.93055404e+02
 1.93056746e+02
 1.93072482e+02
 1.93064002e+02
 1.93048439e+02
 1.93068176e+02
 1.93070485e+02
 1.93062012e+02
 1.93057820e+02
 1.93055419e+02
 1.93066798e+02
 1.93076652e+02
 1.93066608e+02
 1.93056191e+02
 1.93063771e+02
 1.93067059e+02
 1.93069375e+02
 1.93065697e+02
 1.93055552e+02
 1.93056665e+02
 1.93073869e+02
 1.93067849e+02
 1.93055168e+02
 1.93071066e+02
 1.93066702e+02
 1.93069422e+02
 1.93061218e+02
 1.93055054e+02
 1.93065234e+02
 1.93063311e+02
 1.93073360e+02
 1.93062690e+02
 1.93051039e+02
 1.93056339e+02
 1.93075902e+02
 1.93075007e+02
 1.93052078e+02
 1.93063157e+02
 1.93067945e+02
 1.93064238e+02
 1.93057825e+02
 1.93058770e+02
 1.93077444e+02
 1.93060363e+02
 1.93051129e+02
 1.93066462e+02
 1.93066469e+02
 1.93067247e+02
 1.93061379e+02
 1.93069188e+02
 1.93074047e+02
 1.93054899e+02
 1.93054798e+02
 1.93069029e+02
 1.93071466e+02
 1.93053066e+02
 1.93048165e+02
 1.93063695e+02
 1.93078380e+02
 1.93062306e+02
 1.93054995e+02
 1.93070698e+02
 1.93072135e+02
 1.93072972e+02
 1.93060183e+02
 1.93057394e+02
 1.93060518e+02
 1.93066724e+02
 1.93074540e+02
 1.93063542e+02
 1.93057681e+02
 1.93054214e+02
 1.93056820e+02
 1.93073057e+02
 1.93069767e+02
 1.93066902e+02
 1.93060964e+02
 1.93057856e+02
 1.93061290e+02
 1.93060441e+02
 1.93068351e+02
 1.93067122e+02
 1.93061207e+02
 1.93067048e+02
 1.93067840e+02
 1.93064483e+02
 1.93067306e+02
 1.93061424e+02
 1.93062524e+02
 1.93072424e+02
 1.93058900e+02
 1.93060089e+02
 1.93069830e+02
 1.93052561e+02
 1.93065890e+02
 1.93069664e+02
 1.93058911e+02
 1.93073454e+02
 1.93067496e+02
 1.93054547e+02
 1.93064961e+02
 1.93073185e+02
 1.93073174e+02
 1.93065302e+02
 1.93055016e+02
 1.93062115e+02
 1.93069832e+02
 1.93071704e+02
 1.93057300e+02
 1.93061070e+02
 1.93069940e+02
 1.93063385e+02
 1.93063946e+02
 1.93064427e+02
 1.93068847e+02
 1.93074455e+02
 1.93067283e+02
 1.93057376e+02
 1.93059663e+02
 1.93061608e+02
 1.93062901e+02
 1.93060966e+02
 1.93054558e+02
 1.93056124e+02
 1.93071764e+02
 1.93074233e+02
 1.93069123e+02
 1.93065571e+02
 1.93062735e+02
 1.93056429e+02
 1.93069689e+02
 1.93077060e+02
 1.93072738e+02
 1.93059930e+02
 1.93062562e+02
 1.93060349e+02
 1.93053997e+02
 1.93069253e+02
 1.93067555e+02
 1.93067238e+02
 1.93064945e+02
 1.93063464e+02
 1.93069067e+02
 1.93068259e+02
 1.93057432e+02
 1.93061240e+02
 1.93070728e+02
 1.93062968e+02
 1.93064375e+02
 1.93061810e+02
 1.93057524e+02
 1.93063464e+02
 1.93067092e+02
 1.93068425e+02
 1.93061810e+02
 1.93066197e+02
 1.93053140e+02
 1.93059766e+02
 1.93064451e+02
 1.93048104e+02
 1.93054876e+02
 1.93071728e+02
 1.93076196e+02
 1.93069049e+02
 1.93075034e+02
 1.93056182e+02
 1.93063547e+02
 1.93074652e+02
 1.93060058e+02
 1.93052386e+02
 1.93052962e+02
 1.93076111e+02
 1.93068919e+02
 1.93068109e+02
 1.93063547e+02
 1.93063879e+02
 1.93067541e+02
 1.93053005e+02
 1.93061150e+02
 1.93073492e+02
 1.93059811e+02
 1.93057670e+02
 1.93068017e+02
 1.93064875e+02
 1.93069285e+02
 1.93058393e+02
 1.93052383e+02
 1.93063136e+02
 1.93068331e+02
 1.93069675e+02
 1.93065459e+02
 1.93067793e+02
 1.93055817e+02
 1.93056434e+02
 1.93074980e+02
 1.93063964e+02
 1.93055664e+02
 1.93074931e+02
 1.93077125e+02
 1.93055740e+02
 1.93055446e+02
 1.93047561e+02
 1.93061736e+02
 1.93080350e+02
 1.93070808e+02
 1.93055372e+02
 1.93054340e+02
 1.93057935e+02
 1.93058696e+02
 1.93058467e+02
 1.93069859e+02
 1.93061987e+02
 1.93044384e+02
 1.93061442e+02
 1.93068246e+02
 1.93068912e+02
 1.93054046e+02
 1.93060150e+02
 1.93068885e+02
 1.93074857e+02
 1.93066819e+02
 1.93051154e+02
 1.93055693e+02
 1.93071156e+02
 1.93072424e+02
 1.93058489e+02
 1.93067622e+02
 1.93055487e+02
 1.93056741e+02
 1.93063787e+02
 1.93063951e+02
 1.93068405e+02
 1.93051910e+02
 1.93053602e+02
 1.93062506e+02
 1.93060753e+02
 1.93063783e+02
 1.93054565e+02
 1.93062672e+02
 1.93074273e+02
 1.93064503e+02
 1.93063226e+02
 1.93059082e+02
 1.93066094e+02
 1.93074190e+02
 1.93058251e+02
 1.93062104e+02
 1.93074706e+02
 1.93054385e+02
 1.93047775e+02
 1.93069974e+02
 1.93070084e+02
 1.93056050e+02
 1.93055931e+02
 1.93063940e+02
 1.93057228e+02
 1.93055453e+02
 1.93062838e+02
 1.93069662e+02
 1.93071587e+02
 1.93060621e+02
 1.93056930e+02
 1.93061267e+02
 1.93050041e+02
 1.93054715e+02
 1.93056077e+02
 1.93061471e+02
 1.93070535e+02
 1.93063002e+02
 1.93066240e+02
 1.93070429e+02
 1.93065483e+02
 1.93052092e+02
 1.93057239e+02
 1.93064999e+02
 1.93055731e+02
 1.93060643e+02
 1.93064074e+02
 1.93067662e+02
 1.93067983e+02
 1.93062544e+02
 1.93054450e+02
 1.93057235e+02
 1.93063617e+02
 1.93065286e+02
 1.93073293e+02
 1.93059723e+02
 1.93047772e+02
 1.93064822e+02
 1.93071410e+02
 1.93060735e+02
 1.93064449e+02
 1.93067108e+02
 1.93070858e+02
 1.93071973e+02
 1.93056028e+02
 1.93056371e+02
 1.93070176e+02
 1.93056449e+02
 1.93060199e+02
 1.93068710e+02
 1.93052314e+02
 1.93057434e+02
 1.93055143e+02
 1.93063464e+02
 1.93077060e+02
 1.93057890e+02
 1.93047844e+02
 1.93049347e+02
 1.93067220e+02
 1.93071376e+02
 1.93060058e+02
 1.93061173e+02
 1.93073324e+02
 1.93067413e+02
 1.93060706e+02
 1.93063688e+02
 1.93053743e+02
 1.93058740e+02
 1.93061478e+02
 1.93047745e+02
 1.93061866e+02
 1.93059407e+02
 1.93049002e+02
 1.93065757e+02
 1.93064828e+02
 1.93063177e+02
 1.93060527e+02
 1.93044353e+02
 1.93046444e+02
 1.93049009e+02
 1.93027410e+02
 1.93049058e+02
 1.93059577e+02
 1.93043114e+02
 1.93055022e+02
 1.93072619e+02
 1.93071778e+02
 1.93076899e+02
 1.93074854e+02
 1.93050496e+02
 1.93060834e+02
 1.93062939e+02
 1.93061103e+02
 1.93075647e+02
 1.93061085e+02
 1.93052550e+02
 1.93076297e+02
 1.93074964e+02
 1.93047608e+02
 1.93052702e+02
 1.93067718e+02
 1.93091119e+02
 1.93063130e+02
 1.93061521e+02
 1.93086034e+02
 1.93020912e+02
 1.93043222e+02
 1.93073739e+02
 1.93050216e+02
 1.93066051e+02
 1.93076744e+02
 1.93077489e+02
 1.93068773e+02
 1.93070669e+02
 1.93067418e+02
 1.93068713e+02
 1.93075047e+02
 1.93062171e+02
 1.93072951e+02
 1.93084816e+02
 1.93077902e+02
 1.93064310e+02
 1.93074516e+02
 1.93064177e+02
 1.93047970e+02
 1.93066141e+02
 1.93061072e+02
 1.93048849e+02
 1.93061173e+02
 1.93062562e+02
 1.93059450e+02
 1.93079257e+02
 1.93082509e+02
 1.93072592e+02
 1.93062892e+02
 1.93075685e+02
 1.93071796e+02
 1.93074854e+02
 1.93075768e+02
 1.93045968e+02
 1.93055965e+02
 1.93065863e+02
 1.93060922e+02
 1.93066372e+02
 1.93065867e+02
 1.93070995e+02
 1.93078211e+02
 1.93066805e+02
 1.93060495e+02
 1.93058801e+02
 1.93075270e+02
 1.93080577e+02
 1.93081180e+02
 1.93087165e+02
 1.93079365e+02
 1.93074776e+02
 1.93065452e+02
 1.93064420e+02
 1.93077220e+02
 1.93069828e+02
 1.93055897e+02
 1.93067324e+02
 1.93078927e+02
 1.93066724e+02
 1.93053788e+02
 1.93065816e+02
 1.93085716e+02
 1.93068585e+02
 1.93066363e+02
 1.93070113e+02
 1.93052101e+02
 1.93068017e+02
 1.93064958e+02
 1.93063879e+02
 1.93074798e+02
 1.93066312e+02
 1.93065645e+02
 1.93065901e+02
 1.93072913e+02
 1.93067362e+02
 1.93061938e+02
 1.93058727e+02
 1.93058321e+02
 1.93056829e+02
 1.93050864e+02
 1.93070212e+02
 1.93084993e+02
 1.93072386e+02
 1.93058530e+02
 1.93076605e+02
 1.93089923e+02
 1.93054333e+02
 1.93048540e+02
 1.93081427e+02
 1.93072965e+02
 1.93062941e+02
 1.93062153e+02
 1.93055801e+02
 1.93079448e+02
 1.93091200e+02
 1.93066866e+02
 1.93058902e+02
 1.93072337e+02
 1.93078456e+02
 1.93053245e+02
 1.93055731e+02
 1.93080148e+02
 1.93085379e+02
 1.93061076e+02
 1.93058148e+02
 1.93068688e+02
 1.93040049e+02
 1.93060935e+02
 1.93058058e+02
 1.93036356e+02
 1.93079192e+02
 1.93092313e+02
 1.93066015e+02
 1.93068028e+02
 1.93074105e+02
 1.93062084e+02
 1.93081869e+02
 1.93081710e+02
 1.93055393e+02
 1.93081827e+02
 1.93072678e+02
 1.93041238e+02
 1.93055500e+02
 1.93073497e+02
 1.93076309e+02
 1.93065932e+02
 1.93067077e+02
 1.93064130e+02
 1.93078770e+02
 1.93066062e+02
 1.93041853e+02
 1.93046080e+02
 1.93062055e+02
 1.93069390e+02
 1.93044077e+02
 1.93049469e+02
 1.93074206e+02
 1.93069235e+02
 1.93062438e+02
 1.93056398e+02
 1.93053846e+02
 1.93071414e+02
 1.93072572e+02
 1.93070003e+02
 1.93051901e+02
 1.93044532e+02
 1.93066498e+02
 1.93080574e+02
 1.93064301e+02
 1.93057892e+02
 1.93090864e+02
 1.93086835e+02
 1.93052213e+02
 1.93038292e+02
 1.93048012e+02
 1.93057917e+02
 1.93062634e+02
 1.93067252e+02
 1.93066890e+02
 1.93067178e+02
 1.93058547e+02
 1.93018731e+02
 1.93023582e+02
 1.93071993e+02
 1.93073995e+02
 1.93061956e+02
 1.93058063e+02
 1.93048250e+02
 1.93060843e+02
 1.93088301e+02
 1.93080969e+02
 1.93081169e+02
 1.93063011e+02
 1.93037886e+02
 1.93066415e+02
 1.93065434e+02
 1.93083216e+02
 1.93092322e+02
 1.93049475e+02
 1.93057246e+02
 1.93089140e+02
 1.93093812e+02
 1.93066305e+02
 1.93064317e+02
 1.93084645e+02
 1.93066733e+02
 1.93068282e+02
 1.93081806e+02
 1.93078562e+02
 1.93083979e+02
 1.93080399e+02
 1.93068508e+02
 1.93055404e+02
 1.93040105e+02
 1.93055157e+02
 1.93049027e+02
 1.93039199e+02
 1.93075846e+02
 1.93073593e+02
 1.93049846e+02
 1.93056600e+02
 1.93074888e+02
 1.93096635e+02
 1.93087827e+02
 1.93047350e+02
 1.93048098e+02
 1.93067319e+02
 1.93061783e+02
 1.93057547e+02
 1.93064646e+02
 1.93064745e+02
 1.93062479e+02
 1.93065831e+02
 1.93051174e+02
 1.93067584e+02
 1.93079452e+02
 1.93054466e+02
 1.93070185e+02
 1.93072999e+02
 1.93061873e+02
 1.93059788e+02
 1.93070728e+02
 1.93076780e+02
 1.93049850e+02
 1.93020656e+02
 1.93059681e+02
 1.93065113e+02
 1.93045804e+02
 1.93080058e+02
 1.93085626e+02
 1.93084730e+02
 1.93070447e+02
 1.93056681e+02
 1.93070447e+02
 1.93075606e+02
 1.93063363e+02
 1.93045537e+02
 1.93061076e+02
 1.93079055e+02
 1.93069197e+02
 1.93061350e+02
 1.93070120e+02
 1.93071971e+02
 1.93044786e+02
 1.93044198e+02
 1.93077321e+02
 1.93080061e+02
 1.93066094e+02
 1.93060026e+02
 1.93057917e+02
 1.93075896e+02
 1.93085725e+02
 1.93081546e+02
 1.93059936e+02
 1.93054470e+02
 1.93066354e+02
 1.93056867e+02
 1.93066244e+02
 1.93085451e+02
 1.93060856e+02
 1.93046767e+02
 1.93060782e+02
 1.93065423e+02
 1.93059445e+02
 1.93056070e+02
 1.93064388e+02
 1.93081194e+02
 1.93059739e+02
 1.93058096e+02
 1.93068728e+02
 1.93060058e+02
 1.93068735e+02
 1.93056443e+02
 1.93071937e+02
 1.93082419e+02
 1.93059387e+02
 1.93063569e+02
 1.93057625e+02
 1.93070037e+02
 1.93075631e+02
 1.93059575e+02
 1.93073153e+02
 1.93065894e+02
 1.93060506e+02
 1.93052101e+02
 1.93069137e+02
 1.93084531e+02
 1.93070292e+02
 1.93065389e+02
 1.93054179e+02
 1.93055074e+02
 1.93060289e+02
 1.93060928e+02
 1.93056088e+02
 1.93049951e+02
 1.93051921e+02
 1.93066058e+02
 1.93068039e+02
 1.93064714e+02
 1.93035057e+02
 1.93055390e+02
 1.93079448e+02
 1.93036100e+02
 1.93063161e+02
 1.93061846e+02
 1.93060129e+02
 1.93074711e+02
 1.93046574e+02
 1.93045645e+02
 1.93048001e+02
 1.93053627e+02
 1.93055442e+02
 1.93061806e+02
 1.93073048e+02
 1.93070344e+02
 1.93062874e+02
 1.93075718e+02
 1.93073912e+02
 1.93055799e+02
 1.93059892e+02
 1.93051318e+02
 1.93058846e+02
 1.93068968e+02
 1.93069285e+02
 1.93070198e+02
 1.93080516e+02
 1.93073315e+02
 1.93063163e+02
 1.93063062e+02
 1.93075296e+02
 1.93081726e+02
 1.93056097e+02
 1.93055112e+02
 1.93064685e+02
 1.93063262e+02
 1.93039636e+02
 1.93049287e+02
 1.93058007e+02
 1.93069321e+02
 1.93069343e+02
 1.93045302e+02
 1.93052152e+02
 1.93056420e+02
 1.93060832e+02
 1.93061224e+02
 1.93065901e+02
 1.93074713e+02
 1.93074592e+02
 1.93069206e+02
 1.93067534e+02
 1.93075034e+02
 1.93068778e+02
 1.93055552e+02
 1.93055489e+02
 1.93059889e+02
 1.93056236e+02
 1.93029048e+02
 1.93040024e+02
 1.93053386e+02
 1.93055711e+02
 1.93042380e+02
 1.93047626e+02
 1.93071134e+02
 1.93070983e+02
 1.93074951e+02
 1.93067030e+02
 1.93082078e+02
 1.93074430e+02
 1.93053070e+02
 1.93058150e+02
 1.93058168e+02
 1.93066680e+02
 1.93055253e+02
 1.93048472e+02
 1.93059739e+02
 1.93058170e+02
 1.93075193e+02
 1.93069455e+02
 1.93058689e+02
 1.93059544e+02
 1.93064025e+02
 1.93063839e+02
 1.93056295e+02
 1.93069049e+02
 1.93071127e+02
 1.93070977e+02
 1.93075938e+02
 1.93064034e+02
 1.93077857e+02
 1.93069220e+02
 1.93057710e+02
 1.93086411e+02
 1.93088215e+02
 1.93063958e+02
 1.93062086e+02
 1.93069386e+02
 1.93088265e+02
 1.93088126e+02
 1.93055442e+02
 1.93054268e+02
 1.93053117e+02
 1.93060062e+02
 1.93052606e+02
 1.93035400e+02
 1.93048205e+02
 1.93051226e+02
 1.93082394e+02
 1.93074675e+02
 1.93058289e+02
 1.93061613e+02
 1.93045163e+02
 1.93053862e+02
 1.93052018e+02
 1.93047292e+02
 1.93061772e+02
 1.93065158e+02
 1.93058954e+02
 1.93066471e+02
 1.93074599e+02
 1.93060628e+02
 1.93058464e+02
 1.93080323e+02
 1.93065751e+02
 1.93059941e+02
 1.93063179e+02
 1.93060993e+02
 1.93069269e+02
 1.93064514e+02
 1.93050640e+02
 1.93050086e+02
 1.93039995e+02
 1.93046729e+02
 1.93069514e+02
 1.93065026e+02
 1.93052747e+02
 1.93063100e+02
 1.93057726e+02
 1.93053043e+02
 1.93071071e+02
 1.93048470e+02
 1.93048347e+02
 1.93078674e+02
 1.93070584e+02
 1.93065273e+02
 1.93053281e+02
 1.93061220e+02
 1.93069487e+02
 1.93065358e+02
 1.93077502e+02
 1.93072772e+02
 1.93066947e+02
 1.93071096e+02
 1.93069283e+02
 1.93068190e+02
 1.93058462e+02
 1.93049377e+02
 1.93056696e+02
 1.93053095e+02
 1.93065369e+02
 1.93053963e+02
 1.93048024e+02
 1.93064537e+02
 1.93068210e+02
 1.93081957e+02
 1.93073113e+02
 1.93066848e+02
 1.93086140e+02
 1.93082893e+02
 1.93079425e+02
 1.93075373e+02
 1.93077101e+02
 1.93090004e+02
 1.93069749e+02
 1.93057966e+02
 1.93060821e+02
 1.93053218e+02
 1.93054733e+02
 1.93062981e+02
 1.93061047e+02
 1.93060376e+02
 1.93066359e+02
 1.93051820e+02
 1.93059156e+02
 1.93077199e+02
 1.93061343e+02
 1.93040796e+02
 1.93044205e+02
 1.93056815e+02
 1.93051546e+02
 1.93070063e+02
 1.93077312e+02
 1.93066756e+02
 1.93071109e+02
 1.93072193e+02
 1.93063751e+02
 1.93066320e+02
 1.93073791e+02
 1.93072215e+02
 1.93062598e+02
 1.93056636e+02
 1.93069426e+02
 1.93070028e+02
 1.93065207e+02
 1.93070160e+02
 1.93078898e+02
 1.93056512e+02
 1.93056153e+02
 1.93081955e+02
 1.93074024e+02
 1.93069119e+02
 1.93073528e+02
 1.93067568e+02
 1.93077146e+02
 1.93067104e+02
 1.93061846e+02
 1.93060031e+02
 1.93054908e+02
 1.93085700e+02
 1.93072747e+02
 1.93060706e+02
 1.93058366e+02
 1.93051089e+02
 1.93078492e+02
 1.93077390e+02
 1.93041707e+02
 1.93047000e+02
 1.93067994e+02
 1.93062759e+02
 1.93050517e+02
 1.93038261e+02
 1.93057861e+02
 1.93057684e+02
 1.93045856e+02
 1.93073463e+02
 1.93084039e+02
 1.93079212e+02
 1.93068048e+02
 1.93064563e+02
 1.93076093e+02
 1.93084421e+02
 1.93072144e+02
 1.93054683e+02
 1.93066217e+02
 1.93050559e+02
 1.93045840e+02
 1.93059362e+02
 1.93084385e+02
 1.93068228e+02
 1.93033095e+02
 1.93046904e+02
 1.93044041e+02
 1.93053061e+02
 1.93057176e+02
 1.93062210e+02
 1.93061054e+02
 1.93051564e+02
 1.93077487e+02
 1.93070229e+02
 1.93051692e+02
 1.93038467e+02
 1.93038012e+02
 1.93070375e+02
 1.93064682e+02
 1.93057482e+02
 1.93068230e+02
 1.93063091e+02
 1.93065524e+02
 1.93061592e+02
 1.93057580e+02
 1.93091209e+02
 1.93093339e+02
 1.93071408e+02
 1.93079859e+02
 1.93075276e+02
 1.93069599e+02
 1.93087228e+02
 1.93086344e+02
 1.93058478e+02
 1.93061839e+02
 1.93047299e+02
 1.93050842e+02
 1.93064263e+02
 1.93052022e+02
 1.93061483e+02
 1.93063266e+02
 1.93064157e+02
 1.93048865e+02
 1.93072723e+02
 1.93071980e+02
 1.93065751e+02
 1.93079746e+02
 1.93058254e+02
 1.93059667e+02
 1.93049347e+02
 1.93035974e+02
 1.93052597e+02
 1.93060758e+02
 1.93052397e+02
 1.93041934e+02
 1.93042405e+02
 1.93063372e+02
 1.93065053e+02
 1.93062717e+02
 1.93044792e+02
 1.93045376e+02
 1.93061732e+02
 1.93046146e+02
 1.93062293e+02
 1.93068338e+02
 1.93065454e+02
 1.93067180e+02
 1.93070831e+02
 1.93077935e+02
 1.93043899e+02
 1.93071298e+02
 1.93094454e+02
 1.93071495e+02
 1.93081728e+02
 1.93067826e+02
 1.93073082e+02
 1.93089167e+02
 1.93106223e+02
 1.93069848e+02
 1.93044288e+02
 1.93077155e+02
 1.93075561e+02
 1.93065975e+02
 1.93072330e+02
 1.93076037e+02
 1.93063363e+02
 1.93078182e+02
 1.93080070e+02
 1.93063569e+02
 1.93058705e+02
 1.93053570e+02
 1.93057823e+02
 1.93048169e+02
 1.93044088e+02
 1.93040047e+02
 1.93039495e+02
 1.93048030e+02
 1.93067335e+02
 1.93059595e+02
 1.93061534e+02
 1.93067330e+02
 1.93042322e+02
 1.93034978e+02
 1.93067786e+02
 1.93058487e+02
 1.93014080e+02
 1.93040374e+02
 1.93056586e+02
 1.93049536e+02
 1.93045380e+02
 1.93072043e+02
 1.93084766e+02
 1.93076874e+02
 1.93067510e+02
 1.93073218e+02
 1.93089225e+02
 1.93084511e+02
 1.93078187e+02
 1.93078703e+02
 1.93063370e+02
 1.93054078e+02
 1.93084017e+02
 1.93067586e+02
 1.93055134e+02
 1.93074677e+02
 1.93081645e+02
 1.93071556e+02
 1.93067671e+02
 1.93060138e+02
 1.93062488e+02
 1.93070025e+02
 1.93056808e+02
 1.93069534e+02
 1.93070541e+02
 1.93057174e+02
 1.93063955e+02
 1.93077262e+02
 1.93078974e+02
 1.93077004e+02
 1.93056732e+02
 1.93058458e+02
 1.93078429e+02
 1.93085294e+02
 1.93077213e+02
 1.93071208e+02
 1.93064292e+02
 1.93070934e+02
 1.93095258e+02
 1.93066538e+02
 1.93037565e+02
 1.93049206e+02
 1.93063464e+02
 1.93068342e+02
 1.93040749e+02
 1.93032059e+02
 1.93067196e+02
 1.93073486e+02
 1.93060928e+02
 1.93043211e+02
 1.93037623e+02
 1.93035012e+02
 1.93050335e+02
 1.93059239e+02
 1.93054378e+02
